0.10000000149011612
0.10000000149011612
0.10000000149011612
0.19349999725818634
0.1404000073671341
0.22540000081062317
0.23729999363422394
0.2533000111579895
0.27709999680519104
0.30160000920295715
0.3082999885082245
0.3240000009536743
0.34060001373291016
0.3522999882698059
0.36489999294281006
0.38109999895095825
0.38850000500679016
0.39410001039505005
0.4016000032424927
0.4074000120162964
0.4138000011444092
0.4147999882698059
0.4230000078678131
0.4242999851703644
0.42899999022483826
0.4323999881744385
0.43779999017715454
0.44190001487731934
0.4462999999523163
0.44839999079704285
0.450300008058548
0.4546000063419342
0.45840001106262207
0.46219998598098755
0.46480000019073486
0.46779999136924744
0.4706999957561493
0.4724000096321106
0.4758000075817108
0.4796000123023987
0.4823000133037567
0.48649999499320984
0.4875999987125397
0.4909000098705292
0.49470001459121704
0.498199999332428
0.4991999864578247
0.5024999976158142
0.5048999786376953
0.5073000192642212
0.5109999775886536
0.5128999948501587
0.5151000022888184
0.5189999938011169
0.5198000073432922
0.5230000019073486
0.526199996471405
0.5299999713897705
0.5285999774932861
0.5325000286102295
0.5335000157356262
0.5361999869346619
0.5378000140190125
0.5403000116348267
0.5415999889373779
0.5455999970436096
0.5453000068664551
0.5479000210762024
0.5483999848365784
0.5501000285148621
0.5533999800682068
0.554099977016449
0.5564000010490417
0.5554999709129333
0.559499979019165
0.5598999857902527
0.5633999705314636
0.5626000165939331
0.5638999938964844
0.5665000081062317
0.5666000247001648
0.5683000087738037
0.5713000297546387
0.5719000101089478
0.5740000009536743
0.5734000205993652
0.5752999782562256
0.5763999819755554
0.5777999758720398
0.5787000060081482
0.5806000232696533
0.5805000066757202
0.5812000036239624
0.583899974822998
0.5860999822616577
0.5863999724388123
0.5861999988555908
0.5873000025749207
0.5873000025749207
0.5903000235557556
