0.10000000149011612
0.10000000149011612
0.13840000331401825
0.20180000364780426
0.2824000120162964
0.30489999055862427
0.31380000710487366
0.33469998836517334
0.3553999960422516
0.36959999799728394
0.3894999921321869
0.4041999876499176
0.4154999852180481
0.42260000109672546
0.42989999055862427
0.43869999051094055
0.44620001316070557
0.45019999146461487
0.4560999870300293
0.4636000096797943
0.46630001068115234
0.47110000252723694
0.4740000069141388
0.47600001096725464
0.477400004863739
0.48010000586509705
0.4830999970436096
0.48489999771118164
0.48660001158714294
0.4894999861717224
0.49079999327659607
0.49309998750686646
0.4943000078201294
0.49709999561309814
0.5013999938964844
0.5006999969482422
0.5012000203132629
0.5049999952316284
0.5044999718666077
0.5063999891281128
0.5098999738693237
0.5116999745368958
0.512499988079071
0.5127999782562256
0.5138000249862671
0.5175999999046326
0.5178999900817871
0.5189999938011169
0.5206999778747559
0.5232999920845032
0.5260000228881836
0.527999997138977
0.5288000106811523
0.5315999984741211
0.5304999947547913
0.5333999991416931
0.5368000268936157
0.5385000109672546
0.5407000184059143
0.5432999730110168
0.5440999865531921
0.5455999970436096
0.5486000180244446
0.5508000254631042
0.5521000027656555
0.5541999936103821
0.5529999732971191
0.555899977684021
0.557200014591217
0.558899998664856
0.5611000061035156
0.5631999969482422
0.5655999779701233
0.5659999847412109
0.5683000087738037
0.5687999725341797
0.5723999738693237
0.5751000046730042
0.574999988079071
0.5774999856948853
0.5781999826431274
0.5799999833106995
0.5842999815940857
0.5866000056266785
0.5875999927520752
0.5889999866485596
0.5914000272750854
0.5940999984741211
0.5953999757766724
0.597000002861023
0.6000000238418579
0.5996999740600586
0.6022999882698059
0.6044999957084656
0.6037999987602234
0.605400025844574
0.6074000000953674
0.6103000044822693
0.6105999946594238
0.6140000224113464
