9.222305682762405
9.413123433281502
8.8824631518159
8.8824631518159
8.8824631518159
8.848635763983337
8.8824631518159
8.8824631518159
8.740597547971051
8.808982049337617
8.808982049337617
8.8824631518159
8.808982049337617
8.755034746020554
8.808982049337617
8.995893911909135
8.471045690410172
8.471045690410172
8.471045690410172
8.808982049337617
8.755034746020554
8.471045690410172
8.808982049337617
8.471045690410172
8.740597547971051
8.471045690410172
8.808982049337617
8.808982049337617
8.471045690410172
8.471045690410172
8.471045690410172
8.471045690410172
8.755034746020554
8.740597547971051
8.471045690410172
8.471045690410172
8.471045690410172
8.471045690410172
8.471045690410172
8.471045690410172
8.740597547971051
8.740597547971051
8.471045690410172
8.755034746020554
8.471045690410172
8.755034746020554
8.471045690410172
8.808982049337617
8.471045690410172
8.740597547971051
8.740597547971051
8.740597547971051
8.471045690410172
8.740597547971051
8.471045690410172
8.471045690410172
8.471045690410172
8.471045690410172
8.740597547971051
8.471045690410172
8.471045690410172
8.471045690410172
8.471045690410172
8.471045690410172
8.471045690410172
8.471045690410172
8.848635763983337
8.471045690410172
8.471045690410172
8.471045690410172
8.808982049337617
8.471045690410172
8.471045690410172
8.471045690410172
8.471045690410172
8.471045690410172
8.471045690410172
8.471045690410172
8.471045690410172
8.471045690410172
8.471045690410172
8.740597547971051
8.471045690410172
8.471045690410172
8.471045690410172
8.471045690410172
8.471045690410172
8.471045690410172
8.471045690410172
8.471045690410172
8.471045690410172
8.471045690410172
8.755034746020554
8.471045690410172
8.471045690410172
8.471045690410172
8.471045690410172
8.471045690410172
8.471045690410172
8.471045690410172
