44.02166874871951
46.56633689183514
46.56633689183514
44.66668287480042
44.3400629297444
44.02166874871951
44.02166874871951
44.02166874871951
44.3400629297444
44.02166874871951
44.02166874871951
44.3400629297444
41.88379045259474
41.88379045259474
41.88379045259474
41.88379045259474
41.88379045259474
41.88379045259474
44.02166874871951
44.3400629297444
41.88379045259474
41.88379045259474
41.88379045259474
41.88379045259474
41.88379045259474
41.88379045259474
41.88379045259474
41.88379045259474
41.88379045259474
41.88379045259474
41.88379045259474
41.88379045259474
41.88379045259474
41.88379045259474
41.88379045259474
41.88379045259474
41.88379045259474
41.88379045259474
41.88379045259474
41.88379045259474
41.88379045259474
41.88379045259474
41.88379045259474
41.88379045259474
41.88379045259474
44.02166874871951
41.88379045259474
41.88379045259474
41.88379045259474
41.88379045259474
41.88379045259474
41.88379045259474
41.88379045259474
41.88379045259474
41.88379045259474
41.88379045259474
41.88379045259474
41.88379045259474
41.88379045259474
41.88379045259474
41.88379045259474
41.88379045259474
41.88379045259474
41.88379045259474
41.88379045259474
41.88379045259474
41.88379045259474
41.88379045259474
41.88379045259474
41.88379045259474
41.88379045259474
41.88379045259474
41.88379045259474
41.88379045259474
44.02166874871951
41.88379045259474
41.88379045259474
41.88379045259474
41.88379045259474
41.88379045259474
41.88379045259474
41.88379045259474
41.88379045259474
41.88379045259474
44.02166874871951
41.88379045259474
41.88379045259474
44.3400629297444
41.88379045259474
41.88379045259474
41.88379045259474
41.88379045259474
41.88379045259474
41.88379045259474
41.88379045259474
41.88379045259474
41.88379045259474
44.02166874871951
44.02166874871951
44.3400629297444
