62.22340289071042
60.69985104406964
62.22340289071042
56.864688123002885
49.23844058455174
49.95612781430847
45.292674655067756
45.4422141562747
44.66668287480042
49.95612781430847
45.292674655067756
48.527357464099936
44.66668287480042
45.292674655067756
45.292674655067756
45.4422141562747
44.3400629297444
46.56633689183514
45.4422141562747
44.66668287480042
44.02166874871951
45.4422141562747
41.88379045259474
46.56633689183514
44.3400629297444
44.66668287480042
48.527357464099936
44.66668287480042
45.292674655067756
45.4422141562747
49.23844058455174
41.88379045259474
46.56633689183514
45.4422141562747
46.56633689183514
44.66668287480042
48.38157339860414
44.3400629297444
41.88379045259474
44.02166874871951
45.4422141562747
44.02166874871951
41.88379045259474
44.02166874871951
45.4422141562747
44.02166874871951
44.02166874871951
44.02166874871951
44.3400629297444
46.56633689183514
44.3400629297444
44.66668287480042
44.02166874871951
41.88379045259474
46.56633689183514
44.66668287480042
41.88379045259474
41.88379045259474
44.02166874871951
44.3400629297444
44.02166874871951
44.3400629297444
41.88379045259474
41.88379045259474
41.88379045259474
46.56633689183514
44.02166874871951
41.88379045259474
41.88379045259474
44.3400629297444
44.02166874871951
44.3400629297444
41.88379045259474
46.56633689183514
41.88379045259474
41.88379045259474
41.88379045259474
44.3400629297444
44.3400629297444
44.66668287480042
45.292674655067756
41.88379045259474
44.3400629297444
44.02166874871951
41.88379045259474
44.02166874871951
44.02166874871951
41.88379045259474
44.3400629297444
44.3400629297444
41.88379045259474
41.88379045259474
41.88379045259474
45.4422141562747
44.3400629297444
45.292674655067756
44.3400629297444
41.88379045259474
44.3400629297444
44.3400629297444
