10.655179482579172
11.943745291750593
8.995893911909135
10.655179482579172
11.943745291750593
10.655179482579172
8.995893911909135
8.995893911909135
8.995893911909135
8.995893911909135
9.250935434271646
8.8824631518159
8.755034746020554
9.476276075940255
8.8824631518159
8.8824631518159
8.8824631518159
8.8824631518159
8.755034746020554
8.8824631518159
9.222305682762405
8.755034746020554
8.8824631518159
8.755034746020554
8.8824631518159
8.8824631518159
8.740597547971051
8.755034746020554
8.740597547971051
8.471045690410172
8.8824631518159
8.755034746020554
8.8824631518159
8.995893911909135
8.808982049337617
8.755034746020554
8.755034746020554
8.755034746020554
8.740597547971051
8.8824631518159
8.808982049337617
8.740597547971051
8.848635763983337
8.471045690410172
8.755034746020554
8.8824631518159
8.471045690410172
8.8824631518159
8.740597547971051
8.848635763983337
8.995893911909135
8.471045690410172
8.808982049337617
8.8824631518159
8.808982049337617
8.740597547971051
8.995893911909135
8.848635763983337
8.808982049337617
8.995893911909135
8.848635763983337
8.8824631518159
8.808982049337617
8.740597547971051
8.740597547971051
8.740597547971051
8.808982049337617
8.808982049337617
8.471045690410172
8.755034746020554
8.995893911909135
8.8824631518159
8.740597547971051
8.808982049337617
8.471045690410172
8.808982049337617
8.471045690410172
8.808982049337617
8.471045690410172
8.471045690410172
8.755034746020554
8.740597547971051
8.471045690410172
8.995893911909135
8.471045690410172
8.755034746020554
8.755034746020554
8.808982049337617
8.8824631518159
8.471045690410172
8.471045690410172
8.808982049337617
8.808982049337617
8.755034746020554
8.8824631518159
8.755034746020554
8.808982049337617
8.808982049337617
8.808982049337617
8.471045690410172
