0.10000000149011612
0.10570000112056732
0.10000000149011612
0.29170000553131104
0.3138999938964844
0.357699990272522
0.39989998936653137
0.42149999737739563
0.4374000132083893
0.45350000262260437
0.4666999876499176
0.48489999771118164
0.4950999915599823
0.5072000026702881
0.5188999772071838
0.5342000126838684
0.5388000011444092
0.5479999780654907
0.5576000213623047
0.5619000196456909
0.5684000253677368
0.5737000107765198
0.5730999708175659
0.5773000121116638
0.5835999846458435
0.5820000171661377
0.5859000086784363
0.5863000154495239
0.5889999866485596
0.5867999792098999
0.5903000235557556
0.5902000069618225
0.5946000218391418
0.5924999713897705
0.5928999781608582
0.5954999923706055
0.5965999960899353
0.593999981880188
0.5952000021934509
0.5964999794960022
0.5968000292778015
0.5960000157356262
0.5942999720573425
0.5952000021934509
0.5983999967575073
0.5936999917030334
0.5964999794960022
0.5989999771118164
0.5954999923706055
0.5979999899864197
0.5971999764442444
0.5995000004768372
0.6001999974250793
0.598800003528595
0.5992000102996826
0.5968999862670898
0.595300018787384
0.5983999967575073
0.5982000231742859
0.5982999801635742
0.5983999967575073
0.5999000072479248
0.5982000231742859
0.5996000170707703
0.5981000065803528
0.597100019454956
0.5996999740600586
0.597100019454956
0.5996000170707703
0.599399983882904
0.6011000275611877
0.5983999967575073
0.5995000004768372
0.5978999733924866
0.5978000164031982
0.5985000133514404
0.599399983882904
0.6015999913215637
0.597000002861023
0.6011000275611877
0.5974000096321106
0.5989999771118164
0.6008999943733215
0.5982999801635742
0.5963000059127808
0.5976999998092651
0.5978999733924866
0.6000999808311462
0.6025999784469604
0.6003999710083008
0.5952000021934509
0.5964000225067139
0.5946999788284302
0.5968999862670898
0.5995000004768372
0.6003000140190125
0.6004999876022339
0.5996999740600586
0.6008999943733215
0.6010000109672546
