0.10000000149011612
0.10029999911785126
0.10890000313520432
0.15760000050067902
0.21299999952316284
0.3587999939918518
0.38580000400543213
0.40400001406669617
0.4246000051498413
0.4381999969482422
0.45019999146461487
0.46779999136924744
0.47769999504089355
0.49050000309944153
0.4986000061035156
0.5103999972343445
0.5188999772071838
0.5231000185012817
0.5314000248908997
0.5383999943733215
0.541100025177002
0.5479999780654907
0.5496000051498413
0.5521000027656555
0.5558000206947327
0.5629000067710876
0.5637999773025513
0.5665000081062317
0.5658000111579895
0.5679000020027161
0.5680999755859375
0.573199987411499
0.5741000175476074
0.5774000287055969
0.580299973487854
0.5755000114440918
0.5837000012397766
0.5796999931335449
0.5819000005722046
0.5849999785423279
0.5853999853134155
0.5863000154495239
0.5846999883651733
0.586899995803833
0.5857999920845032
0.5878999829292297
0.5870000123977661
0.5889999866485596
0.5866000056266785
0.5896999835968018
0.593500018119812
0.5929999947547913
0.5878999829292297
0.5950999855995178
0.5946999788284302
0.5911999940872192
0.5939000248908997
0.593999981880188
0.589900016784668
0.5931000113487244
0.5946000218391418
0.5918999910354614
0.5938000082969666
0.5940999984741211
0.5927000045776367
0.595300018787384
0.5956000089645386
0.5942999720573425
0.59170001745224
0.5985000133514404
0.5957000255584717
0.5945000052452087
0.6007999777793884
0.5961999893188477
0.6001999974250793
0.59579998254776
0.5979999899864197
0.5992000102996826
0.5985000133514404
0.5995000004768372
0.5997999906539917
0.5960999727249146
0.5975000262260437
0.5986999869346619
0.5972999930381775
0.6008999943733215
0.5982999801635742
0.597599983215332
0.5986999869346619
0.5990999937057495
0.597599983215332
0.5974000096321106
0.5954999923706055
0.6013000011444092
0.6021000146865845
0.5982999801635742
0.6015999913215637
0.5996999740600586
0.6026999950408936
0.6018000245094299
