0.10000000149011612
0.10000000149011612
0.1348000019788742
0.11640000343322754
0.19670000672340393
0.243599995970726
0.2590999901294708
0.27140000462532043
0.3260999917984009
0.36079999804496765
0.3720000088214874
0.3847000002861023
0.3880999982357025
0.40230000019073486
0.41440001130104065
0.427700012922287
0.4372999966144562
0.44780001044273376
0.4578000009059906
0.4648999869823456
0.4699999988079071
0.4805999994277954
0.484499990940094
0.49540001153945923
0.5051000118255615
0.5041999816894531
0.5160999894142151
0.5192999839782715
0.524399995803833
0.527999997138977
0.5376999974250793
0.5406000018119812
0.5475999712944031
0.5468000173568726
0.5544000267982483
0.5626000165939331
0.5640000104904175
0.5687000155448914
0.5720999836921692
0.5774999856948853
0.5782999992370605
0.5799000263214111
0.5889000296592712
0.5921000242233276
0.5916000008583069
0.5939000248908997
0.5975000262260437
0.6014000177383423
0.5993000268936157
0.6028000116348267
0.60589998960495
0.6122000217437744
0.6071000099182129
0.61080002784729
0.6119999885559082
0.6129000186920166
0.6154999732971191
0.6176999807357788
0.6207000017166138
0.6212999820709229
0.6215999722480774
0.6243000030517578
0.6273000240325928
0.6255000233650208
0.6273999810218811
0.6294000148773193
0.631600022315979
0.6280999779701233
0.6330999732017517
0.630299985408783
0.6324999928474426
0.6348999738693237
0.6345000267028809
0.6334999799728394
0.6353999972343445
0.6359999775886536
0.6358000040054321
0.6349999904632568
0.6351000070571899
0.6378999948501587
0.6371999979019165
0.6345999836921692
0.636900007724762
0.6337000131607056
0.637499988079071
0.6366999745368958
0.6392999887466431
0.6377000212669373
0.6384000182151794
0.6370000243186951
0.641700029373169
0.6399000287055969
0.6360999941825867
0.6395000219345093
0.6377999782562256
0.6384000182151794
0.6420000195503235
0.6365000009536743
0.6395999789237976
0.6394000053405762
