0.10000000149011612
0.10000000149011612
0.1316000074148178
0.12919999659061432
0.19769999384880066
0.22750000655651093
0.2451999932527542
0.2797999978065491
0.3292999863624573
0.352400004863739
0.36629998683929443
0.38350000977516174
0.3898000121116638
0.4050000011920929
0.4169999957084656
0.42590001225471497
0.435699999332428
0.4429999887943268
0.4562000036239624
0.46880000829696655
0.4772000014781952
0.4864000082015991
0.4903999865055084
0.49970000982284546
0.5073999762535095
0.5160999894142151
0.524399995803833
0.527400016784668
0.5311999917030334
0.5354999899864197
0.5407000184059143
0.5443999767303467
0.5490000247955322
0.5569000244140625
0.5623999834060669
0.5669999718666077
0.5702999830245972
0.5737000107765198
0.5785999894142151
0.5842999815940857
0.5889000296592712
0.5899999737739563
0.5940999984741211
0.5964000225067139
0.5989999771118164
0.6026999950408936
0.6029999852180481
0.6085000038146973
0.6100999712944031
0.6083999872207642
0.6123999953269958
0.6103000044822693
0.6194999814033508
0.6176000237464905
0.6176999807357788
0.6180999875068665
0.6226000189781189
0.6222000122070312
0.625
0.6245999932289124
0.6211000084877014
0.6256999969482422
0.6269000172615051
0.6259999871253967
0.6254000067710876
0.6274999976158142
0.6304000020027161
0.6290000081062317
0.6302000284194946
0.6270999908447266
0.6315000057220459
0.625
0.6317999958992004
0.632099986076355
0.6319000124931335
0.6310999989509583
0.6301000118255615
0.6316999793052673
0.6327000260353088
0.6341999769210815
0.6342999935150146
0.6319000124931335
0.6331999897956848
0.630299985408783
0.633899986743927
0.6345999836921692
0.6327999830245972
0.6359000205993652
0.6319000124931335
0.6330000162124634
0.6327999830245972
0.633400022983551
0.6327000260353088
0.633899986743927
0.6326000094413757
0.6338000297546387
0.6341999769210815
0.6342999935150146
0.6334999799728394
0.6341999769210815
