0.10000000149011612
0.10000000149011612
0.13439999520778656
0.13289999961853027
0.1858000010251999
0.24490000307559967
0.25940001010894775
0.31049999594688416
0.3384000062942505
0.3582000136375427
0.3714999854564667
0.3831999897956848
0.3944999873638153
0.40070000290870667
0.41370001435279846
0.4268999993801117
0.43529999256134033
0.44749999046325684
0.45320001244544983
0.46700000762939453
0.47870001196861267
0.47780001163482666
0.4878000020980835
0.4948999881744385
0.5059000253677368
0.508400022983551
0.5153999924659729
0.5192000269889832
0.5234000086784363
0.5293999910354614
0.5335999727249146
0.54339998960495
0.550000011920929
0.5529000163078308
0.558899998664856
0.5623000264167786
0.5595999956130981
0.5709999799728394
0.5763000249862671
0.5791000127792358
0.5853000283241272
0.5878999829292297
0.5907999873161316
0.5952000021934509
0.5996999740600586
0.5993000268936157
0.6033999919891357
0.6071000099182129
0.6111000180244446
0.6166999936103821
0.6169999837875366
0.617900013923645
0.6207000017166138
0.6215000152587891
0.6233999729156494
0.6262000203132629
0.6279000043869019
0.6258999705314636
0.6312000155448914
0.6326000094413757
0.6370000243186951
0.6371999979019165
0.638700008392334
0.6384000182151794
0.6388999819755554
0.6395000219345093
0.6414999961853027
0.6420000195503235
0.6434000134468079
0.6416000127792358
0.6470000147819519
0.6488999724388123
0.6484000086784363
0.649399995803833
0.6468999981880188
0.6485999822616577
0.6488999724388123
0.6495000123977661
0.6492999792098999
0.6467999815940857
0.6504999995231628
0.650600016117096
0.6484000086784363
0.6513000130653381
0.6509000062942505
0.6527000069618225
0.6492000222206116
0.6531999707221985
0.6531999707221985
0.6516000032424927
0.6517999768257141
0.6509000062942505
0.6539000272750854
0.6532999873161316
0.6536999940872192
0.6547999978065491
0.6523000001907349
0.6518999934196472
0.6514999866485596
0.6539999842643738
