9.104901956728638
11.666310786210508
9.117163233367018
9.125719088865731
9.386351262326057
9.34152404622463
9.386351262326057
8.878898405748597
10.327740873802194
8.459109330882304
9.03425252587116
9.125719088865731
9.006024211969558
8.878898405748597
9.386351262326057
9.386351262326057
8.351531889386708
8.543716901171306
8.878898405748597
8.459109330882304
8.543716901171306
8.543716901171306
8.659679241185577
8.543716901171306
8.351531889386708
8.543716901171306
8.459109330882304
8.543716901171306
9.117163233367018
8.459109330882304
8.351531889386708
8.878898405748597
8.094606063401185
8.459109330882304
8.094606063401185
8.459109330882304
8.094606063401185
8.351531889386708
8.094606063401185
8.459109330882304
8.094606063401185
8.459109330882304
8.775993044697847
9.117163233367018
8.659679241185577
8.351531889386708
8.422784857507635
8.878898405748597
8.459109330882304
8.459109330882304
8.351531889386708
8.459109330882304
8.459109330882304
8.422784857507635
9.03425252587116
8.775993044697847
9.34152404622463
8.543716901171306
8.422784857507635
8.543716901171306
8.543716901171306
8.459109330882304
8.459109330882304
8.543716901171306
8.422784857507635
8.422784857507635
8.351531889386708
8.459109330882304
8.878898405748597
8.094606063401185
8.459109330882304
8.543716901171306
9.056719709837399
9.104901956728638
8.351531889386708
9.386351262326057
8.659679241185577
8.422784857507635
8.543716901171306
8.351531889386708
9.104901956728638
8.659679241185577
9.006024211969558
8.422784857507635
8.543716901171306
9.34152404622463
8.094606063401185
8.543716901171306
8.422784857507635
8.459109330882304
8.543716901171306
8.351531889386708
9.006024211969558
8.878898405748597
8.543716901171306
8.659679241185577
8.094606063401185
8.351531889386708
8.459109330882304
8.422784857507635
