9.104901956728638
9.610521170839332
9.03425252587116
9.125719088865731
9.798301752807056
8.422784857507635
9.610521170839332
8.351531889386708
9.117163233367018
9.386351262326057
8.351531889386708
8.659679241185577
8.422784857507635
8.351531889386708
8.422784857507635
8.094606063401185
8.351531889386708
8.094606063401185
8.351531889386708
8.422784857507635
8.459109330882304
8.351531889386708
8.094606063401185
8.543716901171306
8.094606063401185
8.094606063401185
8.094606063401185
8.094606063401185
8.094606063401185
8.459109330882304
8.094606063401185
8.094606063401185
8.659679241185577
8.459109330882304
8.094606063401185
8.351531889386708
8.459109330882304
8.351531889386708
8.351531889386708
8.094606063401185
8.422784857507635
9.117163233367018
8.351531889386708
8.094606063401185
8.094606063401185
8.094606063401185
8.351531889386708
8.094606063401185
8.351531889386708
8.422784857507635
8.351531889386708
8.094606063401185
8.459109330882304
8.094606063401185
8.094606063401185
8.094606063401185
8.459109330882304
8.094606063401185
8.459109330882304
8.094606063401185
8.094606063401185
8.351531889386708
8.459109330882304
8.094606063401185
8.351531889386708
8.543716901171306
8.094606063401185
8.543716901171306
8.094606063401185
8.659679241185577
8.459109330882304
8.459109330882304
8.351531889386708
8.543716901171306
8.094606063401185
8.094606063401185
8.094606063401185
8.422784857507635
8.094606063401185
8.351531889386708
8.543716901171306
8.659679241185577
8.543716901171306
8.094606063401185
8.351531889386708
8.094606063401185
8.659679241185577
8.094606063401185
8.543716901171306
8.351531889386708
8.543716901171306
8.351531889386708
8.094606063401185
8.543716901171306
8.351531889386708
8.094606063401185
8.351531889386708
8.459109330882304
8.094606063401185
8.351531889386708
