5.532967612685674
6.354261814786406
2.5463217098456274
7.246145291750594
4.342293911909136
4.082734746020554
3.2052230688522485
7.429862711118906
6.7951654568865445
2.680912216019384
5.155577254477203
4.7155234332815015
6.3020328388337585
4.2101631518159
4.785676075940255
4.72912721854847
2.683890696221234
5.824632536217555
6.512218953397413
2.612680196267612
5.015507072125983
4.550005682762405
4.118382049337617
2.4875287914261928
6.355861360688889
5.982879482579171
6.234871525069379
5.04332549748008
6.980123907954026
4.710156818160251
5.972103217974791
4.042997547971051
7.301740517007063
3.798745690410173
5.2579210634521
2.826293968538875
6.78911824503951
7.020310712406394
2.65844305279483
4.553335434271647
4.651236918536884
6.623291111045388
4.564745122178157
3.475588368365572
6.924029764513967
3.695033383387269
7.129390379721429
3.75127381164552
7.20256797392139
3.6901911709330717
3.587919294247789
6.114188215080555
5.5940706559206665
5.915048734495587
7.272928470125508
6.617528504323309
4.195035763983337
6.335427530567863
5.360946721506306
3.1847494225805058
2.4755718770496604
6.1503688843013355
4.850087060249031
5.4198269954670115