8.094606063401185
8.351531889386708
8.094606063401185
8.094606063401185
8.094606063401185
8.094606063401185
8.094606063401185
8.094606063401185
8.094606063401185
8.094606063401185
8.094606063401185
8.351531889386708
8.094606063401185
8.094606063401185
8.094606063401185
8.094606063401185
8.094606063401185
8.094606063401185
8.094606063401185
8.094606063401185
8.094606063401185
8.094606063401185
8.094606063401185
8.094606063401185
8.094606063401185
8.094606063401185
8.094606063401185
8.094606063401185
8.094606063401185
8.094606063401185
8.094606063401185
8.094606063401185
8.094606063401185
8.094606063401185
8.094606063401185
8.094606063401185
8.094606063401185
8.094606063401185
8.094606063401185
8.094606063401185
8.094606063401185
8.094606063401185
8.094606063401185
8.094606063401185
8.094606063401185
8.094606063401185
8.094606063401185
8.094606063401185
8.094606063401185
8.094606063401185
8.094606063401185
8.094606063401185
8.094606063401185
8.094606063401185
8.094606063401185
8.094606063401185
8.094606063401185
8.094606063401185
8.094606063401185
8.094606063401185
8.094606063401185
8.094606063401185
8.094606063401185
8.094606063401185
8.094606063401185
8.094606063401185
8.094606063401185
8.094606063401185
8.094606063401185
8.094606063401185
8.094606063401185
8.094606063401185
8.094606063401185
8.094606063401185
8.094606063401185
8.094606063401185
8.094606063401185
8.094606063401185
8.094606063401185
8.094606063401185
8.094606063401185
8.094606063401185
8.094606063401185
8.094606063401185
8.094606063401185
8.094606063401185
8.094606063401185
8.094606063401185
8.094606063401185
8.094606063401185
8.094606063401185
8.094606063401185
8.094606063401185
8.094606063401185
8.094606063401185
8.094606063401185
8.094606063401185
8.094606063401185
8.094606063401185
8.094606063401185
