0.10000000149011612
0.10000000149011612
0.1987999975681305
0.21950000524520874
0.24459999799728394
0.2646999955177307
0.2939000129699707
0.31130000948905945
0.3425000011920929
0.3668999969959259
0.38280001282691956
0.39010000228881836
0.40149998664855957
0.4075999855995178
0.4169999957084656
0.42640000581741333
0.4345000088214874
0.4474000036716461
0.4569999873638153
0.4627000093460083
0.46869999170303345
0.4729999899864197
0.4796999990940094
0.4860999882221222
0.4893999993801117
0.4945000112056732
0.49799999594688416
0.5001999735832214
0.5031999945640564
0.5081999897956848
0.5121999979019165
0.517799973487854
0.5199000239372253
0.5232999920845032
0.524399995803833
0.5320000052452087
0.534500002861023
0.5388000011444092
0.5442000031471252
0.54339998960495
0.5501000285148621
0.5544999837875366
0.5586000084877014
0.5590999722480774
0.5656999945640564
0.5674999952316284
0.5719000101089478
0.5695000290870667
0.5781000256538391
0.5825999975204468
0.5848000049591064
0.5874000191688538
0.5891000032424927
0.5929999947547913
0.5924000144004822
0.5976999998092651
0.5992000102996826
0.5996999740600586
0.6007999777793884
0.6057999730110168
0.6061000227928162
0.6092000007629395
0.6101999878883362
0.6082000136375427
0.6118999719619751
0.6154000163078308
0.6147000193595886
0.6171000003814697
0.6194000244140625
0.6201000213623047
0.6208000183105469
0.6241000294685364
0.6229000091552734
0.6258999705314636
0.6269999742507935
0.6273999810218811
0.6294999718666077
0.6269000172615051
0.6312000155448914
0.6310999989509583
0.6348999738693237
0.635699987411499
0.6340000033378601
0.6344000101089478
0.6367999911308289
0.638700008392334
0.640500009059906
0.6371999979019165
0.6420000195503235
0.6431999802589417
0.6442000269889832
0.6414999961853027
0.6449000239372253
0.6428999900817871
0.6445000171661377
0.6467000246047974
0.6453999876976013
0.646399974822998
0.6477000117301941
0.6500999927520752
