0.10000000149011612
0.11110000312328339
0.20149999856948853
0.22609999775886536
0.24300000071525574
0.26930001378059387
0.27880001068115234
0.3310999870300293
0.3521000146865845
0.36410000920295715
0.3815999925136566
0.3944999873638153
0.3993000090122223
0.4065999984741211
0.41350001096725464
0.420199990272522
0.42480000853538513
0.43880000710487366
0.44920000433921814
0.4519999921321869
0.4652999937534332
0.4731999933719635
0.48170000314712524
0.4823000133037567
0.48910000920295715
0.49300000071525574
0.5059999823570251
0.5049999952316284
0.5097000002861023
0.5206000208854675
0.5235999822616577
0.5260999798774719
0.5332000255584717
0.5367000102996826
0.5418000221252441
0.5471000075340271
0.5516999959945679
0.5547000169754028
0.5591999888420105
0.5658000111579895
0.5665000081062317
0.5698999762535095
0.573199987411499
0.5764999985694885
0.5805000066757202
0.5852000117301941
0.5849999785423279
0.5888000130653381
0.5892999768257141
0.5914999842643738
0.5974000096321106
0.5989999771118164
0.5996999740600586
0.5999000072479248
0.6047999858856201
0.602400004863739
0.6086999773979187
0.6100000143051147
0.6111999750137329
0.6121000051498413
0.6107000112533569
0.6176999807357788
0.6172999739646912
0.6215999722480774
0.6197999715805054
0.6208999752998352
0.6247000098228455
0.6279000043869019
0.6261000037193298
0.628000020980835
0.6305000185966492
0.6316999793052673
0.6340000033378601
0.6347000002861023
0.6334999799728394
0.6377999782562256
0.640500009059906
0.6391000151634216
0.640500009059906
0.6427000164985657
0.6435999870300293
0.644599974155426
0.6452000141143799
0.6460000276565552
0.6467000246047974
0.6474999785423279
0.6492999792098999
0.6468999981880188
0.6488000154495239
0.6504999995231628
0.652999997138977
0.6517000198364258
0.6528000235557556
0.6539999842643738
0.6541000008583069
0.6553000211715698
0.6536999940872192
0.6541000008583069
0.6557999849319458
0.6567000150680542
