50.43822906409841
55.413848461046584
55.413848461046584
52.67368530344747
50.43822906409841
50.99533126525092
49.838466226031805
49.76674940553339
49.76674940553339
46.56633689183514
48.38157339860414
45.292674655067756
46.56633689183514
44.3400629297444
44.3400629297444
46.56633689183514
44.3400629297444
48.38157339860414
44.66668287480042
44.66668287480042
45.292674655067756
45.4422141562747
41.88379045259474
45.4422141562747
45.292674655067756
44.3400629297444
45.4422141562747
44.66668287480042
44.02166874871951
44.3400629297444
44.02166874871951
45.292674655067756
44.3400629297444
45.292674655067756
45.4422141562747
45.4422141562747
48.38157339860414
44.3400629297444
44.3400629297444
45.292674655067756
45.4422141562747
41.88379045259474
45.292674655067756
44.66668287480042
44.3400629297444
44.3400629297444
44.02166874871951
45.292674655067756
44.02166874871951
44.3400629297444
41.88379045259474
45.292674655067756
45.4422141562747
45.4422141562747
44.3400629297444
45.4422141562747
45.292674655067756
41.88379045259474
44.3400629297444
45.292674655067756
44.3400629297444
44.02166874871951
45.292674655067756
41.88379045259474
45.4422141562747
41.88379045259474
44.02166874871951
45.4422141562747
44.3400629297444
44.3400629297444
41.88379045259474
44.3400629297444
45.4422141562747
44.3400629297444
41.88379045259474
45.4422141562747
46.56633689183514
45.4422141562747
41.88379045259474
44.02166874871951
44.3400629297444
45.4422141562747
41.88379045259474
45.292674655067756
44.3400629297444
44.66668287480042
41.88379045259474
45.4422141562747
41.88379045259474
45.292674655067756
41.88379045259474
41.88379045259474
45.4422141562747
45.292674655067756
41.88379045259474
45.292674655067756
41.88379045259474
44.02166874871951
44.3400629297444
41.88379045259474
