9.38245681816025
9.38245681816025
9.846177254477203
9.846177254477203
9.38245681816025
8.808982049337617
9.250935434271646
8.8824631518159
8.755034746020554
8.740597547971051
8.995893911909135
8.755034746020554
8.808982049337617
8.740597547971051
8.755034746020554
8.755034746020554
8.471045690410172
8.471045690410172
8.755034746020554
8.471045690410172
8.740597547971051
8.471045690410172
8.471045690410172
8.471045690410172
8.471045690410172
8.471045690410172
8.471045690410172
8.471045690410172
8.471045690410172
8.471045690410172
8.471045690410172
8.471045690410172
8.471045690410172
8.471045690410172
8.755034746020554
8.471045690410172
8.471045690410172
8.755034746020554
8.471045690410172
8.471045690410172
8.808982049337617
8.471045690410172
8.740597547971051
8.471045690410172
8.740597547971051
8.740597547971051
8.755034746020554
8.808982049337617
8.848635763983337
8.471045690410172
8.471045690410172
8.755034746020554
8.471045690410172
8.471045690410172
8.471045690410172
8.755034746020554
8.471045690410172
8.471045690410172
8.740597547971051
8.471045690410172
8.808982049337617
8.471045690410172
8.755034746020554
8.740597547971051
8.471045690410172
8.755034746020554
8.740597547971051
8.471045690410172
8.755034746020554
8.740597547971051
8.471045690410172
8.471045690410172
8.740597547971051
8.740597547971051
8.471045690410172
8.755034746020554
8.848635763983337
8.471045690410172
8.471045690410172
8.755034746020554
8.740597547971051
8.471045690410172
8.471045690410172
8.471045690410172
8.740597547971051
8.471045690410172
8.471045690410172
8.471045690410172
8.471045690410172
8.471045690410172
8.471045690410172
8.848635763983337
8.471045690410172
8.755034746020554
8.471045690410172
8.471045690410172
8.471045690410172
8.471045690410172
8.471045690410172
8.471045690410172
