10.92547152506938
10.822668884301336
10.051546721506305
10.92547152506938
10.051546721506305
9.413123433281502
10.051546721506305
9.42672721854847
9.255345122178156
9.255345122178156
9.222305682762405
8.740597547971051
8.8824631518159
8.995893911909135
8.740597547971051
8.995893911909135
8.808982049337617
8.808982049337617
8.8824631518159
8.808982049337617
8.755034746020554
8.755034746020554
8.848635763983337
8.8824631518159
8.8824631518159
8.8824631518159
8.755034746020554
8.848635763983337
8.740597547971051
8.471045690410172
8.848635763983337
8.995893911909135
8.848635763983337
8.995893911909135
8.995893911909135
8.848635763983337
8.808982049337617
8.8824631518159
8.740597547971051
8.848635763983337
8.848635763983337
8.8824631518159
8.740597547971051
8.8824631518159
8.471045690410172
8.848635763983337
8.848635763983337
8.755034746020554
8.8824631518159
8.8824631518159
8.808982049337617
8.755034746020554
8.755034746020554
8.755034746020554
8.471045690410172
8.740597547971051
8.755034746020554
8.740597547971051
8.808982049337617
8.740597547971051
8.755034746020554
8.808982049337617
8.471045690410172
8.755034746020554
8.808982049337617
8.8824631518159
8.740597547971051
8.8824631518159
8.740597547971051
8.471045690410172
8.471045690410172
8.755034746020554
8.471045690410172
8.8824631518159
8.848635763983337
8.755034746020554
8.848635763983337
8.740597547971051
8.808982049337617
8.755034746020554
8.8824631518159
8.471045690410172
8.471045690410172
8.471045690410172
8.755034746020554
8.471045690410172
8.740597547971051
8.740597547971051
8.808982049337617
8.740597547971051
8.848635763983337
8.471045690410172
8.755034746020554
8.8824631518159
8.808982049337617
8.471045690410172
8.848635763983337
8.471045690410172
8.8824631518159
8.995893911909135
