48.527357464099936
44.02166874871951
44.66668287480042
48.43567301896386
44.02166874871951
44.66668287480042
44.3400629297444
41.88379045259474
44.66668287480042
45.292674655067756
44.02166874871951
41.88379045259474
44.66668287480042
41.88379045259474
41.88379045259474
41.88379045259474
41.88379045259474
41.88379045259474
44.3400629297444
44.3400629297444
44.02166874871951
41.88379045259474
44.02166874871951
41.88379045259474
44.02166874871951
44.02166874871951
44.66668287480042
41.88379045259474
41.88379045259474
44.3400629297444
44.66668287480042
44.02166874871951
41.88379045259474
45.292674655067756
44.3400629297444
41.88379045259474
44.02166874871951
45.292674655067756
44.3400629297444
44.3400629297444
41.88379045259474
41.88379045259474
41.88379045259474
44.3400629297444
41.88379045259474
44.02166874871951
44.3400629297444
41.88379045259474
41.88379045259474
44.3400629297444
41.88379045259474
44.02166874871951
41.88379045259474
41.88379045259474
44.02166874871951
41.88379045259474
41.88379045259474
41.88379045259474
44.3400629297444
44.66668287480042
44.02166874871951
41.88379045259474
41.88379045259474
41.88379045259474
41.88379045259474
41.88379045259474
41.88379045259474
41.88379045259474
41.88379045259474
41.88379045259474
44.3400629297444
41.88379045259474
41.88379045259474
41.88379045259474
41.88379045259474
41.88379045259474
41.88379045259474
41.88379045259474
41.88379045259474
41.88379045259474
41.88379045259474
44.3400629297444
41.88379045259474
41.88379045259474
41.88379045259474
41.88379045259474
41.88379045259474
41.88379045259474
44.3400629297444
41.88379045259474
41.88379045259474
41.88379045259474
41.88379045259474
41.88379045259474
41.88379045259474
41.88379045259474
41.88379045259474
41.88379045259474
44.3400629297444
41.88379045259474
