45.292674655067756
45.4422141562747
45.4422141562747
44.66668287480042
41.88379045259474
44.66668287480042
41.88379045259474
41.88379045259474
41.88379045259474
41.88379045259474
44.3400629297444
41.88379045259474
41.88379045259474
41.88379045259474
41.88379045259474
41.88379045259474
41.88379045259474
41.88379045259474
41.88379045259474
41.88379045259474
41.88379045259474
41.88379045259474
41.88379045259474
41.88379045259474
41.88379045259474
41.88379045259474
41.88379045259474
41.88379045259474
41.88379045259474
41.88379045259474
41.88379045259474
41.88379045259474
41.88379045259474
41.88379045259474
41.88379045259474
41.88379045259474
41.88379045259474
41.88379045259474
41.88379045259474
41.88379045259474
41.88379045259474
41.88379045259474
41.88379045259474
41.88379045259474
41.88379045259474
41.88379045259474
41.88379045259474
41.88379045259474
41.88379045259474
41.88379045259474
41.88379045259474
41.88379045259474
41.88379045259474
41.88379045259474
41.88379045259474
41.88379045259474
41.88379045259474
41.88379045259474
41.88379045259474
41.88379045259474
41.88379045259474
41.88379045259474
41.88379045259474
41.88379045259474
41.88379045259474
41.88379045259474
41.88379045259474
41.88379045259474
41.88379045259474
41.88379045259474
44.3400629297444
44.02166874871951
41.88379045259474
41.88379045259474
41.88379045259474
41.88379045259474
41.88379045259474
41.88379045259474
41.88379045259474
41.88379045259474
41.88379045259474
41.88379045259474
41.88379045259474
41.88379045259474
41.88379045259474
41.88379045259474
44.02166874871951
41.88379045259474
41.88379045259474
44.02166874871951
44.02166874871951
41.88379045259474
44.3400629297444
41.88379045259474
41.88379045259474
41.88379045259474
41.88379045259474
41.88379045259474
41.88379045259474
41.88379045259474
