0.10000000149011612
0.10580000281333923
0.1386999934911728
0.18250000476837158
0.20679999887943268
0.23430000245571136
0.25029999017715454
0.31310001015663147
0.34470000863075256
0.3564999997615814
0.3702000081539154
0.3808000087738037
0.39320001006126404
0.40139999985694885
0.414000004529953
0.42640000581741333
0.4359000027179718
0.44620001316070557
0.45809999108314514
0.4641999900341034
0.47600001096725464
0.48089998960494995
0.4900999963283539
0.48980000615119934
0.49939998984336853
0.5116999745368958
0.5156999826431274
0.520799994468689
0.5278000235557556
0.5338000059127808
0.5394999980926514
0.546500027179718
0.550599992275238
0.5562999844551086
0.5620999932289124
0.5629000067710876
0.5687999725341797
0.5748000144958496
0.5767999887466431
0.5817000269889832
0.5878000259399414
0.588699996471405
0.5911999940872192
0.5978000164031982
0.6017000079154968
0.6036999821662903
0.6062999963760376
0.6118000149726868
0.6137999892234802
0.6159999966621399
0.6166999936103821
0.6236000061035156
0.6225000023841858
0.6254000067710876
0.6238999962806702
0.628600001335144
0.6298999786376953
0.6322000026702881
0.6334999799728394
0.6351000070571899
0.6360999941825867
0.6392999887466431
0.6370999813079834
0.6413999795913696
0.6420000195503235
0.6427000164985657
0.6431000232696533
0.641700029373169
0.6432999968528748
0.6456999778747559
0.6448000073432922
0.6464999914169312
0.6462000012397766
0.6453999876976013
0.6442999839782715
0.6492000222206116
0.6489999890327454
0.6482999920845032
0.6449999809265137
0.6453999876976013
0.6464999914169312
0.6480000019073486
0.6442000269889832
0.6484000086784363
0.6466000080108643
0.6462000012397766
0.6471999883651733
0.6481999754905701
0.6462000012397766
0.6452999711036682
0.6496000289916992
0.6478999853134155
0.6463000178337097
0.6507999897003174
0.6470000147819519
0.6481999754905701
0.6503000259399414
0.6452000141143799
0.6463000178337097
0.645799994468689
