0.09600000083446503
0.1005999967455864
0.10000000149011612
0.2152000069618225
0.30979999899864197
0.3621000051498413
0.3919999897480011
0.42179998755455017
0.4404999911785126
0.446399986743927
0.460999995470047
0.47690001130104065
0.48339998722076416
0.49309998750686646
0.5067999958992004
0.5109000205993652
0.5216000080108643
0.5273000001907349
0.534600019454956
0.5375999808311462
0.545799970626831
0.5526000261306763
0.5551000237464905
0.5616999864578247
0.5627999901771545
0.567300021648407
0.5679000020027161
0.5719000101089478
0.5716000199317932
0.5782999992370605
0.5766000151634216
0.579800009727478
0.5824999809265137
0.5845000147819519
0.5911999940872192
0.5950999855995178
0.5921000242233276
0.593999981880188
0.5932000279426575
0.5964000225067139
0.5961999893188477
0.5979999899864197
0.600600004196167
0.597000002861023
0.5983999967575073
0.5996000170707703
0.6025999784469604
0.6025000214576721
0.6018999814987183
0.6017000079154968
0.6040999889373779
0.6018000245094299
0.6032999753952026
0.6021999716758728
0.6062999963760376
0.6022999882698059
0.602400004863739
0.6010000109672546
0.6049000024795532
0.6079999804496765
0.6040999889373779
0.6043999791145325
0.6047999858856201
0.607699990272522
0.6083999872207642
0.6065000295639038
0.6067000031471252
0.6060000061988831
0.6067000031471252
0.6069999933242798
0.6062999963760376
0.6065000295639038
0.608299970626831
0.6111999750137329
0.6080999970436096
0.6067000031471252
0.6105999946594238
0.6108999848365784
0.60589998960495
0.6068000197410583
0.607699990272522
0.6093000173568726
0.6085000038146973
0.6100000143051147
0.6107000112533569
0.6080999970436096
0.6097999811172485
0.61080002784729
0.611299991607666
0.6086999773979187
0.6101999878883362
0.608299970626831
0.609499990940094
0.6104000210762024
0.6098999977111816
0.6114000082015991
0.6115000247955322
0.6111999750137329
0.6093000173568726
0.6118000149726868
