0.10019999742507935
0.10130000114440918
0.13339999318122864
0.24480000138282776
0.3174999952316284
0.36970001459121704
0.3968000113964081
0.41679999232292175
0.4392000138759613
0.4575999975204468
0.4708000123500824
0.4830000102519989
0.4957999885082245
0.5095999836921692
0.5131999850273132
0.5270000100135803
0.5311999917030334
0.5365999937057495
0.5460000038146973
0.5479999780654907
0.5516999959945679
0.555899977684021
0.559499979019165
0.5612000226974487
0.5669999718666077
0.5691999793052673
0.5705000162124634
0.5692999958992004
0.5751000046730042
0.5796999931335449
0.5788000226020813
0.5781999826431274
0.5770999789237976
0.5825999975204468
0.5806999802589417
0.5834000110626221
0.5838000178337097
0.5856999754905701
0.5855000019073486
0.5846999883651733
0.5848000049591064
0.5873000025749207
0.5899999737739563
0.5882999897003174
0.588699996471405
0.5888000130653381
0.5871000289916992
0.5927000045776367
0.5888000130653381
0.5902000069618225
0.5906999707221985
0.5863999724388123
0.5860999822616577
0.5921000242233276
0.5921000242233276
0.5921000242233276
0.5879999995231628
0.5888000130653381
0.5902000069618225
0.5920000076293945
0.5928000211715698
0.5914999842643738
0.5922999978065491
0.5924000144004822
0.5932999849319458
0.593999981880188
0.5940999984741211
0.5939000248908997
0.5920000076293945
0.5934000015258789
0.593999981880188
0.592199981212616
0.5932999849319458
0.5935999751091003
0.5964000225067139
0.5952000021934509
0.5985000133514404
0.5946000218391418
0.5950000286102295
0.5934000015258789
0.5938000082969666
0.5924000144004822
0.597599983215332
0.5935999751091003
0.5935999751091003
0.5938000082969666
0.5983999967575073
0.5942000150680542
0.5956000089645386
0.59579998254776
0.5950999855995178
0.5950999855995178
0.5950000286102295
0.5982999801635742
0.5989999771118164
0.5972999930381775
0.5946000218391418
0.6007000207901001
0.597599983215332
0.5974000096321106
