0.11400000005960464
0.11469999700784683
0.10000000149011612
0.188400000333786
0.2985000014305115
0.3569999933242798
0.39309999346733093
0.4124000072479248
0.43720000982284546
0.45190000534057617
0.4636000096797943
0.4855000078678131
0.5
0.5123999714851379
0.5199000239372253
0.5268999934196472
0.5385000109672546
0.545799970626831
0.5508999824523926
0.5569000244140625
0.5636000037193298
0.564300000667572
0.5705000162124634
0.574400007724762
0.5827999711036682
0.5863999724388123
0.5853000283241272
0.5878999829292297
0.5899999737739563
0.5910999774932861
0.5888000130653381
0.5914000272750854
0.5961999893188477
0.5950000286102295
0.5975000262260437
0.5945000052452087
0.5985999703407288
0.5946000218391418
0.597599983215332
0.5972999930381775
0.5958999991416931
0.5975000262260437
0.5986999869346619
0.6014000177383423
0.5990999937057495
0.6014000177383423
0.5978999733924866
0.5989000201225281
0.5979999899864197
0.5954999923706055
0.5978999733924866
0.5989000201225281
0.5995000004768372
0.599399983882904
0.597000002861023
0.5993000268936157
0.5981000065803528
0.5960999727249146
0.5965999960899353
0.598800003528595
0.5968000292778015
0.6043999791145325
0.6018999814987183
0.5993000268936157
0.6040999889373779
0.5995000004768372
0.5985000133514404
0.6007999777793884
0.5999000072479248
0.5993000268936157
0.6043999791145325
0.5999000072479248
0.6035000085830688
0.6008999943733215
0.6037999987602234
0.5997999906539917
0.6011999845504761
0.5997999906539917
0.5996000170707703
0.6025999784469604
0.6036999821662903
0.6032999753952026
0.6015999913215637
0.6010000109672546
0.6018000245094299
0.603600025177002
0.6007000207901001
0.6039000153541565
0.6050999760627747
0.6029999852180481
0.6047999858856201
0.6025999784469604
0.6018000245094299
0.603600025177002
0.603600025177002
0.604200005531311
0.6053000092506409
0.6031000018119812
0.6061999797821045
0.6061999797821045
