0.10000000149011612
0.10980000346899033
0.09920000284910202
0.09989999979734421
0.17110000550746918
0.19290000200271606
0.25699999928474426
0.3154999911785126
0.34540000557899475
0.36480000615119934
0.3758000135421753
0.3912999927997589
0.39969998598098755
0.41190001368522644
0.42329999804496765
0.43869999051094055
0.4471000134944916
0.4562000036239624
0.4641000032424927
0.4749999940395355
0.4796999990940094
0.49129998683929443
0.49300000071525574
0.4970000088214874
0.5083000063896179
0.5200999975204468
0.526199996471405
0.5267999768257141
0.5358999967575073
0.5421000123023987
0.546500027179718
0.5544000267982483
0.5602999925613403
0.5573999881744385
0.5654000043869019
0.5685999989509583
0.5694000124931335
0.574400007724762
0.5814999938011169
0.5828999876976013
0.5835000276565552
0.5882999897003174
0.590499997138977
0.5943999886512756
0.5958999991416931
0.597599983215332
0.5995000004768372
0.5936999917030334
0.6075999736785889
0.6044999957084656
0.6057999730110168
0.6089000105857849
0.6118000149726868
0.6146000027656555
0.6146000027656555
0.618399977684021
0.6208000183105469
0.6245999932289124
0.6230000257492065
0.6237000226974487
0.6244999766349792
0.6226000189781189
0.626800000667572
0.625
0.628000020980835
0.6251999735832214
0.628600001335144
0.6272000074386597
0.6276000142097473
0.6317999958992004
0.6291000247001648
0.6305000185966492
0.6294999718666077
0.631600022315979
0.6324999928474426
0.6306999921798706
0.6333000063896179
0.6320000290870667
0.6355000138282776
0.6366999745368958
0.6363999843597412
0.6355999708175659
0.6312000155448914
0.6377999782562256
0.6377000212669373
0.6378999948501587
0.6373999714851379
0.635200023651123
0.6342999935150146
0.6394000053405762
0.6373999714851379
0.6370000243186951
0.6342999935150146
0.6340000033378601
0.637499988079071
0.6367999911308289
0.636900007724762
0.6366000175476074
0.6370999813079834
0.6377000212669373
