0.10000000149011612
0.10000000149011612
0.09910000115633011
0.15070000290870667
0.20059999823570251
0.24250000715255737
0.27720001339912415
0.3046000003814697
0.33410000801086426
0.3555999994277954
0.35920000076293945
0.37220001220703125
0.3849000036716461
0.3928999900817871
0.4016000032424927
0.4115999937057495
0.42649999260902405
0.43720000982284546
0.4481000006198883
0.4544000029563904
0.4611999988555908
0.46970000863075256
0.48170000314712524
0.4867999851703644
0.4950000047683716
0.5008000135421753
0.5094000101089478
0.5178999900817871
0.5253999829292297
0.5332000255584717
0.5397999882698059
0.5443000197410583
0.5559999942779541
0.560699999332428
0.5644000172615051
0.5706999897956848
0.5722000002861023
0.5806999802589417
0.5846999883651733
0.5864999890327454
0.5902000069618225
0.5947999954223633
0.5986999869346619
0.5982999801635742
0.6046000123023987
0.6075999736785889
0.609000027179718
0.6100999712944031
0.6186000108718872
0.6176999807357788
0.6179999709129333
0.6234999895095825
0.6233000159263611
0.6254000067710876
0.6262999773025513
0.6276000142097473
0.6330999732017517
0.633899986743927
0.6363999843597412
0.6373000144958496
0.6394000053405762
0.6377999782562256
0.641700029373169
0.6424000263214111
0.6396999955177307
0.6434000134468079
0.6445000171661377
0.6467000246047974
0.6474000215530396
0.6504999995231628
0.6474000215530396
0.6481000185012817
0.6516000032424927
0.6488000154495239
0.6488999724388123
0.6513000130653381
0.6553999781608582
0.6517000198364258
0.6521999835968018
0.6520000100135803
0.6538000106811523
0.6541000008583069
0.6553999781608582
0.6546000242233276
0.6570000052452087
0.6553000211715698
0.6534000039100647
0.6549999713897705
0.6521999835968018
0.6516000032424927
0.6536999940872192
0.6545000076293945
0.656000018119812
0.6538000106811523
0.6574000120162964
0.6603999733924866
0.6543999910354614
0.654699981212616
0.6571999788284302
0.6582000255584717
