7.75381394763074
8.492051037907688
8.034135811827612
8.05020680556309
7.725628314816139
7.796263687221023
8.47674493212446
8.034135811827612
7.5136069044659175
8.11705468257565
7.75381394763074
7.54627037623469
7.54627037623469
7.54627037623469
7.54627037623469
7.54627037623469
7.75381394763074
7.54627037623469
7.54627037623469
7.54627037623469
7.54627037623469
7.54627037623469
7.54627037623469
7.5136069044659175
7.5136069044659175
8.05020680556309
7.54627037623469
7.5136069044659175
7.54627037623469
7.54627037623469
7.5136069044659175
8.05020680556309
7.5136069044659175
7.54627037623469
7.5136069044659175
7.54627037623469
8.05020680556309
7.5136069044659175
7.54627037623469
7.5136069044659175
7.725628314816139
7.5136069044659175
7.5136069044659175
7.54627037623469
7.54627037623469
7.725628314816139
7.54627037623469
7.54627037623469
7.725628314816139
7.75381394763074
7.5136069044659175
7.54627037623469
7.54627037623469
7.54627037623469
7.5136069044659175
7.54627037623469
7.5136069044659175
7.54627037623469
7.54627037623469
7.5136069044659175
7.75381394763074
7.54627037623469
7.54627037623469
7.54627037623469
7.54627037623469
7.75381394763074
7.5136069044659175
7.5136069044659175
7.5136069044659175
7.5136069044659175
7.54627037623469
7.725628314816139
7.54627037623469
7.75381394763074
7.75381394763074
7.54627037623469
7.725628314816139
7.5136069044659175
7.75381394763074
7.5136069044659175
7.5136069044659175
7.5136069044659175
7.5136069044659175
7.5136069044659175
7.54627037623469
7.5136069044659175
7.54627037623469
7.725628314816139
7.54627037623469
7.54627037623469
7.54627037623469
7.5136069044659175
7.5136069044659175
7.725628314816139
7.5136069044659175
7.75381394763074
7.54627037623469
7.5136069044659175
7.5136069044659175
7.54627037623469
