8.673865039149016
10.742012435422902
8.282312435942579
8.034135811827612
8.492051037907688
8.492051037907688
8.282312435942579
9.726150914478632
8.673865039149016
8.464375910051745
8.05020680556309
7.796263687221023
7.796263687221023
8.11705468257565
7.75381394763074
7.725628314816139
7.54627037623469
7.75381394763074
7.54627037623469
7.75381394763074
7.725628314816139
7.725628314816139
7.54627037623469
7.5136069044659175
7.75381394763074
8.034135811827612
7.54627037623469
7.796263687221023
8.05020680556309
7.75381394763074
7.75381394763074
7.796263687221023
7.54627037623469
7.75381394763074
8.673865039149016
7.796263687221023
7.5136069044659175
7.54627037623469
7.5136069044659175
7.725628314816139
7.54627037623469
7.54627037623469
7.725628314816139
8.126157773525904
7.75381394763074
7.75381394763074
7.75381394763074
8.034135811827612
7.54627037623469
7.725628314816139
7.75381394763074
8.034135811827612
7.5136069044659175
7.725628314816139
7.54627037623469
7.725628314816139
7.75381394763074
7.75381394763074
7.5136069044659175
8.034135811827612
7.5136069044659175
8.05020680556309
7.5136069044659175
7.75381394763074
7.75381394763074
8.034135811827612
8.05020680556309
7.5136069044659175
7.54627037623469
7.5136069044659175
7.75381394763074
7.75381394763074
7.54627037623469
7.5136069044659175
7.75381394763074
7.54627037623469
7.75381394763074
7.54627037623469
7.5136069044659175
7.75381394763074
7.75381394763074
7.54627037623469
7.75381394763074
8.11705468257565
7.54627037623469
7.75381394763074
7.5136069044659175
7.725628314816139
7.75381394763074
7.725628314816139
8.034135811827612
7.75381394763074
7.54627037623469
7.5136069044659175
7.75381394763074
7.75381394763074
7.725628314816139
7.54627037623469
7.725628314816139
7.75381394763074
