9.331888577197537
11.269521222970377
8.126157773525904
7.725628314816139
8.11705468257565
8.464375910051745
8.492051037907688
8.126157773525904
8.673865039149016
7.75381394763074
8.11705468257565
8.034135811827612
8.492051037907688
8.47674493212446
8.034135811827612
8.11705468257565
8.05020680556309
7.725628314816139
7.796263687221023
8.05020680556309
8.05020680556309
8.034135811827612
7.75381394763074
8.673865039149016
8.282312435942579
7.54627037623469
8.05020680556309
8.034135811827612
8.11705468257565
8.11705468257565
8.11705468257565
8.282312435942579
8.126157773525904
8.126157773525904
8.05020680556309
8.126157773525904
8.034135811827612
7.796263687221023
8.47674493212446
7.796263687221023
7.75381394763074
8.05020680556309
8.05020680556309
8.11705468257565
8.11705468257565
8.05020680556309
8.11705468257565
8.126157773525904
8.034135811827612
8.673865039149016
7.796263687221023
8.05020680556309
7.54627037623469
7.54627037623469
7.75381394763074
7.796263687221023
8.11705468257565
7.796263687221023
8.464375910051745
7.75381394763074
8.11705468257565
8.05020680556309
8.05020680556309
7.796263687221023
7.796263687221023
8.05020680556309
7.796263687221023
7.75381394763074
7.796263687221023
8.126157773525904
7.75381394763074
7.75381394763074
8.282312435942579
7.796263687221023
8.05020680556309
8.11705468257565
8.126157773525904
7.796263687221023
8.126157773525904
8.11705468257565
8.11705468257565
7.796263687221023
8.126157773525904
8.11705468257565
7.796263687221023
8.11705468257565
8.126157773525904
8.05020680556309
8.11705468257565
8.05020680556309
8.126157773525904
7.75381394763074
7.54627037623469
7.54627037623469
8.034135811827612
8.126157773525904
8.126157773525904
8.034135811827612
8.05020680556309
7.75381394763074
