8.282312435942579
8.11705468257565
8.282312435942579
7.796263687221023
7.796263687221023
7.75381394763074
7.75381394763074
7.725628314816139
7.75381394763074
7.75381394763074
7.54627037623469
7.75381394763074
7.725628314816139
7.796263687221023
7.54627037623469
7.54627037623469
7.54627037623469
8.034135811827612
7.54627037623469
7.5136069044659175
7.54627037623469
7.796263687221023
7.796263687221023
7.5136069044659175
7.54627037623469
7.5136069044659175
7.75381394763074
7.796263687221023
7.75381394763074
7.54627037623469
7.796263687221023
7.796263687221023
7.725628314816139
7.54627037623469
7.725628314816139
7.54627037623469
7.725628314816139
7.75381394763074
7.75381394763074
7.54627037623469
7.796263687221023
7.5136069044659175
7.5136069044659175
7.54627037623469
7.5136069044659175
7.5136069044659175
7.54627037623469
7.54627037623469
7.5136069044659175
7.75381394763074
7.5136069044659175
7.75381394763074
7.54627037623469
7.54627037623469
7.54627037623469
7.5136069044659175
7.54627037623469
7.75381394763074
7.54627037623469
7.54627037623469
7.796263687221023
7.54627037623469
7.5136069044659175
7.5136069044659175
7.75381394763074
7.5136069044659175
7.5136069044659175
7.75381394763074
7.75381394763074
7.5136069044659175
7.75381394763074
7.796263687221023
7.54627037623469
7.54627037623469
7.5136069044659175
7.5136069044659175
7.54627037623469
7.54627037623469
7.54627037623469
7.75381394763074
7.54627037623469
7.54627037623469
7.54627037623469
7.54627037623469
7.54627037623469
7.5136069044659175
7.54627037623469
7.5136069044659175
7.54627037623469
7.5136069044659175
7.54627037623469
7.54627037623469
7.75381394763074
7.54627037623469
7.725628314816139
7.75381394763074
7.54627037623469
7.54627037623469
7.54627037623469
7.54627037623469
