0.10000000149011612
0.10000000149011612
0.18780000507831573
0.2206999957561493
0.23309999704360962
0.25529998540878296
0.27720001339912415
0.29429998993873596
0.3416000008583069
0.3634999990463257
0.37709999084472656
0.3901999890804291
0.40610000491142273
0.4156999886035919
0.4242999851703644
0.4334000051021576
0.4424999952316284
0.44780001044273376
0.4616999924182892
0.4681999981403351
0.4726000130176544
0.48339998722076416
0.48579999804496765
0.49079999327659607
0.49729999899864197
0.5069000124931335
0.5120999813079834
0.5157999992370605
0.5202000141143799
0.5288000106811523
0.5325000286102295
0.5343999862670898
0.5403000116348267
0.5442000031471252
0.5516999959945679
0.5534999966621399
0.5540000200271606
0.5595999956130981
0.5645999908447266
0.5667999982833862
0.5698999762535095
0.5746999979019165
0.5787000060081482
0.5799999833106995
0.5842999815940857
0.5874999761581421
0.5867000222206116
0.5927000045776367
0.5918999910354614
0.5979999899864197
0.597100019454956
0.6007999777793884
0.6057999730110168
0.6075999736785889
0.6080999970436096
0.6123999953269958
0.6110000014305115
0.6157000064849854
0.6177999973297119
0.6207000017166138
0.6237000226974487
0.6215000152587891
0.6243000030517578
0.6258999705314636
0.6270999908447266
0.6263999938964844
0.6291000247001648
0.6291999816894531
0.6335999965667725
0.6338000297546387
0.6326000094413757
0.632099986076355
0.6328999996185303
0.6366999745368958
0.635200023651123
0.6366000175476074
0.6363000273704529
0.6377000212669373
0.6358000040054321
0.6378999948501587
0.6428999900817871
0.6406000256538391
0.6399999856948853
0.6442000269889832
0.6452000141143799
0.6453999876976013
0.644599974155426
0.6470000147819519
0.646399974822998
0.6482999920845032
0.6489999890327454
0.6485999822616577
0.6507999897003174
0.6499000191688538
0.6477000117301941
0.6517000198364258
0.649399995803833
0.6506999731063843
0.652400016784668
0.6541000008583069
