0.10000000149011612
0.10320000350475311
0.20800000429153442
0.22259999811649323
0.2540999948978424
0.26649999618530273
0.28630000352859497
0.3158000111579895
0.3409000039100647
0.36910000443458557
0.3792000114917755
0.38960000872612
0.4025999903678894
0.41130000352859497
0.4180000126361847
0.43050000071525574
0.44350001215934753
0.4496999979019165
0.45829999446868896
0.46309998631477356
0.46779999136924744
0.4724000096321106
0.4799000024795532
0.4853000044822693
0.49320000410079956
0.49410000443458557
0.5002999901771545
0.5019000172615051
0.5078999996185303
0.5121999979019165
0.5174000263214111
0.519599974155426
0.5274999737739563
0.5267000198364258
0.5340999960899353
0.5401999950408936
0.5410000085830688
0.546500027179718
0.5480999946594238
0.5551999807357788
0.5583000183105469
0.5601000189781189
0.5647000074386597
0.5644000172615051
0.5710999965667725
0.5741999745368958
0.5778999924659729
0.5781000256538391
0.5839999914169312
0.5856000185012817
0.5875999927520752
0.5932000279426575
0.5929999947547913
0.5946999788284302
0.5975000262260437
0.6015999913215637
0.6035000085830688
0.6071000099182129
0.6071000099182129
0.6133000254631042
0.6139000058174133
0.6159999966621399
0.6148999929428101
0.6211000084877014
0.6225000023841858
0.6236000061035156
0.6237000226974487
0.6276000142097473
0.6243000030517578
0.6273000240325928
0.6270999908447266
0.6298999786376953
0.6308000087738037
0.6294000148773193
0.6330999732017517
0.6367999911308289
0.6366999745368958
0.6366000175476074
0.6388000249862671
0.6420999765396118
0.6391000151634216
0.6401000022888184
0.640999972820282
0.6435999870300293
0.6421999931335449
0.6399000287055969
0.6421999931335449
0.6452000141143799
0.646399974822998
0.6467000246047974
0.6448000073432922
0.6491000056266785
0.6478000283241272
0.6473000049591064
0.6498000025749207
0.6489999890327454
0.6500999927520752
0.651199996471405
0.65420001745224
0.6536999940872192
