0.10000000149011612
0.10000000149011612
0.188400000333786
0.22529999911785126
0.24120000004768372
0.25290000438690186
0.2815000116825104
0.3237999975681305
0.3431999981403351
0.3666999936103821
0.3792000114917755
0.38499999046325684
0.39890000224113464
0.40939998626708984
0.4106999933719635
0.4189999997615814
0.423799991607666
0.43790000677108765
0.4406999945640564
0.4458000063896179
0.45210000872612
0.45879998803138733
0.4652999937534332
0.4749000072479248
0.47839999198913574
0.48080000281333923
0.49320000410079956
0.49779999256134033
0.5060999989509583
0.510200023651123
0.5138999819755554
0.51910001039505
0.5264999866485596
0.5292999744415283
0.5333999991416931
0.5400999784469604
0.5428000092506409
0.5458999872207642
0.5503000020980835
0.5504999756813049
0.5530999898910522
0.5575000047683716
0.5575000047683716
0.5612000226974487
0.5633999705314636
0.5669000148773193
0.5685999989509583
0.5748000144958496
0.5755000114440918
0.5803999900817871
0.5838000178337097
0.5842000246047974
0.5861999988555908
0.5920000076293945
0.590499997138977
0.5935999751091003
0.5942999720573425
0.5976999998092651
0.6000000238418579
0.6017000079154968
0.6054999828338623
0.6064000129699707
0.6071000099182129
0.6086000204086304
0.6108999848365784
0.6107000112533569
0.6146000027656555
0.6139000058174133
0.6175000071525574
0.6179999709129333
0.6176999807357788
0.623199999332428
0.6230000257492065
0.6254000067710876
0.6262000203132629
0.6262999773025513
0.6273999810218811
0.6294000148773193
0.6305999755859375
0.633400022983551
0.6342999935150146
0.6355000138282776
0.6327999830245972
0.6340000033378601
0.6359999775886536
0.6363000273704529
0.6373000144958496
0.63919997215271
0.6414999961853027
0.6434000134468079
0.6430000066757202
0.6384000182151794
0.644599974155426
0.6481000185012817
0.6438000202178955
0.6481999754905701
0.6488999724388123
0.6482999920845032
0.6477000117301941
0.6503000259399414
