0.10000000149011612
0.16019999980926514
0.2101999968290329
0.2313999980688095
0.24789999425411224
0.26980000734329224
0.3052999973297119
0.3522000014781952
0.3675999939441681
0.3874000012874603
0.3968000113964081
0.40950000286102295
0.4221000075340271
0.42660000920295715
0.4361000061035156
0.4480000138282776
0.4569999873638153
0.4645000100135803
0.4749000072479248
0.48069998621940613
0.49079999327659607
0.49390000104904175
0.5013999938964844
0.5070000290870667
0.5105000138282776
0.5170999765396118
0.5210999846458435
0.526199996471405
0.5332000255584717
0.535099983215332
0.5376999974250793
0.5468999743461609
0.5455999970436096
0.5511999726295471
0.5533000230789185
0.5532000064849854
0.5583000183105469
0.5593000054359436
0.5659000277519226
0.5654000043869019
0.5651999711990356
0.5717999935150146
0.5728999972343445
0.5748999714851379
0.5827999711036682
0.5825999975204468
0.5824999809265137
0.586899995803833
0.5903000235557556
0.5924999713897705
0.5942999720573425
0.597000002861023
0.5964000225067139
0.6026999950408936
0.6025999784469604
0.6043999791145325
0.6083999872207642
0.6069999933242798
0.6083999872207642
0.6115999817848206
0.6147000193595886
0.6166999936103821
0.6151999831199646
0.6190000176429749
0.6202999949455261
0.621999979019165
0.6230999827384949
0.6281999945640564
0.6276999711990356
0.630299985408783
0.6283000111579895
0.629800021648407
0.6344000101089478
0.6363000273704529
0.6366000175476074
0.6399000287055969
0.6380000114440918
0.6388999819755554
0.6420999765396118
0.6410999894142151
0.6442000269889832
0.6464999914169312
0.6481999754905701
0.6478999853134155
0.6474999785423279
0.6471999883651733
0.6482999920845032
0.6498000025749207
0.6518999934196472
0.6492000222206116
0.6523000001907349
0.6527000069618225
0.6532999873161316
0.6541000008583069
0.6545000076293945
0.6557000279426575
0.6543999910354614
0.6578999757766724
0.6553000211715698
0.6561999917030334
