50.43476939207426
67.72590145315931
45.43875448425055
50.43476939207426
46.56287721981099
49.76328973350924
49.23498091252759
45.43875448425055
41.88033078057059
45.43875448425055
46.56287721981099
44.66322320277627
44.66322320277627
44.66322320277627
45.28921498304361
41.88033078057059
44.66322320277627
45.28921498304361
45.28921498304361
45.28921498304361
44.01820907669536
44.33660325772025
46.56287721981099
44.66322320277627
41.88033078057059
41.88033078057059
46.56287721981099
44.66322320277627
44.01820907669536
44.66322320277627
45.43875448425055
41.88033078057059
41.88033078057059
45.28921498304361
46.56287721981099
44.66322320277627
45.28921498304361
44.33660325772025
45.43875448425055
45.43875448425055
45.43875448425055
41.88033078057059
44.66322320277627
45.43875448425055
41.88033078057059
44.66322320277627
44.66322320277627
41.88033078057059
44.01820907669536
45.43875448425055
44.66322320277627
44.01820907669536
44.33660325772025
45.43875448425055
44.01820907669536
44.33660325772025
45.43875448425055
41.88033078057059
41.88033078057059
45.43875448425055
41.88033078057059
44.01820907669536
46.56287721981099
44.01820907669536
41.88033078057059
41.88033078057059
41.88033078057059
44.01820907669536
44.01820907669536
41.88033078057059
44.66322320277627
45.43875448425055
44.66322320277627
41.88033078057059
45.28921498304361
44.66322320277627
44.01820907669536
44.66322320277627
44.66322320277627
44.33660325772025
44.66322320277627
44.66322320277627
44.33660325772025
41.88033078057059
46.56287721981099
44.01820907669536
41.88033078057059
41.88033078057059
46.56287721981099
44.33660325772025
44.33660325772025
45.43875448425055
44.66322320277627
44.66322320277627
44.01820907669536
41.88033078057059
44.33660325772025
44.33660325772025
44.01820907669536
44.01820907669536
