48.43221334693971
54.519301321673126
44.66322320277627
44.66322320277627
46.56287721981099
44.01820907669536
44.01820907669536
44.33660325772025
41.88033078057059
41.88033078057059
44.01820907669536
45.28921498304361
41.88033078057059
41.88033078057059
44.33660325772025
41.88033078057059
41.88033078057059
41.88033078057059
41.88033078057059
41.88033078057059
44.33660325772025
41.88033078057059
41.88033078057059
44.33660325772025
44.01820907669536
41.88033078057059
44.01820907669536
41.88033078057059
44.66322320277627
44.01820907669536
41.88033078057059
44.01820907669536
41.88033078057059
41.88033078057059
41.88033078057059
41.88033078057059
41.88033078057059
41.88033078057059
41.88033078057059
41.88033078057059
44.01820907669536
41.88033078057059
41.88033078057059
41.88033078057059
41.88033078057059
44.33660325772025
41.88033078057059
44.66322320277627
41.88033078057059
41.88033078057059
41.88033078057059
41.88033078057059
41.88033078057059
44.33660325772025
41.88033078057059
41.88033078057059
44.01820907669536
41.88033078057059
41.88033078057059
41.88033078057059
41.88033078057059
44.66322320277627
41.88033078057059
41.88033078057059
41.88033078057059
41.88033078057059
44.01820907669536
41.88033078057059
41.88033078057059
44.01820907669536
41.88033078057059
44.01820907669536
44.01820907669536
41.88033078057059
41.88033078057059
44.01820907669536
41.88033078057059
41.88033078057059
44.33660325772025
41.88033078057059
44.01820907669536
44.01820907669536
41.88033078057059
41.88033078057059
41.88033078057059
41.88033078057059
41.88033078057059
41.88033078057059
44.66322320277627
41.88033078057059
41.88033078057059
44.33660325772025
41.88033078057059
41.88033078057059
41.88033078057059
41.88033078057059
41.88033078057059
44.66322320277627
41.88033078057059
41.88033078057059
