9.412723433281501
11.692210712406393
9.412723433281501
9.475876075940254
9.426327218548469
9.254945122178155
9.740525497480078
9.221905682762404
9.221905682762404
9.254945122178155
8.848235763983336
8.882063151815899
8.808582049337616
8.995493911909135
9.221905682762404
8.995493911909135
8.808582049337616
8.808582049337616
8.470645690410171
8.754634746020553
8.754634746020553
8.808582049337616
8.882063151815899
8.882063151815899
8.754634746020553
8.848235763983336
8.808582049337616
8.995493911909135
8.754634746020553
8.882063151815899
8.470645690410171
8.808582049337616
8.470645690410171
8.882063151815899
8.74019754797105
8.754634746020553
8.74019754797105
8.808582049337616
8.808582049337616
8.882063151815899
8.470645690410171
8.995493911909135
8.754634746020553
8.848235763983336
8.808582049337616
8.754634746020553
8.848235763983336
8.848235763983336
8.995493911909135
8.882063151815899
8.74019754797105
8.808582049337616
8.470645690410171
8.808582049337616
8.848235763983336
8.470645690410171
8.470645690410171
8.754634746020553
8.848235763983336
9.254945122178155
8.74019754797105
8.470645690410171
8.470645690410171
8.74019754797105
8.808582049337616
8.470645690410171
8.808582049337616
8.74019754797105
8.74019754797105
8.470645690410171
8.754634746020553
8.848235763983336
8.848235763983336
8.808582049337616
8.754634746020553
8.808582049337616
8.808582049337616
8.848235763983336
8.74019754797105
8.882063151815899
8.808582049337616
8.808582049337616
8.808582049337616
8.808582049337616
8.470645690410171
8.808582049337616
8.995493911909135
8.470645690410171
8.470645690410171
8.808582049337616
8.74019754797105
8.74019754797105
8.882063151815899
8.808582049337616
8.470645690410171
8.74019754797105
8.470645690410171
8.808582049337616
8.74019754797105
8.754634746020553
