44.66322320277627
49.835006554007656
44.33660325772025
46.56287721981099
44.66322320277627
41.88033078057059
41.88033078057059
41.88033078057059
41.88033078057059
41.88033078057059
41.88033078057059
41.88033078057059
41.88033078057059
41.88033078057059
41.88033078057059
41.88033078057059
41.88033078057059
41.88033078057059
41.88033078057059
44.01820907669536
41.88033078057059
41.88033078057059
41.88033078057059
41.88033078057059
41.88033078057059
41.88033078057059
41.88033078057059
41.88033078057059
41.88033078057059
41.88033078057059
41.88033078057059
41.88033078057059
41.88033078057059
41.88033078057059
41.88033078057059
41.88033078057059
41.88033078057059
41.88033078057059
44.01820907669536
41.88033078057059
41.88033078057059
41.88033078057059
41.88033078057059
41.88033078057059
41.88033078057059
41.88033078057059
41.88033078057059
41.88033078057059
41.88033078057059
41.88033078057059
41.88033078057059
41.88033078057059
41.88033078057059
41.88033078057059
41.88033078057059
41.88033078057059
41.88033078057059
41.88033078057059
44.01820907669536
41.88033078057059
41.88033078057059
41.88033078057059
41.88033078057059
41.88033078057059
41.88033078057059
41.88033078057059
41.88033078057059
41.88033078057059
41.88033078057059
41.88033078057059
41.88033078057059
41.88033078057059
41.88033078057059
41.88033078057059
41.88033078057059
41.88033078057059
41.88033078057059
41.88033078057059
41.88033078057059
41.88033078057059
41.88033078057059
41.88033078057059
41.88033078057059
41.88033078057059
41.88033078057059
41.88033078057059
41.88033078057059
41.88033078057059
41.88033078057059
41.88033078057059
41.88033078057059
41.88033078057059
41.88033078057059
41.88033078057059
41.88033078057059
41.88033078057059
41.88033078057059
41.88033078057059
41.88033078057059
41.88033078057059
