9.426327218548469
10.586948734495586
9.740525497480078
9.304436918536883
8.995493911909135
8.848235763983336
8.470645690410171
8.995493911909135
8.754634746020553
8.808582049337616
8.74019754797105
8.882063151815899
8.848235763983336
8.882063151815899
8.74019754797105
8.470645690410171
8.470645690410171
8.470645690410171
8.848235763983336
8.74019754797105
8.754634746020553
8.74019754797105
8.882063151815899
8.74019754797105
8.882063151815899
8.808582049337616
8.470645690410171
8.882063151815899
8.74019754797105
8.74019754797105
8.754634746020553
8.470645690410171
8.470645690410171
8.470645690410171
8.470645690410171
8.754634746020553
8.470645690410171
8.470645690410171
8.470645690410171
8.470645690410171
8.74019754797105
8.808582049337616
8.754634746020553
8.470645690410171
8.74019754797105
8.470645690410171
8.470645690410171
8.74019754797105
8.470645690410171
8.74019754797105
8.470645690410171
8.74019754797105
8.848235763983336
8.470645690410171
8.808582049337616
8.754634746020553
8.470645690410171
8.470645690410171
8.470645690410171
8.74019754797105
8.470645690410171
8.470645690410171
8.470645690410171
8.754634746020553
8.74019754797105
8.470645690410171
8.470645690410171
8.470645690410171
8.470645690410171
8.470645690410171
8.754634746020553
8.470645690410171
8.808582049337616
8.754634746020553
8.470645690410171
8.74019754797105
8.470645690410171
8.470645690410171
8.470645690410171
8.470645690410171
8.74019754797105
8.470645690410171
8.470645690410171
8.470645690410171
8.470645690410171
8.470645690410171
8.470645690410171
8.470645690410171
8.74019754797105
8.470645690410171
8.470645690410171
8.470645690410171
8.470645690410171
8.470645690410171
8.470645690410171
8.808582049337616
8.470645690410171
8.470645690410171
8.808582049337616
8.470645690410171
