8.470645690410171
8.808582049337616
8.808582049337616
8.848235763983336
8.848235763983336
8.808582049337616
8.808582049337616
8.470645690410171
8.754634746020553
8.754634746020553
8.808582049337616
8.470645690410171
8.470645690410171
8.808582049337616
8.470645690410171
8.74019754797105
8.470645690410171
8.470645690410171
8.470645690410171
8.754634746020553
8.470645690410171
8.470645690410171
8.470645690410171
8.470645690410171
8.754634746020553
8.470645690410171
8.470645690410171
8.470645690410171
8.470645690410171
8.470645690410171
8.470645690410171
8.470645690410171
8.470645690410171
8.470645690410171
8.470645690410171
8.470645690410171
8.470645690410171
8.470645690410171
8.470645690410171
8.470645690410171
8.470645690410171
8.470645690410171
8.470645690410171
8.470645690410171
8.470645690410171
8.470645690410171
8.470645690410171
8.470645690410171
8.470645690410171
8.470645690410171
8.470645690410171
8.470645690410171
8.470645690410171
8.470645690410171
8.470645690410171
8.470645690410171
8.470645690410171
8.470645690410171
8.470645690410171
8.470645690410171
8.470645690410171
8.470645690410171
8.470645690410171
8.470645690410171
8.470645690410171
8.470645690410171
8.470645690410171
8.470645690410171
8.470645690410171
8.470645690410171
8.470645690410171
8.470645690410171
8.470645690410171
8.470645690410171
8.470645690410171
8.470645690410171
8.470645690410171
8.470645690410171
8.470645690410171
8.470645690410171
8.470645690410171
8.470645690410171
8.470645690410171
8.470645690410171
8.470645690410171
8.470645690410171
8.470645690410171
8.470645690410171
8.470645690410171
8.470645690410171
8.74019754797105
8.470645690410171
8.470645690410171
8.470645690410171
8.470645690410171
8.470645690410171
8.470645690410171
8.470645690410171
8.470645690410171
8.470645690410171
