0.10000000149011612
0.10000000149011612
0.19660000503063202
0.21459999680519104
0.24070000648498535
0.2581999897956848
0.2815000116825104
0.33230000734329224
0.3504999876022339
0.37700000405311584
0.39320001006126404
0.4050999879837036
0.4097000062465668
0.4129999876022339
0.41990000009536743
0.4251999855041504
0.43950000405311584
0.4440999925136566
0.4564000070095062
0.4618000090122223
0.47049999237060547
0.4708000123500824
0.48570001125335693
0.4921000003814697
0.5005000233650208
0.5034000277519226
0.5098999738693237
0.5163000226020813
0.5217999815940857
0.5239999890327454
0.5297999978065491
0.5357999801635742
0.5393999814987183
0.546500027179718
0.5521000027656555
0.5546000003814697
0.557200014591217
0.5616000294685364
0.5634999871253967
0.5691999793052673
0.5709999799728394
0.573199987411499
0.5787000060081482
0.5773000121116638
0.5828999876976013
0.5848000049591064
0.5871000289916992
0.5928000211715698
0.5964000225067139
0.5963000059127808
0.5986999869346619
0.5976999998092651
0.6007999777793884
0.6044999957084656
0.607200026512146
0.6078000068664551
0.6111000180244446
0.607699990272522
0.6136999726295471
0.616100013256073
0.6169000267982483
0.6194999814033508
0.6146000027656555
0.6197999715805054
0.6183000206947327
0.6226999759674072
0.6254000067710876
0.6273999810218811
0.6266000270843506
0.6240000128746033
0.6309999823570251
0.6335999965667725
0.6320000290870667
0.6291999816894531
0.6298999786376953
0.6348999738693237
0.6388000249862671
0.6388999819755554
0.6391000151634216
0.6384999752044678
0.640500009059906
0.638700008392334
0.6399999856948853
0.6401000022888184
0.6406000256538391
0.6419000029563904
0.6414999961853027
0.6449000239372253
0.6401000022888184
0.6445000171661377
0.6463000178337097
0.6456999778747559
0.6485999822616577
0.645799994468689
0.6496000289916992
0.6488000154495239
0.6498000025749207
0.6496999859809875
0.6498000025749207
0.6481999754905701
