0.10000000149011612
0.10000000149011612
0.20640000700950623
0.23839999735355377
0.2572000026702881
0.2809000015258789
0.31209999322891235
0.3328000009059906
0.35659998655319214
0.375900000333786
0.391400009393692
0.4036000072956085
0.42570000886917114
0.43950000405311584
0.4498000144958496
0.45899999141693115
0.4668999910354614
0.4726000130176544
0.4771000146865845
0.48420000076293945
0.48829999566078186
0.49549999833106995
0.5026000142097473
0.5090000033378601
0.5146999955177307
0.5206000208854675
0.5264000296592712
0.5289999842643738
0.5375000238418579
0.5383999943733215
0.5437999963760376
0.5475000143051147
0.5512999892234802
0.555899977684021
0.5562000274658203
0.565500020980835
0.5680999755859375
0.5706999897956848
0.5720999836921692
0.5760999917984009
0.5770000219345093
0.5820000171661377
0.5860000252723694
0.5856999754905701
0.5896000266075134
0.590499997138977
0.5931000113487244
0.5986999869346619
0.6011000275611877
0.6028000116348267
0.6028000116348267
0.6061999797821045
0.6110000014305115
0.6132000088691711
0.6159999966621399
0.6191999912261963
0.6136999726295471
0.6208000183105469
0.6222000122070312
0.625
0.6238999962806702
0.6251999735832214
0.6284999847412109
0.6292999982833862
0.6313999891281128
0.6324999928474426
0.6348999738693237
0.6327999830245972
0.6310999989509583
0.633899986743927
0.6337000131607056
0.6355999708175659
0.6373999714851379
0.6366999745368958
0.6435999870300293
0.6442000269889832
0.6470999717712402
0.6406000256538391
0.6470999717712402
0.6448000073432922
0.6455000042915344
0.6470999717712402
0.6496000289916992
0.6524999737739563
0.6481999754905701
0.652400016784668
0.6516000032424927
0.6517000198364258
0.6539000272750854
0.6538000106811523
0.6541000008583069
0.6556000113487244
0.6546000242233276
0.6554999947547913
0.6581000089645386
0.6567999720573425
0.6545000076293945
0.6583999991416931
0.6574000120162964
0.6588000059127808
