0.10000000149011612
0.19210000336170197
0.2540999948978424
0.3034000098705292
0.3447999954223633
0.37299999594688416
0.3935999870300293
0.4106999933719635
0.423799991607666
0.4375
0.45249998569488525
0.4560000002384186
0.4675999879837036
0.4742000102996826
0.48660001158714294
0.4894999861717224
0.4945000112056732
0.5024999976158142
0.5037999749183655
0.5113999843597412
0.5146999955177307
0.5217000246047974
0.5274999737739563
0.5281000137329102
0.5297999978065491
0.534500002861023
0.5353000164031982
0.5404000282287598
0.542900025844574
0.5418000221252441
0.546999990940094
0.5507000088691711
0.5521000027656555
0.5541999936103821
0.5598999857902527
0.5605000257492065
0.5615000128746033
0.5649999976158142
0.5687000155448914
0.5708000063896179
0.5730000138282776
0.5753999948501587
0.5770999789237976
0.5795000195503235
0.5799999833106995
0.5820000171661377
0.5879999995231628
0.5853999853134155
0.5900999903678894
0.5910000205039978
0.59170001745224
0.5909000039100647
0.5932999849319458
0.5927000045776367
0.5965999960899353
0.5952000021934509
0.5960999727249146
0.593999981880188
0.597000002861023
0.5940999984741211
0.5946000218391418
0.598800003528595
0.5982000231742859
0.5985000133514404
0.5983999967575073
0.5996000170707703
0.5985999703407288
0.6039000153541565
0.6007999777793884
0.5992000102996826
0.6013000011444092
0.6007999777793884
0.6018999814987183
0.6025999784469604
0.6004999876022339
0.600600004196167
0.6035000085830688
0.6007999777793884
0.6022999882698059
0.6011999845504761
0.6003000140190125
0.6035000085830688
0.6000000238418579
0.6010000109672546
0.6050000190734863
0.6011000275611877
0.597599983215332
0.5982999801635742
0.597599983215332
0.6007999777793884
0.5981000065803528
0.5993000268936157
0.5971999764442444
0.5975000262260437
0.5946999788284302
0.5949000120162964
0.5950999855995178
0.5963000059127808
0.5903000235557556
0.5929999947547913
