0.10000000149011612
0.13680000603199005
0.2689000070095062
0.3102000057697296
0.3418000042438507
0.3716000020503998
0.3882000148296356
0.40560001134872437
0.41909998655319214
0.4311000108718872
0.44530001282691956
0.45680001378059387
0.46309998631477356
0.4740999937057495
0.4787999987602234
0.4936999976634979
0.4984000027179718
0.5023000240325928
0.5077999830245972
0.5117999911308289
0.5217000246047974
0.5224999785423279
0.5299000144004822
0.531499981880188
0.5386000275611877
0.5418000221252441
0.5473999977111816
0.551800012588501
0.5533999800682068
0.557699978351593
0.5616999864578247
0.5626000165939331
0.567300021648407
0.5713000297546387
0.5720000267028809
0.5735999941825867
0.5752999782562256
0.5777999758720398
0.580299973487854
0.5778999924659729
0.583299994468689
0.5845000147819519
0.5853999853134155
0.588699996471405
0.5881999731063843
0.5899999737739563
0.5899999737739563
0.5885999798774719
0.5889000296592712
0.5931000113487244
0.5942999720573425
0.593999981880188
0.5949000120162964
0.5931000113487244
0.5953999757766724
0.5971999764442444
0.5958999991416931
0.5942999720573425
0.5960000157356262
0.5972999930381775
0.597000002861023
0.5958999991416931
0.5982000231742859
0.5993000268936157
0.6010000109672546
0.5989000201225281
0.6004999876022339
0.600600004196167
0.6007999777793884
0.6025999784469604
0.6032999753952026
0.6043999791145325
0.6067000031471252
0.6013000011444092
0.605400025844574
0.6054999828338623
0.6079999804496765
0.604200005531311
0.6074000000953674
0.6068000197410583
0.6093000173568726
0.607200026512146
0.6075999736785889
0.6079000234603882
0.6086000204086304
0.6079999804496765
0.6086000204086304
0.6057000160217285
0.6082000136375427
0.6040999889373779
0.6074000000953674
0.6049000024795532
0.6050000190734863
0.6082000136375427
0.6051999926567078
0.6086000204086304
0.6078000068664551
0.6046000123023987
0.6054999828338623
0.605400025844574
