0.10000000149011612
0.19820000231266022
0.26820001006126404
0.2976999878883362
0.32429999113082886
0.3610999882221222
0.3869999945163727
0.40779998898506165
0.4172999858856201
0.4235000014305115
0.43560001254081726
0.4472000002861023
0.45579999685287476
0.47029998898506165
0.47530001401901245
0.48500001430511475
0.48350000381469727
0.49149999022483826
0.49720001220703125
0.49950000643730164
0.5051000118255615
0.5091999769210815
0.5145000219345093
0.520799994468689
0.5234000086784363
0.527899980545044
0.5314000248908997
0.5307000279426575
0.5360000133514404
0.5412999987602234
0.5421000123023987
0.5460000038146973
0.5454000234603882
0.5471000075340271
0.5540000200271606
0.5551000237464905
0.5604000091552734
0.5619999766349792
0.5630000233650208
0.5644000172615051
0.5688999891281128
0.5742999911308289
0.574999988079071
0.5751000046730042
0.5794000029563904
0.5802000164985657
0.5857999920845032
0.5856000185012817
0.5856000185012817
0.5892999768257141
0.5911999940872192
0.5913000106811523
0.5953999757766724
0.5981000065803528
0.5976999998092651
0.5950999855995178
0.5972999930381775
0.5972999930381775
0.5972999930381775
0.5963000059127808
0.597599983215332
0.5967000126838684
0.6003000140190125
0.6025999784469604
0.6013000011444092
0.5976999998092651
0.6013000011444092
0.6011999845504761
0.6018999814987183
0.6049000024795532
0.6032000184059143
0.6025999784469604
0.6018999814987183
0.6018999814987183
0.6014999747276306
0.6033999919891357
0.6047000288963318
0.6060000061988831
0.6050000190734863
0.6053000092506409
0.6067000031471252
0.6047000288963318
0.6062999963760376
0.605400025844574
0.6085000038146973
0.6093999743461609
0.603600025177002
0.607200026512146
0.607699990272522
0.6065999865531921
0.6107000112533569
0.6086999773979187
0.6067000031471252
0.6082000136375427
0.6062999963760376
0.6082000136375427
0.6086000204086304
0.6072999835014343
0.607200026512146
0.6050000190734863
