0.10000000149011612
0.10000000149011612
0.1940000057220459
0.22750000655651093
0.2599000036716461
0.2793999910354614
0.302700012922287
0.3425999879837036
0.3587999939918518
0.38499999046325684
0.396699994802475
0.40230000019073486
0.41600000858306885
0.42809998989105225
0.4318000078201294
0.44530001282691956
0.4480000138282776
0.45899999141693115
0.4648999869823456
0.46889999508857727
0.4787999987602234
0.4821000099182129
0.49000000953674316
0.49149999022483826
0.49959999322891235
0.5026999711990356
0.5094000101089478
0.5121999979019165
0.5152000188827515
0.5231999754905701
0.5285000205039978
0.5307999849319458
0.5339999794960022
0.5406000018119812
0.542900025844574
0.5475999712944031
0.548799991607666
0.5541999936103821
0.5587000250816345
0.5615000128746033
0.5641999840736389
0.5640000104904175
0.5684000253677368
0.5720999836921692
0.5759000182151794
0.5755000114440918
0.5809000134468079
0.5827000141143799
0.5879999995231628
0.5896999835968018
0.5907999873161316
0.593500018119812
0.5975000262260437
0.5979999899864197
0.6029000282287598
0.6043000221252441
0.6050000190734863
0.6065999865531921
0.609499990940094
0.6118999719619751
0.6173999905586243
0.6164000034332275
0.6219000220298767
0.6197999715805054
0.6212000250816345
0.6204000115394592
0.6223000288009644
0.6252999901771545
0.6251000165939331
0.6272000074386597
0.6279000043869019
0.6266999840736389
0.6301000118255615
0.6319000124931335
0.6345000267028809
0.6333000063896179
0.633899986743927
0.6347000002861023
0.6341000199317932
0.6373000144958496
0.6333000063896179
0.6370999813079834
0.6348000168800354
0.6370000243186951
0.6406000256538391
0.6412000060081482
0.6377000212669373
0.6385999917984009
0.6428999900817871
0.6414999961853027
0.6442999839782715
0.6464999914169312
0.6431999802589417
0.6442999839782715
0.6459000110626221
0.6450999975204468
0.642300009727478
0.6477000117301941
0.6478999853134155
0.6481000185012817
