10
36
49
135
140
147
171
173
185
217
245
252
253
359
375
387
391
392
432
449
509
525
539
540
572
612
618
653
682
699
731
755
795
903
930
986
1013
1051
1068
1092
1105
1202
1256
1261
1298
1309
1348
1382
1404
1414
1428
1447
1450
1484
1519
1524
1696
1740
1741
1778
1784
1785
1790
1803
1805
1832
1870
1905
1917
1929
1954
1959
1995
2070
2071
2080
2087
2090
2122
2148
2152
2158
2167
2200
2203
2217
2235
2237
2243
2244
2265
2274
2414
2416
2424
2481
2498
2514
2521
2526
2528
2547
2559
2571
2605
2617
2622
2641
2682
2689
2692
2702
2705
2724
2767
2774
2775
2814
2835
2837
2848
2849
2855
2857
2928
2937
2974
2975
2994
3086
3104
3119
3132
3135
3247
3341
3380
3434
3453
3456
3462
3467
3517
3543
3553
3617
3631
3634
3651
3696
3700
3840
3841
3896
3909
3944
3963
4007
4027
4038
4051
4078
4093
4167
4176
4182
4199
4203
4224
4250
4265
4274
4303
4350
4370
4375
4399
4400
4433
4437
4462
4541
4560
4572
4646
4663
4676
4682
4746
4747
4756
4771
4789
4799
4803
4819
4851
4871
4876
4886
4893
4905
4908
4939
4945
4967
5030
5092
5111
5114
5121
5145
5151
5156
5173
5176
5212
5226
5249
5336
5353
5375
5386
5392
5396
5460
5490
5549
5555
5580
5597
5600
5619
5638
5656
5686
5688
5698
5737
5740
5749
5823
5888
5895
5896
5911
6020
6024
6028
6030
6036
6101
6113
6137
6144
6159
6178
6210
6215
6219
6251
6257
6275
6280
6316
6346
6408
6474
6487
6502
6527
6551
6613
6620
6622
6679
6705
6745
6759
6779
6833
6921
6950
6978
7009
7011
7027
7029
7041
7051
7053
7103
7105
7141
7161
7246
7260
7315
7326
7329
7339
7340
7367
7402
7419
7442
7482
7509
7523
7528
7569
7579
7588
7677
7687
7740
7754
7776
7785
7797
7875
7919
7957
7958
8009
8027
8039
8040
8053
8073
8091
8108
8160
8197
8205
8223
8240
8293
8305
8306
8315
8362
8366
8400
8421
8434
8449
8462
8482
8495
8512
8607
8685
8716
8726
8728
8798
8808
8825
8828
8834
8835
8841
8844
8856
8917
8921
8927
8974
8975
9042
9078
9103
9112
9125
9143
9150
9166
9171
9176
9199
9304
9324
9331
9350
9375
9376
9399
9469
9475
9486
9495
9525
9623
9629
9649
9668
9735
9738
9762
16879
47184
47197
34929
14222
36824
30431
15194
18500
25116
2396
6979
17944
39812
20030
19744
34015
8498
7219
2311
37889
20062
47272
7637
39667
5792
4441
31828
35512
7
8914
49310
40853
14801
25917
20699
48576
31217
2113
39247
15296
49391
1412
11039
18723
10162
17985
22854
3191
36677
16667
35020
1365
41496
5139
575
19535
15324
33763
21843
7120
48255
25107
14818
38042
21816
24469
47275
35982
15359
12722
21394
49377
36691
17463
42814
10073
13336
9184
35252
40517
5307
13775
27565
17477
38057
43884
5710
14233
8708
954
33636
14589
23609
32733
49198
18227
15932
17005
41332
14556
10259
25365
41620
49470
43892
30075
30803
8659
6864
22792
31436
45336
17989
21101
22730
46412
31304
31360
49413
7577
26104
20094
11553
42996
22291
20109
10235
16464
42255
23167
5943
47301
22852
647
27406
36784
27288
25811
49772
46549
36078
17956
18956
19037
12714
24917
10887
6072
24758
35485
28832
6600
47099
17652
6748
26264
41968
3186
29196
19263
6363
42378
45103
39807
1905
13009
17411
25411
34378
39053
38121
39266
40585
32068
37055
5403
8744
30956
28715
1483
23627
26903
43833
44286
30417
27985
48307
12
1890
49037
14370
7402
3996
43936
3138
45224
11323
46875
1930
1273
43830
36729
20903
45572
8646
2256
42751
26193
26606
16750
42612
2814
36811
8687
9628
8694
3255
1369
36203
1019
11154
6076
26749
15098
7186
8681
49203
48697
36654
30993
35924
14780
49811
22272
4833
17364
27511
8430
21060
46641
3914
6624
27038
41416
11053
41755
33308
20614
29823
22019
37658
18667
46353
38094
36987
6850
7488
25122
6759
11877
5936
31992
37683
36580
42555
6821
3450
8078
12900
14788
13888
29137
1173
29305
21109
24141
47575
48829
49814
48304
22116
43393
48596
2614
36833
22076
32399
11846
38575
45939
24237
44514
23037
17177
8642
10274
43915
13022
29892
16881
33981
11088
4898
17198
16788
3275
36452
29740
44386
26895
25791
3824
727
6386
27697
15511
14301
6892
29824
30972
4258
14738
19394
38938
23892
35975
17524
38688
4315
26441
33908
9851
267
33935
28132
35133
33330
30548
42951
7372
47319
24974
1650
19821
21508
42964
114
24346
17532
19349
43193
34782
8604
40694
49363
31359
43782
22052
29667
43902
22414
21967
32561
48490
48236
47092
321
15290
21589
12566
25334
42719
19542
32469
17951
47438
40730
2554
35888
31779
27182
39810
33805
48177
33855
35815
11284
22324
45054
47125
48382
49071
32514
41780
48486
33968
37556
35623
31777
45722
11502
27113
27883
2366
24052
36189
44363
38468
47056
45945
44843
3817
48567
21613
20357
40539
858
35336
9486
13737
27320
23718
44101
3157
49139
14808
31569
21963
23750
26910
24088
14757
48948
19642
18941
30121
3733
42052
23811
20678
15772
46383
23867
13442
11778
47153
20417
36135
26270
3473
31236
11761
35108
6401
27756
36098
4134
47323
4928
43792
38180
21891
33485
23928
31172
27098
5779
5812
31357
27423
45916
28044
38425
19978
3389
6335
49048
366
44607
14446
37884
46454
28168
39270
7611
22706
29664
5774
7450
14290
43643
40744
41655
394
6257
7323
3400
3622
15514
3946
36303
40684
12437
44076
18534
34308
33040
2651
9133
17737
19383
49765
43724
47325
44559
47417
44091
21599
12482
40692
28579
2397
25413
45147
913
12476
44826
6528
7273
17378
47321
30761
44292
9186
30203
2977
5279
29648
26017
4513
34918
19794
42118
48487
33475
35426
34583
38155
24439
23310
8142
11484
28197
47924
38920
8927
31265
5326
9789
49943
10886
25741
16000
13295
2399
23331
47170
16996
5328
48180
49103
28916
14611
37624
43223
33151
42955
43717
42290
19300
47887
47996
43128
36205
16114
17549
47466
22655
27421
9369
31847
44424
17804
28257
18517
35407
22896
11749
10347
31117
24824
22723
46228
14057
33102
32383
16039
20247
28911
4809
39962
4871
26196
5126
1997
49627
21695
35220
48581
11102
38767
9640
6278
38760
1046
33397
26821
2472
23330
8751
13789
12713
21904
5366
21657
21302
38875
12579
25453
15720
35122
19555
31624
22180
31528
28262
9207
37767
43436
23292
14002
48620
39949
41205
3933
38890
16298
45527
8106
30030
37948
27078
33265
27748
10028
31597
25164
1215
43579
38243
7385
19986
28468
35421
29872
14980
41111
42330
10077
39144
17569
38553
29323
29369
10573
2677
6487
49396
20681
8845
10813
12099
11046
25080
30805
41704
26767
15020
37230
14944
16052
5930
10858
48453
10371
6051
39700
33524
24122
40570
6939
15013
38178
39429
24014
8277
31659
21108
18428
31990
27145
29178
1927
16104
24901
11065
1495
46726
46400
17587
30670
37186
30410
17374
40447
52
388
43896
44531
41729
8076
47110
34990
47516
34631
13950
3598
30082
41949
17840
25342
29124
47941
25213
33821
4059
31316
5784
22219
41239
37896
19443
40533
3534
2201
34440
49241
47263
48527
42386
10687
42366
39727
44086
44878
8312
37836
26699
7836
38113
41959
46672
6800
4075
7989
40005
10754
40743
45682
46946
7736
49942
29236
3782
6283
41735
21409
18195
46583
11350
19791
797
12432
14144
49262
49226
33254
45468
30447
38884
5518
1562
36172
25865
47923
38500
13193
23501
47559
34733
25370
40238
29453
19909
9964
13732
17254
30253
38915
24862
39425
4325
5188
45824
27936
33904
36589
22612
28812
49592
36977
27952
2492
6953
3606
48741
1833
9981
6677
23098
31573
31389
16811
46869
49246
41679
37893
19247
15806
4499
49350
44348
2891
4686
1197
21902
22678
30053
37716
29957
39078
28498
49578
44982
46040
34412
27161
14928
3209
794
24370
47356
6522
44261
29326
33106
14671
19777
40637
30348
47455
37228
26006
17181
1583
15317
44935
34904
15647
10140
38025
29669
12547
19968
35631
20230
14044
25228
43647
23993
11289
4712
30163
7101
35025
44784
41197
1490
38539
45449
32239
42381
26133
24916
45112
47460
26318
34470
16074
1395
12464
43079
23053
49986
29644
1825
23265
4341
40897
35002
19940
49162
25601
46301
2813
25197
37405
36256
16870
8946
16344
34357
35046
17979
41449
32688
49272
6752
41956
7152
23204
39529
38176
47382
36957
10529
40318
33341
24573
19712
29486
45256
14449
28023
8115
22520
22036
44505
13272
44839
49407
26285
29686
18504
47731
26835
9773
33648
18079
17298
25764
48035
25575
7849
10852
15055
48927
956
754
15413
48803
34937
30455
40821
20202
40208
48357
26031
19346
44006
45540
8546
595
3413
28156
43158
14531
10994
45490
25952
18481
10695
37520
42018
49281
25349
12479
48918
49695
22405
38367
40659
2030
24012
7939
32440
36499
46368
11974
28771
10772
10892
21718
21301
24574
21622
38965
25266
34253
46834
44406
15047
26356
48466
47383
10277
11321
34788
24293
38394
10816
46806
32053
31215
4433
12864
39708
29741
28951
41506
48903
4544
842
30556
41754
6699
4427
48456
41426
12397
3374
28853
3151
17822
11581
15366
17575
28496
48858
17469
18431
12909
22312
18823
32032
16025
19278
16022
17589
11146
21927
33299
35988
6291
37010
40942
21051
25329
10873
10465
15969
35776
35969
18973
11996
45352
2801
24708
43435
15521
9079
42936
12097
24472
35483
338
14977
9453
40325
15999
21430
14745
25068
2620
25742
45230
28894
28048
15283
23576
15245
22179
42238
39303
37262
36281
40064
16582
37430
17668
27915
17001
30890
20992
4933
29416
37957
28638
14431
39443
48714
10584
22599
20175
8595
31461
45995
13198
32354
19408
20879
13136
25322
2960
10184
36597
33921
21994
49809
46982
8469
4938
4613
11527
37019
44845
15117
14143
2601
13299
23259
18041
28087
10685
15427
37016
48826
38780
19636
28486
22812
11460
6010
37608
34356
13709
16026
49606
36248
39111
20010
39755
38713
21535
42034
47522
29331
37489
36839
37158
5101
33120
12845
131
12036
37791
22883
22201
47046
2290
19466
31491
19304
7756
13092
37908
12272
28446
17910
45790
10034
18869
43587
30422
48104
29081
15070
17129
26779
48837
49648
25584
45000
26107
1776
24782
19629
48219
11051
35341
49731
17408
42771
14202
25876
45505
5239
44353
15796
6372
45858
25755
31739
9071
2140
16229
5674
49893
12625
41838
41626
19121
22624
19844
28969
8980
19200
32750
10225
10879
3150
5276
21822
22955
26392
31321
12157
32433
40817
49620
21113
40266
31247
13394
35767
3364
15644
46620
40199
23344
27998
45934
11669
23910
33071
523
18549
8931
30659
15120
11167
391
4996
43144
13974
24536
19348
32152
43531
34240
7141
33585
40243
5771
7621
29350
34241
40203
29778
22980
45861
9462
1561
5597
6564
45337
45950
42593
30187
39988
31807
8064
20436
13622
29745
39395
28429
40567
3627
49737
42634
36805
11595
11837
13942
44222
7798
9436
7895
19325
5579
1716
27726
21553
40061
25154
47890
20757
19235
42421
33496
2700
19905
20819
47880
33348
48551
4795
30430
46032
6715
26553
46860
8615
35523
18017
6865
22204
18528
4396
15889
4399
19089
31452
10874
42390
38236
43498
10560
17081
21082
16941
37082
40234
17182
26697
7845
18589
12984
31671
38833
14863
37695
42268
3427
29499
37292
24858
46666
6032
39513
38062
41123
26732
46640
4676
23571
11428
2075
45034
4401
39406
25553
771
40916
23262
28234
32668
26037
16091
23940
46942
39017
14374
25108
15791
42137
3054
44374
15613
21353
9243
4820
14822
30065
35729
16877
47604
34165
48066
20489
13569
38358
39726
824
3953
32528
9165
6164
36565
4248
49229
41805
35462
25679
2553
23909
5935
7945
31718
33495
46783
35056
26420
10730
33191
41473
26826
15073
44016
7672
37346
35709
26692
15942
20018
24449
39180
35589
42595
20299
46572
15132
31818
19179
40912
5116
21601
9587
17812
9689
45699
7863
26814
5890
14066
32568
7819
12018
29441
22403
13267
10127
73
8508
20369
7666
10081
7817
47366
17678
14799
7197
22647
40106
19062
2360
9795
39215
12627
25271
17499
22444
43083
48679
20701
32995
5160
28895
21692
23753
34392
4671
4024
37266
31958
5401
30199
27363
8605
39351
847
9957
24197
37286
33324
29359
13645
35329
38225
6966
6321
32740
26810
49939
44111
41693
16171
14537
1113
499
43906
28184
38803
16467
12794
36239
32640
11520
