22
55
67
83
84
90
144
160
185
207
208
290
327
337
343
376
380
490
507
517
531
543
551
557
560
572
581
609
648
707
736
792
822
856
901
956
1016
1027
1048
1051
1079
1110
1151
1194
1246
1247
1270
1281
1309
1310
1344
1367
1369
1406
1426
1487
1545
1565
1630
1683
1727
1787
1788
1790
1798
1842
1960
1971
2052
2055
2099
2104
2109
2130
2141
2155
2164
2187
2214
2315
2321
2331
2368
2416
2500
2506
2567
2581
2627
2633
2638
2681
2715
2868
2894
2941
2950
2958
3024
3037
3071
3090
3092
3129
3153
3168
3170
3176
3207
3222
3223
3254
3265
3380
3396
3410
3421
3432
3460
3501
3516
3527
3529
3533
3542
3552
3555
3559
3602
3610
3639
3650
3696
3722
3761
3765
3771
3784
3820
3864
3974
3982
3995
4068
4074
4081
4091
4148
4165
4179
4222
4248
4249
4254
4269
4285
4297
4311
4330
4333
4368
4429
4443
4483
4498
4499
4516
4588
4619
4644
4661
4697
4759
4803
4824
4910
4916
4944
4956
4958
4973
4974
4981
4994
4999
5002
5005
5016
5097
5159
5185
5229
5244
5306
5322
5363
5376
5429
5439
5470
5484
5498
5517
5528
5546
5575
5595
5633
5649
5656
5667
5770
5786
5795
5821
5860
5863
5866
5977
5982
6027
6065
6090
6097
6129
6154
6157
6254
6285
6298
6300
6390
6492
6560
6580
6608
6620
6632
6635
6657
6665
6669
6693
6694
6726
6755
6787
6853
6875
6883
6884
6889
6916
6940
6950
6980
7002
7036
7052
7063
7070
7077
7151
7174
7182
7183
7193
7203
7214
7216
7247
7255
7301
7329
7366
7371
7403
7428
7478
7510
7524
7526
7527
7529
7546
7587
7589
7602
7670
7699
7722
7729
7796
7838
7861
7882
7896
7904
7927
7932
7996
8009
8018
8054
8083
8093
8097
8123
8170
8186
8225
8294
8295
8345
8381
8416
8451
8476
8520
8535
8542
8545
8570
8600
8608
8617
8653
8691
8695
8704
8709
8725
8757
8765
8809
8828
8832
8851
8892
8935
8937
8966
8976
9038
9048
9064
9090
9117
9135
9150
9162
9164
9177
9178
9182
9184
9216
9254
9264
9309
9310
9339
9344
9370
9373
9382
9418
9434
9456
9482
9484
9491
9535
9583
9584
9625
9657
9684
9763
9790
9823
9890
9902
9927
9932
9984
9989
9995
10013
10034
10064
10075
10082
10118
10125
10134
10164
10165
10228
10240
29927
49349
49091
25808
45716
25290
10130
8425
783
30827
32613
24507
45364
5103
8342
47329
4477
21092
1980
14216
42621
37049
43996
24677
44141
32683
35835
38711
23024
41038
41588
5082
40843
28302
44709
33542
6124
49498
41036
39149
23352
46287
40978
13561
15839
29173
11487
2633
49891
3304
21732
23984
36623
4269
16380
22062
44794
293
46992
22109
2342
36386
29732
405
31023
11100
12960
28636
32398
10955
46613
36149
31029
17465
33781
37738
36180
1147
46603
4925
46137
24793
48266
22858
32033
42361
41490
38518
26607
38847
42630
32233
1227
44582
16397
22622
45956
30324
1524
2512
24814
48239
23297
5028
37061
32483
40492
33380
28272
40740
31127
2804
24735
7144
21892
1674
20723
1629
33975
33694
21297
31987
42272
17115
32617
1205
47994
47931
7002
27211
33160
2895
22458
10804
5665
16596
34123
15900
29232
4689
31756
5530
7660
37761
13817
10499
36981
45559
33919
17932
45297
23254
15661
3073
47298
6543
35553
38083
24792
871
15008
18105
48324
34280
47966
46910
26842
38656
36287
11979
10637
19529
25581
18763
19395
407
20256
20916
43949
13401
37984
2142
32708
10716
38003
32885
29348
1400
28817
39826
8079
16554
15572
17156
28972
35039
9014
7770
17076
46419
39372
35528
12037
18102
16010
41702
14592
27415
23035
45412
6952
3607
45349
13174
12659
12252
2652
48295
31286
44298
9767
25599
33943
32444
21217
26088
26922
34125
7537
47799
12534
25816
18299
33933
38431
26505
42372
2773
30487
19011
25023
37068
38041
40159
47802
1878
5604
26824
40679
11732
42628
21231
4798
19196
8753
5984
22699
8199
36909
1607
47849
18940
39886
33419
19332
37102
49164
32839
26286
2859
9438
2680
22645
19237
28428
27431
1086
10202
1887
48105
35354
20790
28467
15255
5883
5928
38617
8098
47176
10330
4239
20205
26913
13069
36325
10896
21413
20983
5924
32309
48557
6308
3136
18215
46116
24681
37905
37495
30177
44906
49420
15097
19390
179
23224
38718
44178
49660
42722
13090
8410
17573
47805
40516
21144
38823
10050
47557
40346
21997
46277
19928
31000
22973
17486
47022
45525
49856
44170
7757
31991
26840
41651
15102
31412
11937
39957
40411
30709
38433
20928
20813
46430
436
37160
5969
34032
12010
48748
27042
26499
44307
13800
3549
20190
38205
41456
6393
938
25746
25242
2598
18012
13915
44175
27047
2429
32365
37693
40652
32573
735
10212
39201
7655
37328
31648
26258
25110
43993
16075
279
39138
46474
22540
16513
25251
26226
1935
19633
43660
11975
9751
36049
20862
37704
46148
44653
12297
12029
43698
30428
26693
46964
24104
32831
24753
45387
21602
40022
3859
9566
9236
11944
44257
4821
3548
10401
41242
24285
41118
19065
28921
4957
12363
989
38235
3831
44749
13707
16137
481
34109
20434
48546
42711
10577
8099
24111
47925
34026
5323
35683
41019
11612
28320
12226
7168
13835
12542
40747
7015
36007
16721
40806
22907
39883
44319
45737
13668
38885
32247
352
25714
15871
35761
11838
19761
41821
35182
7360
37718
15452
30029
19988
13850
41243
41355
25995
39995
35286
16002
45516
29003
39780
16103
34417
30205
6142
34750
43054
32188
10686
28716
24395
9379
39027
45373
24252
26708
19329
1708
14441
6687
48958
25082
39080
21338
38943
37976
43508
35132
30537
39397
18525
24589
8558
21387
33058
9373
8268
32670
46802
21533
46224
7014
564
36901
22684
19294
36195
36357
4941
9119
39044
43073
7502
39774
31586
16579
5521
45304
23866
23854
608
48677
22370
17232
29666
38130
17568
44498
30152
27961
25787
37566
30257
504
5743
24844
22557
40245
14365
38900
28179
42456
4655
30645
26269
33325
31369
26421
14486
6170
16219
31214
4619
43292
34711
25531
23171
29118
48485
46619
21573
37532
36311
38545
34131
34746
16235
21964
3382
15149
9123
4163
32990
17396
30497
7991
11176
38039
27267
1755
10777
12284
6260
47402
46458
34009
44136
35327
1481
15870
8623
21087
47550
7528
35417
5194
41907
29593
15866
32954
35377
23808
34627
29039
45936
48148
10486
18935
42563
7299
15191
38639
12296
14528
18018
49092
5719
36606
4273
49557
41151
8925
35658
26076
9384
41238
3211
29244
37841
44468
30052
19573
29879
41235
40612
40556
5699
605
11643
20824
14482
23797
20045
1214
15886
373
7599
694
38341
4543
12640
21404
34500
4018
8209
37325
41234
33421
48470
15003
26164
8392
11671
6518
8155
18218
14194
42435
48013
2780
9314
43757
44165
25288
13583
31246
43303
13627
21815
39760
24668
47017
46782
12911
25797
14591
77
29518
17226
32267
20393
10601
43504
38681
22200
2233
8553
47271
46898
15887
4967
4571
27179
29606
31459
47726
19904
14782
32062
44430
15113
42235
39725
5327
7327
46872
41414
45010
16056
46763
165
41164
27080
26723
30078
48071
26391
49387
39875
189
33895
41457
36148
10470
12028
18200
264
10675
18424
3918
23175
33347
44243
18657
28619
45166
32403
6688
23667
44940
35430
18697
8453
21119
2707
7511
4476
3515
43811
22276
41546
45509
18803
3318
3466
7174
12754
8018
15509
25457
36615
26311
3891
42226
48024
36698
6132
26662
9471
30829
28270
16831
44771
21310
12083
23021
34070
44866
38321
26207
5015
15304
29174
41510
22238
36323
6553
36574
25462
38551
44864
39409
40590
37883
20997
14169
7504
2355
27768
28627
32025
37867
33589
36993
46113
8849
7842
35059
36279
3842
26003
47693
4651
42992
27638
22320
37078
33363
45089
23157
22418
48415
32968
2277
33831
1811
16148
10343
13043
28126
1507
39288
26184
16100
15439
33662
43219
27522
48847
47042
7409
3570
41467
39236
30564
47446
43045
5094
4645
8741
29053
765
14615
36925
6743
22084
20328
22257
28791
44461
10867
45886
1260
22604
16548
24592
35858
14548
14329
30141
39049
5738
3893
22304
49359
25538
42026
3063
45438
26761
4721
40619
33416
24351
33000
42283
45621
41220
34168
8857
20973
34460
12785
42165
34421
34289
35285
11014
15353
35725
30909
39480
17511
317
29634
5580
1684
31207
40768
30643
9910
29246
14056
44746
28742
27444
19677
6370
47207
9430
46987
33780
35147
49641
26522
48209
11263
29917
27855
19778
1466
47068
555
16836
20287
47401
16245
4567
17456
19041
7081
44924
12730
4929
28866
19127
45656
27681
10326
36106
24387
4918
6650
39739
44619
2006
42797
35738
10141
44508
17509
10782
37493
21466
34715
12854
16392
22648
20070
10064
44580
38179
27780
17233
14434
41774
16752
650
12967
28733
8746
41212
27533
2010
8522
708
33905
34676
44454
49308
14138
40359
1119
22329
1757
27202
24834
29280
23999
22435
39059
41929
33983
15735
39245
38053
9312
34919
16559
10243
115
13894
20574
37504
11237
16146
5864
21308
32190
27026
6504
39553
22164
8778
33461
30378
41932
4176
4097
19884
20454
4601
32220
16292
9984
24319
46303
32790
13324
34279
20002
2035
18659
15030
40460
13549
29544
9124
6312
16448
13060
35750
33572
29641
42248
1926
1130
9510
44961
26592
47834
11479
14654
1178
33478
35758
19859
49340
14190
47267
23924
695
14450
9611
23781
29941
1144
37439
3053
17438
5843
9221
21074
37322
15000
6242
33647
43092
15240
14116
49375
9171
38051
32144
14898
29057
47691
3361
42569
15678
2950
17395
37674
44930
23629
40355
13055
47433
37522
11772
13110
48908
27502
43649
7423
34201
28833
5163
18599
4155
2882
14268
35570
32363
35179
12808
17328
5516
38307
31757
4524
11946
24791
44443
41484
42288
29289
31888
223
31201
36573
30968
34083
6187
7883
11076
11023
28469
35369
24755
16553
43924
45763
45666
8578
6165
47324
15581
46725
31970
17633
11583
38791
11122
43012
220
11912
49255
28400
20014
30520
29092
4722
21345
40197
37063
40294
7543
18451
45615
8249
46614
37619
13483
18106
11802
3352
26083
17107
41848
15086
19878
34454
44350
3906
7700
23754
9697
18391
9385
43525
8217
45163
15923
43670
20532
43076
46439
26493
48246
38285
18231
11002
20474
11107
10574
18302
22080
4270
22034
24676
29487
32436
17133
33315
32669
658
44546
14909
31635
25439
30977
18694
23746
36763
19858
3789
3721
37334
22609
35028
33767
25748
713
18920
42320
3815
49130
6354
46294
16420
8994
7256
6858
25853
24367
44017
49245
25862
35916
18857
21945
10516
40876
36183
34761
47242
44592
9064
39716
47579
46756
47418
7550
19009
44067
47106
44975
42934
49219
23377
30667
46935
45182
47711
9094
38855
16531
25942
23978
44778
37664
49263
13223
30272
41751
19740
1493
30769
20816
5873
19480
6400
11682
20396
8359
5770
22142
20611
6396
22167
9031
21531
48145
25337
9230
40535
23863
21000
24094
29497
17994
18955
12764
38536
27954
28699
41266
46324
1950
39379
20602
22693
8387
5858
47473
45347
34537
32721
24859
1977
43592
41121
18315
21044
16894
46701
44741
45085
26045
6013
38633
38613
24943
46585
25905
1338
40956
29819
17349
36068
20976
38387
6188
27155
38000
32290
29854
6503
7972
26361
42622
34856
41818
36427
48416
35929
8868
3295
18591
19749
14390
22383
6972
24795
43378
14393
43740
30429
3962
24642
10729
23004
28625
497
42148
42301
1872
40525
40328
6833
26552
29225
15225
39959
47253
44296
4778
44167
20473
19664
34998
3344
11958
17015
38937
36491
45186
25070
23386
43628
2578
36497
3585
2885
40379
23610
27940
34780
16230
6920
16564
731
8185
1454
17976
18614
39914
25532
4653
9799
10355
40131
24325
36889
12265
24939
31837
20086
44494
49174
12916
40830
5216
4046
43211
6015
34989
19716
24700
2420
376
20708
9945
42892
15623
4952
35626
36886
17253
16552
10764
15546
21634
34748
31658
6973
24096
30636
12420
698
46480
41628
39271
5441
32016
16297
27981
34341
42105
5954
10115
22579
4621
6923
32775
3618
49528
44037
45004
21232
33489
22967
44149
33339
9004
21803
24229
1195
30295
40194
14080
5210
40928
27931
38334
5557
37087
2863
39504
13801
38566
20759
4281
2209
12355
23952
46362
38772
27147
37728
37962
8963
29735
11989
3329
21930
10265
5566
3987
22449
18298
37945
8858
13650
37561
40680
5266
41792
41300
14335
28231
12922
23805
37879
18831
