30
49
58
125
147
158
176
188
206
245
262
291
342
349
378
433
445
505
557
564
575
592
607
740
844
952
961
979
982
1083
1141
1148
1153
1198
1274
1276
1321
1322
1323
1347
1402
1434
1439
1501
1510
1513
1514
1546
1554
1578
1585
1598
1599
1620
1647
1707
1727
1737
1768
1769
1785
1825
1887
1890
1894
1903
1930
1954
1955
1956
1962
2045
2059
2113
2143
2286
2307
2318
2328
2339
2347
2351
2360
2380
2390
2403
2405
2411
2415
2418
2424
2439
2462
2508
2546
2563
2581
2591
2622
2664
2714
2742
2752
2769
2788
2791
2808
2811
2823
2830
2864
2899
2903
2926
2970
3025
3085
3209
3215
3224
3271
3278
3286
3292
3312
3329
3332
3394
3399
3417
3502
3608
3617
3621
3628
3629
3664
3666
3721
3722
3731
3742
3780
3865
3891
3898
3972
3984
3992
4062
4100
4109
4134
4207
4245
4256
4297
4307
4415
4438
4439
4444
4449
4461
4472
4473
4487
4513
4564
4587
4607
4608
4612
4615
4623
4631
4656
4693
4728
4730
4734
4763
4774
4809
4819
4835
4898
4914
5007
5010
5107
5124
5125
5130
5136
5207
5230
5266
5313
5338
5357
5361
5390
5404
5449
5462
5472
5486
5547
5553
5563
5565
5589
5606
5644
5648
5654
5704
5758
5784
5855
5867
5872
5910
5924
5928
5938
5978
5984
6008
6034
6037
6050
6063
6069
6115
6163
6196
6216
6265
6280
6292
6295
6319
6325
6344
6356
6358
6391
6402
6412
6433
6459
6475
6488
6550
6581
6588
6638
6643
6644
6653
6661
6699
6706
6729
6768
6781
6819
6822
6827
6845
6864
6893
6929
6937
6940
6943
6967
6972
6973
6988
7002
7020
7044
7075
7098
7166
7172
7175
7187
7216
7217
7234
7244
7271
7321
7368
7393
7410
7437
7469
7543
7573
7668
7711
7722
7744
7764
7771
7780
7827
7846
7858
7872
7878
7887
7957
7964
8018
8031
8050
8053
8054
8057
8065
8070
8078
8095
8144
8154
8168
8169
8183
8253
8263
8274
8286
8298
8311
8319
8445
8464
8528
8558
8569
8589
8600
8605
8639
8648
8651
8667
8697
8701
8717
8733
8756
8763
8917
8922
9047
9051
9145
9214
9221
9246
9265
9266
9275
9287
9296
9306
9338
9395
9403
9415
9455
9466
9494
9562
9584
9626
9663
9677
9703
9778
9817
9821
9880
9889
9909
9913
9944
9973
9989
10045
10052
10153
10198
8228
19890
8189
49787
14805
18649
20643
6550
39023
24137
46194
20865
25388
16258
23280
34176
14978
12875
26298
31268
12164
40422
5460
23714
33261
17694
29809
40248
17294
40207
35041
7448
36483
22975
49040
27260
47939
3230
32994
36509
4856
8794
9012
524
6302
40594
35264
7358
48740
24515
14168
9017
14849
28559
32913
41695
44613
45003
12766
30792
47256
33615
19574
8486
23895
24043
39724
37616
22060
28175
9993
18078
49283
21992
5885
25872
37460
26295
24470
12470
28441
19865
49539
4050
29806
2802
20857
34249
6751
5099
48584
45212
7255
16810
28381
42655
2283
7913
37385
17474
43145
12865
13323
49629
15042
5076
4769
30120
44183
997
24297
18994
6955
8374
1621
15738
26740
43853
64
49239
11782
19165
15665
25567
16180
42879
3523
26498
24038
4423
33305
1731
3822
12027
34906
34179
20761
44991
42860
35756
20750
49733
9327
37491
14593
27099
46649
2306
29808
2849
21624
26519
39953
4172
2994
20866
4171
41170
34202
9918
11857
6366
12350
30949
35406
7540
23936
29791
10748
38347
134
28938
16726
17534
12893
11470
45016
27132
37650
44488
6988
1736
32652
15885
27601
8197
36686
16338
31245
11532
29761
20840
45283
19760
18551
3103
41948
1551
2795
14358
24607
44269
49196
41092
22516
45
36445
37755
19166
31319
39965
11574
19581
32462
11916
9048
26375
45370
4533
17580
3452
25405
39291
26290
1790
46408
11804
49075
27272
32262
22596
2727
42276
29512
22088
26180
38795
16563
48845
14851
24767
4500
6928
34993
12551
39404
1548
461
23806
1251
24336
4977
16594
41723
24284
38086
37327
46866
14518
4443
34233
47390
105
20546
16365
1421
29876
35587
7176
22111
35966
32410
24566
23313
3954
41026
36594
39349
44549
7683
17722
29176
21558
4591
9309
6494
31534
24269
48820
41114
6446
10249
36015
9054
31786
41153
29693
34287
15711
32771
12494
13509
8556
31352
8419
41847
10112
35371
3142
7401
4326
30486
40484
10157
38637
18562
10522
40138
7587
46679
15114
40449
5171
12295
34595
18007
42065
32601
21959
46279
14165
30912
11640
2765
36751
25323
43891
41908
2422
29765
43132
49136
14067
23160
37043
5125
3911
49491
35068
1301
12575
10902
44827
3386
32787
47182
8900
96
6969
6701
37296
27130
35863
16037
30814
46588
30516
19185
42697
42761
37027
4927
21056
18784
25544
2469
37590
39987
49234
44341
48709
5197
3620
46237
39275
47955
23396
23275
44225
13277
38484
24484
9080
23548
261
22175
16211
17621
34571
48294
26741
34445
25264
29394
42318
33939
26310
15535
43668
21178
12049
4762
36618
36537
43932
25700
1565
48603
27200
46406
40297
27989
39811
41637
29264
3678
34830
32983
13895
5236
4858
44281
9932
29589
29777
35847
11497
14795
42707
41091
29932
13099
43918
34416
16275
43984
47564
39058
49847
4797
31830
41209
49886
47774
9317
10133
4917
9889
20444
49933
43217
21615
42490
15389
3366
32161
22314
41666
31046
19550
28041
40569
44674
19046
11707
238
46914
26521
2029
2825
27143
41322
2038
28626
9549
20311
15363
40838
43015
11896
30856
39204
35694
46281
16588
29068
45569
13122
34701
34068
7442
45834
24263
36379
10790
31645
49426
10079
45455
41654
20774
33970
7381
14598
5247
28089
18413
30782
27251
21448
47582
8696
48595
42935
19181
16158
2628
42658
15437
41563
40060
18625
22900
11473
43519
17843
39218
10403
18810
30463
10476
16385
41133
32147
6534
18388
44647
24428
49759
28847
13952
29822
28163
27716
47423
1571
17970
20475
39489
24968
21416
49588
13722
13144
20856
31720
10458
48970
18527
4206
14519
18526
16332
29447
36550
49526
45434
42507
962
41105
15906
45214
1547
44965
36591
6130
24965
6889
47035
20536
49085
30407
31011
37235
38842
4492
7238
11109
20595
27794
28335
41279
19810
2023
45567
19575
212
29315
37847
17169
39560
21206
3059
37418
37611
27402
8690
49232
39566
8977
10352
31122
47824
18316
46238
36153
24119
10491
29023
61
46396
44499
22479
16083
19500
5195
23232
45068
17319
9251
16299
46328
33625
49937
40173
33118
28937
9946
13052
39652
31126
16471
32679
10359
12231
37303
35355
17548
1651
32988
35605
14662
37830
15669
34493
13563
30560
28326
42124
46332
11585
48954
38487
38571
9535
11522
10100
44828
26082
32749
31703
536
4040
13040
26818
10110
12586
6318
9509
26115
15183
25600
21870
27510
15662
14716
5810
7953
45565
39745
8093
8938
47026
12306
25652
30088
29675
17606
39268
32806
47457
17255
37476
14713
1707
20736
37440
38950
35401
30553
49326
27195
10039
12903
12849
15801
32886
9809
35531
45030
40537
20667
26712
19668
28526
7130
3085
30316
10882
34484
40184
23703
21397
38958
2570
48269
6231
22292
38231
34420
40554
743
19324
39737
44034
26729
20453
39322
30992
37799
34426
27419
12685
8944
6813
46147
49998
28957
2005
29959
5356
24441
49148
16834
11264
6325
25331
690
46357
42927
2762
7721
19522
15748
24008
26248
46731
39902
34905
43251
9179
35567
8563
2394
23100
45084
33415
282
23921
49674
6659
10190
3485
27215
23361
14722
2328
37309
18702
18425
22474
24450
10169
45014
354
41568
15670
22358
42912
3934
4352
36736
47377
12412
35129
13766
42228
34809
14538
28008
34194
14300
40431
28532
39818
2259
10992
5392
33285
28244
39338
32959
10826
23533
34862
10678
37136
10568
34794
38630
28821
4983
25020
36081
14384
2286
35508
16019
4654
48375
38028
13402
4775
2928
28054
2431
22270
22930
6895
8107
19454
17460
815
36333
40000
11580
21547
48264
33742
1170
25993
24828
11645
46893
21027
13713
19054
4909
28640
22261
13056
21141
22382
1377
13571
16770
7827
19862
14912
11972
1145
10054
44433
49768
44051
29874
3231
9561
15583
49505
19616
23220
5791
21808
42211
35692
34358
14643
6896
14376
37979
38167
36891
7214
13667
12628
36490
30902
22372
27129
19202
257
29974
7796
29311
43988
34238
1747
48995
13908
5282
5666
42438
39622
35070
20895
6798
16745
38515
28193
32979
36129
977
28876
17746
25165
25071
49562
36791
11708
28122
24075
25245
38646
17471
8476
31113
47277
23477
26405
8001
6464
30738
22422
21094
6769
8825
25061
33545
20119
49572
22659
15512
40678
45856
32860
49487
49269
25975
12378
46463
39340
19399
22529
22763
21528
37320
12537
44541
4958
16325
20661
17366
43398
6559
36237
8449
39373
42424
34065
29290
16774
40972
20554
22437
37533
38816
12929
25044
45780
49469
41861
30418
17017
21422
12170
6933
22165
10693
14481
39141
12643
10747
30103
43948
40475
3937
5301
21651
8628
16268
37920
29905
49652
10450
43148
22388
12100
31737
48215
20155
16985
38260
13615
34347
36595
40352
26646
32003
28844
9988
24923
39476
35366
39118
40258
18832
30492
14367
1006
2184
9646
4764
40296
44777
9610
25842
47529
250
12676
2390
22697
49585
36058
47549
49225
10679
12291
22055
17397
16989
38590
17553
31351
10276
45736
29555
13763
20874
42669
2545
16925
10362
8427
43797
45672
45769
41986
27871
42116
15961
38177
36039
40218
48322
17309
36181
14379
44168
17111
41706
32623
7300
24219
47535
29143
6820
19764
5567
32564
11890
44679
30293
24807
30943
29171
19869
33198
49486
6915
35613
42734
1502
34519
23425
49676
28137
22154
5207
5683
41686
18345
49045
28634
6608
8175
47989
7607
28045
25300
48644
28105
432
39192
20273
21437
40582
46889
3899
9372
5512
12719
23514
6831
4385
31776
24206
39843
24528
32743
31102
20742
23190
47190
21199
11716
6420
29828
46643
29209
10229
5590
37030
19301
34871
26614
49173
10755
42991
1464
27101
35081
11750
7048
42802
29494
39437
11037
44966
48749
41978
47279
16929
36128
4625
48656
49362
1052
47349
41896
676
43969
40118
5816
23116
21795
23789
325
48898
14302
10453
24463
1356
19898
26491
28276
41653
753
47930
32011
45246
44436
21848
23463
7513
22998
43804
10627
8559
32474
41463
37995
34598
23058
36085
29716
32235
24746
43089
49705
37727
14167
20494
25910
45291
15832
14240
38643
45332
44870
19490
24654
22001
6137
43600
46233
37844
23933
27002
18228
34700
9938
34673
41663
35910
12228
4609
2828
2775
44620
48036
38482
46514
3414
22450
4932
32
38330
13558
5552
27970
11631
45077
21585
28417
41627
14966
23900
13701
12629
49554
9318
1079
30714
5387
8085
1724
20162
13468
42171
26257
761
8450
28655
7774
36941
18683
19450
35953
7261
21423
32603
48669
8232
48706
28694
24121
13924
2597
44557
12260
15742
20440
39696
27488
7821
6871
27405
19354
49483
33237
49186
6828
35753
15867
1410
31988
45317
24280
43061
22108
9392
33097
6136
44575
23662
30534
22586
8135
12158
7312
48610
3727
32121
35399
18879
17479
28098
45329
25105
15692
49381
24620
31711
30014
47749
5709
39940
18063
40808
49435
23982
25069
27538
12247
44876
38183
42625
42163
33194
18097
26950
5257
15988
3735
25181
36473
26404
11698
38446
34063
21154
31322
7879
43976
36334
45968
2039
12167
48962
44754
25608
47987
25048
6661
8346
11482
4953
18696
48917
21003
7706
11744
79
2227
20829
29744
35058
39654
5822
49795
37592
38261
8735
43274
18181
36611
27273
15273
46993
40713
16956
7374
3257
45118
12335
45475
4942
2800
29633
28958
22982
30281
1541
17244
15792
6349
44571
44266
30489
26935
31329
35076
41807
7390
37480
42448
34778
30236
7503
31311
42143
24520
6630
1389
5635
40394
36251
25961
2887
9584
6109
23752
7722
15984
36648
39240
7548
38174
4021
44282
28530
20042
45377
7349
42913
19866
41760
35840
8174
38719
21369
20222
26344
21073
18062
22747
11361
41248
42954
36672
12292
10912
14101
26127
1559
11179
49337
18160
18247
6869
7841
28882
23213
8932
10495
35188
22817
1494
24003
10535
46592
24292
35878
46741
4011
21384
48234
28347
43098
49230
46051
8095
45399
37981
26074
22984
46
29807
48465
32584
47168
16006
8201
43453
22829
33122
15248
41075
30006
31274
23489
7977
45599
10910
46519
3922
5224
3483
45099
28018
43006
41586
28196
26746
29485
15162
43520
26853
5232
40822
30024
42735
1604
46693
31251
3183
36907
40595
44102
