19
38
43
65
152
171
179
192
237
296
297
302
307
320
363
373
388
390
400
409
424
475
524
550
557
586
592
612
632
725
747
749
770
841
843
850
890
942
953
971
998
1058
1063
1080
1134
1142
1145
1157
1202
1204
1224
1227
1239
1271
1397
1398
1411
1413
1423
1445
1476
1487
1504
1508
1580
1627
1704
1779
1797
1942
1978
2006
2050
2062
2085
2114
2125
2126
2138
2161
2185
2246
2252
2276
2289
2314
2341
2365
2413
2414
2429
2433
2440
2469
2484
2511
2517
2526
2557
2593
2637
2667
2678
2704
2723
2731
2782
2805
2818
2851
2890
2892
2893
2901
2911
2973
2983
2985
2988
3017
3040
3077
3101
3113
3119
3123
3231
3249
3268
3351
3381
3416
3423
3424
3439
3484
3498
3499
3583
3586
3617
3626
3627
3640
3648
3667
3684
3746
3786
3789
3808
3821
3911
3955
3972
4001
4007
4016
4079
4139
4158
4189
4192
4213
4222
4226
4229
4240
4280
4290
4296
4353
4382
4404
4420
4466
4485
4525
4550
4583
4646
4683
4705
4711
4751
4840
4933
4935
5018
5052
5068
5078
5086
5125
5139
5177
5197
5233
5236
5237
5251
5290
5302
5320
5339
5380
5463
5471
5475
5511
5546
5560
5562
5563
5568
5576
5614
5643
5651
5652
5659
5681
5697
5705
5709
5720
5728
5736
5737
5751
5816
5860
5876
5882
5890
5894
5960
5969
5991
6024
6027
6037
6041
6055
6060
6077
6097
6103
6143
6190
6245
6258
6260
6306
6309
6314
6344
6356
6358
6376
6417
6446
6481
6492
6596
6626
6634
6646
6664
6677
6689
6697
6710
6772
6961
6978
6995
7065
7080
7086
7099
7112
7123
7137
7171
7188
7224
7226
7227
7242
7309
7354
7363
7391
7417
7446
7454
7507
7519
7550
7552
7554
7580
7581
7603
7612
7613
7623
7629
7640
7642
7644
7651
7694
7696
7701
7795
7870
7874
7882
7919
7930
7942
8062
8079
8142
8175
8205
8207
8234
8247
8258
8304
8445
8458
8468
8494
8518
8560
8562
8596
8602
8608
8640
8655
8670
8847
8868
8922
8932
8937
8939
8953
8965
8982
8987
9016
9020
9109
9123
9240
9270
9271
9324
9326
9336
9340
9351
9423
9506
9520
9521
9652
9687
9739
9786
9797
9815
9834
9893
9898
9948
9999
10064
10111
10144
10145
10212
10220
10230
10231
10277
10289
10296
10331
10332
10334
10336
10350
10369
35773
27588
47262
31517
22016
26597
24345
4842
15033
44793
49266
35852
24078
38226
17099
16163
16592
21690
42911
11678
47405
31772
31911
46611
24693
49208
39063
29721
7692
45497
47636
6288
28019
36045
42326
16293
24299
48084
14525
202
102
39856
23798
42561
26616
14917
29978
29207
8388
28351
46775
35542
10331
188
17551
22452
10231
39625
42154
29776
2097
37751
3239
44394
18557
46645
42101
17709
6357
45707
4142
46302
42246
35545
495
42452
46833
6861
6149
4111
29148
12562
1987
30194
44871
24647
9336
27122
40117
21372
7042
4784
33010
44969
33487
39832
2
21045
9244
38644
9106
26466
45865
47511
46959
32902
19722
6951
34535
9169
24245
35231
11688
9573
23169
26822
34402
39450
43619
30285
49398
29352
16117
8402
6937
34456
41535
36659
23991
1648
49029
34538
17216
6727
40350
5320
22989
41427
47767
8245
33024
13364
16699
29054
33637
20354
34908
5164
4520
9843
12531
27483
1378
43596
18761
31878
47007
4335
44155
46788
48705
39870
11889
49831
7571
37314
36640
25393
26518
2199
48766
47036
14177
12259
32550
31686
13669
322
19100
38018
18539
37499
36504
34480
8506
35159
27755
49580
881
38370
33830
3722
13870
20420
27196
42244
44901
9961
17090
30615
24615
40361
36753
49670
10850
29384
2338
9955
40596
3526
42905
21562
23422
16517
45735
38873
2991
28451
32133
8613
21138
16973
36029
6293
18394
21648
19469
25387
31291
12413
45906
35607
49167
15752
34285
22367
13474
19279
30946
147
22252
11152
7040
34557
34860
30773
31937
17215
27277
553
40750
21696
472
15274
46072
47501
13078
36590
6531
25654
36266
2529
6150
1117
4246
5688
47083
20657
23429
21713
16773
25590
22077
49664
42741
12664
13791
36827
13881
6006
23730
17042
27070
28968
27965
32041
11747
9340
16664
31533
26439
42764
23129
23242
8886
21592
27524
12793
24324
44714
47278
43406
31713
7904
14661
14357
3983
45832
10930
42414
26635
48151
41313
47660
27693
29529
30899
37600
37249
3477
23758
20013
15782
7471
43165
30223
49064
127
1112
11373
31538
21847
32337
39611
47592
18689
29356
26041
19111
32552
43839
24343
18642
19122
15965
10504
37509
35057
419
28129
10075
9036
47296
19190
7838
11316
12312
16359
32653
38916
8458
2920
30420
17452
19674
21793
31815
49546
15188
14361
40885
33620
46755
23333
28567
31
49194
34502
15921
28549
42667
4845
23019
35423
19620
29115
890
11918
18937
14552
1868
15249
22346
5783
13380
41895
15420
19826
48559
48887
22162
15190
3463
19824
37597
38793
44132
34731
42128
22918
1171
12040
48449
12187
6158
2497
12085
24310
26677
36668
12298
15119
369
47895
20693
26039
10829
44952
42689
30985
1078
12715
30620
43474
40559
38035
46243
15350
11803
36865
2840
21114
26802
29700
4970
5476
27083
24537
39238
26780
25623
613
35943
36549
14271
12279
41359
11172
5300
4618
2624
17404
17435
24086
19365
964
8318
28483
20518
5293
9028
47159
30678
1201
25631
8317
44521
7703
23720
1353
48051
46346
36508
39583
41571
45880
27995
33362
42422
1115
36507
4783
2055
46537
30898
36910
19302
24730
25476
13263
657
15287
27791
6183
14424
15031
12248
6708
34134
27975
36577
14743
40970
579
5465
39099
5868
18779
39597
6163
5923
31760
38827
6525
44460
35533
16684
45841
5605
31630
12948
43552
33656
31618
2347
49244
36397
5621
47367
17218
37629
41396
20095
16849
47512
45593
22017
39016
19323
1114
12086
33806
23904
37245
33774
9739
7694
31824
27695
10859
34507
3127
25308
15785
27168
22075
37547
19498
9676
43903
915
46355
42047
33110
13827
36559
8773
28850
38314
6705
36109
1062
27719
44182
24408
6906
26908
24253
2632
48140
32549
17535
48031
21350
47187
4701
5524
46878
7764
36887
40540
5286
4164
41477
3820
2985
19688
26252
31690
48408
19517
4344
10080
28547
37993
27733
26227
30127
38116
49072
41149
8821
23028
29651
9704
33053
30175
49417
3819
1000
39043
27344
19053
18785
38986
24964
47315
17918
35233
29435
39894
12063
34991
7414
16923
594
21817
34073
31805
8089
18030
40724
4612
28358
47876
25991
19801
40083
9229
44554
40693
20955
1706
41128
39731
36717
36713
49031
16977
41383
12588
10092
21496
21542
26531
11533
44588
31039
1217
615
49642
35574
1232
21866
26774
8303
20635
27523
32666
6245
42703
16094
26654
5011
40291
25739
6002
1049
28448
45975
43281
35667
35521
1796
26888
9065
49427
6439
7010
41503
6384
19703
49963
19034
15597
29334
46623
4541
42994
30180
39876
8945
21700
25907
16744
46059
3977
21219
28390
23243
4371
30566
9396
18260
36557
10723
18429
5591
14332
37074
24880
22330
47656
1462
14265
18213
12555
7892
8213
33472
5079
24042
16999
13211
26262
48839
8837
10830
29091
10030
15507
47005
33248
10467
7759
16602
17429
45465
12718
48622
45577
30379
24712
18430
46698
45860
22915
4865
42454
37536
15758
22497
9886
37833
41354
11360
16354
43081
47641
5637
49003
12986
3677
41409
45755
7583
23291
21273
47648
43137
32096
43384
28359
30722
31096
44683
34525
4473
48680
48606
28781
43760
20427
30998
19669
17716
23809
22663
46296
45498
46351
31722
8561
5595
40903
44947
40381
18301
27041
21729
22925
24494
39672
36010
13024
20229
29697
49750
17187
21282
35197
19355
24683
35699
47175
16394
27821
9195
15687
18648
21584
11786
41634
12709
36479
6310
38406
44548
12729
11717
35043
44065
46574
13337
27198
18947
48238
20559
42149
14338
24116
28591
15616
38569
43496
39453
10306
31385
27111
48210
18094
26627
27616
5562
40735
43910
22127
1099
14401
22095
23555
20388
35288
18423
13798
49477
39371
3628
34409
44502
19597
44810
14523
25648
43721
4566
21688
10129
23856
45798
38961
3256
16809
1587
24718
13199
12700
1773
34395
13343
15680
19831
11681
15694
40895
29990
41228
703
5408
8308
30343
42385
4992
22197
23886
48439
1279
48431
47504
28701
7570
1433
25542
2671
29248
49860
29805
25009
28329
12159
15096
19199
31403
40931
20697
5532
3706
43900
17447
24027
13320
38530
21506
30903
16302
32820
43405
18252
17579
16917
39199
44809
16911
7526
3596
36674
15104
42387
5662
33147
13133
22956
43265
7249
6579
23464
33898
21628
33028
36734
39434
768
18020
1231
30785
42253
12358
30392
31205
12035
12456
33778
17171
9598
37141
9487
43780
25784
24603
22482
32102
31186
35984
27617
2024
45520
2551
30623
32495
14083
33937
16447
37070
36859
36099
11504
45640
45197
30780
37071
13577
34147
8728
41876
3175
21926
27343
49611
25867
20735
7373
18792
2206
36250
43815
34515
17941
12427
43171
17068
34943
1829
5461
23531
76
45261
23783
40711
45539
31210
22805
43821
38267
11604
10351
47619
30038
48231
13531
2890
40875
14868
16910
24731
43042
11856
24849
21121
34573
4115
32717
37031
9705
7512
20069
1744
13625
47663
28495
43108
23908
15588
24234
2935
13379
29739
39327
28886
49634
48284
41905
13000
18337
29142
21300
37443
1075
21221
37017
17061
25361
23751
19923
3007
2506
4623
39600
43946
46375
10078
34355
15280
26805
26932
49911
16458
36807
25319
26021
37157
3846
14467
40781
16884
20683
36875
9715
3974
7920
27551
44908
11814
1361
4071
6643
39585
44606
41011
17975
5394
37782
45401
7337
47709
42824
24609
8354
15841
14279
37793
19661
13782
44410
29186
17468
8835
45993
25409
47307
46278
44895
14506
44391
44058
22140
29238
5231
35382
32745
14723
2917
26209
32065
12568
47697
35579
43329
2170
12789
32962
29628
24614
16617
49087
5045
18786
10791
28932
48165
1505
2761
3149
49502
17906
26113
32473
10161
29992
20587
18850
9434
23841
44945
679
17991
20456
28010
31252
20231
23302
8749
34726
10246
11230
25010
42262
21571
28379
33893
1390
19805
20305
37538
43882
28065
39440
27784
47435
16737
43401
35737
10626
42473
23410
49779
43112
15976
30465
1638
17201
6083
1906
32407
7080
46647
39093
24893
44247
26016
7494
39557
877
24246
15123
34526
14515
15302
13160
1137
35006
13809
17982
22333
38651
7245
30796
30565
27785
27818
28899
39264
49057
41363
27957
20613
49520
36983
28774
21775
46777
18640
6644
357
33839
29228
21380
27527
41885
16107
29105
48963
20765
22447
47066
45435
15150
13705
44050
26832
46629
31114
27395
27030
27085
41776
6016
6991
19719
40040
37780
46190
43310
49287
45090
37535
20462
49601
43067
35073
10448
18244
5271
41976
36541
8568
41316
41786
37634
3097
34973
15384
7691
35379
49971
43539
33909
19266
30056
42900
17704
17158
35676
43616
43863
42704
39548
17192
9091
42981
30736
38740
1682
28261
7479
3941
49158
19470
950
19432
36115
39376
43635
30525
48809
47614
29565
7645
31790
26596
7786
27341
11472
10316
30073
41771
14071
25159
41044
48713
1326
12392
21098
34843
1590
39522
29867
14100
20675
33547
5437
3363
34158
34811
8725
21516
749
45614
27336
40698
4364
22024
38777
31829
28053
17905
39827
23225
19523
23284
47875
14053
16599
46579
17968
20944
16329
29193
22134
14197
8439
28235
34872
35297
45086
40080
43689
28543
38871
406
5383
41169
48916
32848
34475
18877
17706
30936
12497
44698
12405
32245
34110
41135
5306
15187
12483
36223
41166
17229
10038
6275
5511
360
12001
39721
2880
1610
36031
10473
35047
13711
26941
3510
33432
25647
8441
45284
32355
42343
45107
8327
41541
10523
22995
30776
17336
34842
33746
33966
4536
28376
43652
48329
29750
31962
7071
3737
5697
5332
8673
37452
37762
6364
39884
35064
49637
32175
25965
2032
10178
26393
33930
11828
32164
18019
35618
17241
36432
28406
2636
3850
49917
23001
31509
883
24149
20901
8416
15101
3542
13034
46195
3658
41280
14471
40293
24188
4675
32612
46654
1504
18968
46225
44713
20720
23726
18846
37090
15005
15331
38789
17393
17888
48340
21511
28119
3086
22718
36288
23931
49460
24175
2637
438
45177
49842
37454
38516
37864
5819
24070
23957
2308
38836
29002
11170
26289
8841
38481
48743
38380
47084
8670
49904
26970
28199
5731
30064
9277
33144
21375
30161
40858
44812
26659
34348
48033
2058
2655
45418
