4
32
37
43
57
104
131
148
191
199
204
285
300
316
341
351
352
388
394
414
435
449
471
483
507
560
597
653
667
680
709
725
744
745
751
808
894
898
901
981
1010
1056
1057
1058
1085
1087
1089
1131
1163
1200
1217
1234
1269
1278
1305
1360
1363
1418
1435
1466
1523
1548
1658
1666
1695
1697
1707
1748
1758
1760
1766
1823
1842
1879
1902
1909
1949
2007
2035
2037
2055
2090
2101
2112
2129
2196
2205
2232
2278
2297
2310
2348
2371
2376
2384
2390
2442
2491
2497
2510
2528
2608
2624
2675
2707
2805
2808
2822
2843
2847
2898
2971
2989
3027
3029
3074
3138
3151
3172
3207
3228
3253
3258
3270
3288
3308
3309
3311
3408
3411
3421
3478
3490
3492
3574
3578
3651
3672
3674
3751
3764
3766
3810
3818
3821
3822
3832
3881
3889
3910
3920
3929
3967
3987
4006
4015
4028
4029
4050
4085
4096
4116
4128
4172
4206
4218
4231
4270
4308
4355
4366
4371
4373
4429
4487
4502
4503
4522
4548
4557
4559
4579
4597
4618
4682
4734
4747
4766
4802
4844
4858
4908
4966
4979
4982
5002
5050
5055
5057
5060
5101
5102
5104
5121
5124
5133
5146
5165
5186
5210
5223
5226
5238
5248
5294
5305
5317
5323
5370
5374
5406
5452
5474
5477
5531
5620
5623
5642
5648
5651
5667
5668
5684
5687
5709
5717
5723
5733
5743
5806
5823
5837
5865
5904
5982
6023
6070
6129
6204
6223
6230
6239
6248
6304
6317
6379
6394
6404
6438
6456
6477
6514
6581
6591
6631
6666
6682
6723
6772
6788
6863
6864
6878
6899
6900
6917
6929
6986
7007
7051
7092
7185
7196
7203
7225
7239
7257
7357
7382
7429
7441
7467
7531
7571
7580
7608
7609
7619
7626
7648
7653
7654
7658
7682
7687
7688
7710
7717
7762
7804
7818
7823
7839
7845
7887
7912
7952
7967
7971
7991
8019
8141
8147
8164
8166
8299
8313
8348
8365
8383
8411
8456
8474
8503
8566
8572
8605
8676
8683
8692
8730
8772
8775
8798
8831
8887
8927
8998
9001
9018
9032
9147
9153
9172
9198
9285
9288
9324
9367
9381
9407
9422
9427
9461
9508
9522
9557
9578
9605
9611
9613
9675
9770
9775
9781
9786
9814
9816
9839
9886
9893
9910
9914
9915
9957
9984
10001
10009
10027
10038
10083
10123
10136
10147
10182
10200
10222
10230
10242
10270
12545
4406
13245
5837
18830
49380
6345
34972
21320
18347
11852
29390
44435
32336
9450
15017
28889
33424
49334
23906
32055
2017
7157
24326
48319
36191
34877
7057
42503
21279
47192
996
11274
19483
45960
35513
4920
14004
22775
30711
43879
44756
19096
22336
11790
30927
39733
9929
8902
49254
15340
36347
38172
12089
40490
39682
46378
9594
45417
4486
9987
34838
48625
20905
12330
19437
33464
15733
25662
9531
39602
5830
40373
43273
10820
16556
40
36471
34812
5431
3632
21734
6957
16408
35941
15952
31716
40763
26010
32227
34854
27885
48674
8276
8878
2261
14103
18574
40831
919
20092
28999
32747
29857
48724
20445
19334
8591
39718
24516
49327
31582
18176
14760
26804
14121
45742
33965
30155
11701
46030
12974
7105
46927
5695
14952
25699
2532
28221
12567
3107
45664
21046
35640
15233
42698
32891
18082
19708
34660
28386
42397
30657
45553
35112
35752
2522
49753
35052
15029
25702
17656
22235
34312
12564
23238
6698
21190
20483
22766
7864
48715
49866
1636
27066
49005
39551
49548
3752
15488
17368
6042
20382
47043
48004
15968
22834
46381
30742
31647
43315
5233
35232
22470
26028
15177
9178
25356
24813
48797
38680
35445
10319
49707
20837
11513
35155
48207
30871
8223
2906
6419
2316
5651
33001
24209
7429
16494
48822
12015
27158
11819
41371
31180
8140
47905
13960
42866
41728
49259
18576
6604
12726
34216
30629
239
22848
40717
19863
23724
43412
11723
33294
767
15219
16658
12573
18440
21011
9295
9280
27387
27094
44979
37152
27514
13758
23661
15764
18962
48535
42691
35580
28130
42064
49315
27720
19856
20101
2125
8204
42817
46074
26194
32788
6220
35906
48967
5305
47065
37746
36259
45448
9445
37224
33873
33707
40932
36954
23042
47847
35501
46489
4529
21271
12908
34494
39663
12088
49579
12839
15229
183
18773
17027
30713
35604
30978
23207
8691
17811
30889
49797
8894
3459
21214
36851
22722
18189
16623
4456
9622
7031
39316
40536
13773
16795
48381
33467
10542
12202
32751
43399
43991
31062
42494
20087
36840
177
44371
31516
37501
5547
43653
5270
26014
44740
32079
34374
21352
43209
3280
28022
41997
47555
35606
31038
27664
4042
49267
27
23874
28342
30718
28741
42989
18150
8755
4000
7208
41559
48383
21556
43801
44358
43654
3580
21677
13173
6797
5152
10696
34133
40002
21586
40382
31226
12937
45153
3171
24890
25390
25432
8747
25265
14682
8196
48992
27347
47211
28531
29450
31137
14748
6377
44603
10541
44396
26349
21809
19698
33116
13532
40813
47134
35487
32889
26281
18721
37852
35125
14093
44104
4479
18883
43000
36956
5090
35254
32425
11988
14759
42862
6443
4312
10033
21428
31109
9634
26125
8020
42491
29411
23488
6024
10407
34112
18202
37441
817
1346
6155
3370
24741
25515
13045
1061
18294
45554
9397
15347
29491
16781
7117
40940
31218
3867
23392
48077
23162
7229
39846
25603
26543
14015
12144
37706
27771
11094
15653
42409
6154
23663
4424
26277
13679
20387
26896
29970
18212
40224
19368
13499
13983
26418
30441
26987
26236
22424
4135
16949
42820
1206
1998
16496
34383
44832
23385
7150
31836
12518
37736
30370
36206
42533
6131
32801
16436
4632
25610
1081
8463
34954
46288
17880
46017
48750
10692
47416
29037
23554
56
1156
24763
29077
732
28900
44312
41022
35410
7755
26808
27892
21707
46035
17293
48817
36556
49105
39090
10835
46350
17495
17332
686
3156
25505
29482
29144
12630
19274
35735
24703
11575
20938
11442
19610
29858
14579
2482
17882
29110
3495
29268
20315
4044
44459
15798
43120
15032
31021
29996
43115
41062
47440
47218
40351
27207
15450
30952
38240
24339
38253
15761
45422
33989
38272
37876
1942
11441
45125
5899
26679
24575
17645
26560
46853
932
25465
6771
31568
44748
5467
26251
48245
32758
46929
16566
26410
6259
46083
39645
24981
12352
13352
24867
21220
11160
11551
21920
25311
43330
3960
32835
17501
42363
3271
17259
47111
48910
24415
38361
46440
13872
43404
19012
43181
47661
13990
22895
41046
18077
33142
14477
35438
26138
431
10880
31120
11947
47209
6874
42950
11603
26998
20747
11262
12768
47386
29755
16168
339
18243
48403
1865
18634
33765
30662
21561
11462
37402
30994
35055
28946
38108
48418
17376
44496
16269
43468
16374
1066
23619
27305
22742
11622
26857
24303
40686
18966
784
26775
22478
11143
18626
22890
43613
3153
34988
23623
34007
22671
36962
5780
16540
16047
28070
36139
36669
374
48736
27679
5962
37815
16470
6105
12931
37622
27109
41680
6065
35190
47012
45772
12686
47810
324
36416
26529
17431
27257
21855
16643
2884
28505
22342
38303
40868
27828
16933
5690
48356
28251
8511
38144
18281
9274
5981
42405
13598
33035
10382
2028
13190
6184
24914
28779
23044
3794
38788
9835
19602
3229
21957
2371
10082
18245
47621
5500
24819
33878
47629
35471
38990
5369
2410
1713
25233
39642
18687
30543
24274
38295
14975
20836
2009
44899
25452
12135
33634
36227
46836
34057
16453
22779
25894
22412
48666
16969
25170
40889
8662
11004
46267
38739
44325
47489
17773
5555
35627
24015
40004
41499
33534
13057
25925
2726
39695
20940
33835
7140
45178
729
21776
2335
13359
10366
4817
17868
28720
2240
14931
37915
37056
33138
40721
10515
12246
9811
7846
34472
16976
14763
45762
44791
40969
5872
21944
44532
3748
25127
37151
34444
35918
3547
37880
16812
12198
22427
45477
21669
4610
45278
30831
34565
14246
21834
40992
10726
27125
25240
9605
44119
24473
17175
41190
31551
17794
36435
19169
44306
20178
32556
25980
18934
4641
18463
24353
11376
24295
35892
32863
39092
4878
17358
10521
39446
34541
14932
11662
12661
31116
5853
19042
3896
29832
14033
17916
12556
10724
10230
17190
13685
36532
988
32999
33818
20512
32782
7515
44377
40776
5505
26799
26024
21148
22473
1943
27701
40456
19320
42828
27269
43347
17265
33435
1780
24433
20122
32452
2688
28283
18478
34183
22416
29382
21879
28286
46246
37359
24650
3015
22879
17971
11267
38854
36056
999
30140
34105
9649
46143
12890
28510
49017
21767
471
48110
29554
40091
23176
43759
25193
9433
12987
42635
8134
31273
29549
26933
22184
44676
6807
30622
39647
260
22232
39414
12593
23459
15475
4160
45891
34095
30732
39497
46130
13392
34635
33768
6222
19156
875
34192
49803
40180
21075
42240
30867
36673
4259
11024
20809
40878
33313
19972
6707
30090
16767
38385
30395
42772
2604
16771
12300
42524
491
44085
36810
15449
44118
3148
27912
48775
2334
46715
49495
2073
11153
45903
48832
13246
4733
1847
15293
23457
30231
38859
26686
26589
44361
4548
2722
10800
29321
22771
19540
24302
30618
23404
11753
27355
8407
4884
13050
26221
33795
40572
39475
45579
2081
1567
49474
39123
11933
16544
36075
6104
10556
46165
18475
15362
2013
8373
43962
39929
25015
25720
34008
5832
32864
25826
2361
6355
37174
33354
17306
11560
16081
30579
19583
24754
12884
16578
6622
11245
15378
3173
31892
43038
28877
21911
27844
26072
38507
18521
39748
32677
19999
35390
16534
31592
4702
34732
30590
3448
32833
1656
34941
16247
47739
37860
27918
5004
14322
40662
11164
46984
2026
40239
44265
3005
16188
22083
11495
15736
43703
41094
10760
44024
16236
37900
7305
44955
43063
11725
19933
30283
14908
22086
12177
48566
49033
10945
44848
34054
1805
17825
39160
47544
7270
7769
45219
7406
5751
30519
24126
10503
43809
29785
15257
10410
23587
24969
33702
7908
31474
36653
7090
42919
42377
19338
27032
13948
11185
23831
44596
28661
44106
30201
33997
4535
981
27653
46239
2120
26587
38424
45819
23046
9190
8847
38498
37914
24160
5655
1991
40310
10324
13256
27671
36796
1474
47018
10710
27797
44164
47725
15006
4893
40799
15354
23668
24832
25661
38369
41789
7113
23090
37108
31793
36439
34626
27690
28679
48208
30054
23556
33504
5335
20075
12235
1419
13528
48010
32849
20952
26365
38792
29020
3293
16098
30393
1486
29398
20807
30723
38359
14320
13097
31234
29204
18472
15709
43467
37621
48398
726
14522
22224
7926
11317
24826
8353
4990
9132
45331
33079
12728
8985
11770
49703
17508
10221
908
16431
1726
10737
44929
23641
11405
17659
36022
2500
33609
26548
44403
4125
1513
49638
44823
35609
6033
424
4019
7476
6088
18121
21780
23810
35234
30506
43840
17346
33454
14034
7773
30085
43133
31055
15301
4814
31200
24459
26354
14762
46310
49523
14453
11507
42813
573
3174
36830
13100
41875
9770
25707
28758
10471
44154
27633
30063
16873
13104
36350
28241
2384
42966
7870
29022
8989
10294
10509
44434
10995
8412
49120
13980
734
41406
26996
17055
7345
42152
29969
48362
16797
27349
24651
29896
45473
5840
14724
46809
17830
7319
45051
41587
17165
26033
49172
15485
29615
40154
43129
29521
42924
47158
45653
32548
2709
32805
28475
3282
10258
33269
2748
2292
37740
43999
1600
8590
5808
34180
2246
6248
4002
39975
34207
37559
6048
11285
37341
18568
6815
44485
49271
48155
18131
1875
30072
45043
27943
31710
43446
41365
28616
6092
853
34859
624
14663
37391
33006
42580
11314
27443
5700
37508
27890
23316
43956
5734
20292
1979
10318
30133
42620
14734
44160
41832
49242
42513
28723
9748
43866
16823
37868
8252
13624
46534
12829
26473
3195
2730
44821
23494
6694
8265
18083
3746
15365
5993
46734
29393
35049
675
27159
29603
653
47054
11437
45545
32184
4532
16419
10270
6455
47602
215
39214
20416
45368
10831
29842
12468
10194
28404
19896
25918
36421
29304
23981
46222
42613
18743
5561
9563
3767
30107
42846
8464
2657
29760
36332
29579
34186
1423
29425
33423
28340
33154
48139
39346
29757
26363
18016
47919
46022
1653
12581
22021
33017
3917
41687
46275
20361
18277
45245
1983
28660
29242
48444
24028
11072
198
37784
41376
35932
21061
47773
36048
9134
47988
7472
38417
49927
4968
39714
3894
42530
11298
6102
7364
28093
43366
38886
13121
3270
12833
20715
42902
15393
41098
42940
32817
4788
5458
15724
46785
45129
11861
24875
40800
10668
35394
42088
33720
33555
