66
89
116
131
164
176
199
237
239
255
256
271
272
282
411
428
479
533
540
544
555
615
633
663
691
705
731
735
739
762
789
809
835
841
889
903
968
991
1002
1100
1113
1127
1160
1179
1212
1239
1320
1349
1363
1399
1411
1462
1473
1478
1505
1557
1576
1597
1635
1669
1693
1718
1733
1740
1841
1873
1885
1892
1903
1904
1930
1968
1986
1989
2018
2076
2088
2095
2103
2121
2193
2200
2246
2323
2326
2339
2342
2353
2363
2408
2424
2435
2442
2491
2498
2604
2612
2619
2701
2731
2736
2753
2772
2778
2822
2829
2865
2867
2869
2900
2920
2939
2955
2957
2978
2986
2994
3092
3113
3124
3142
3156
3161
3174
3204
3240
3250
3256
3283
3284
3286
3290
3295
3338
3339
3352
3360
3363
3393
3415
3421
3440
3473
3495
3525
3532
3562
3633
3634
3637
3694
3700
3706
3775
3793
3840
3867
3877
3884
3887
3987
4002
4013
4021
4067
4073
4104
4139
4146
4163
4175
4186
4188
4202
4211
4262
4327
4384
4481
4485
4486
4491
4499
4507
4518
4539
4570
4607
4609
4619
4674
4715
4720
4739
4766
4773
4792
4823
4863
4872
4892
4972
4978
4981
4984
4999
5002
5085
5103
5109
5126
5127
5133
5151
5210
5216
5223
5237
5249
5328
5357
5379
5388
5405
5458
5467
5476
5481
5526
5536
5556
5571
5600
5622
5644
5645
5647
5670
5700
5704
5710
5752
5763
5793
5795
5807
5808
5822
5827
5872
5886
5947
5948
5951
5976
6035
6054
6065
6067
6146
6150
6178
6189
6239
6243
6271
6278
6306
6307
6367
6403
6416
6425
6435
6476
6482
6497
6498
6511
6539
6565
6572
6589
6598
6642
6664
6698
6706
6728
6774
6805
6865
6877
6878
6886
6938
6949
6980
6999
7047
7058
7061
7076
7096
7154
7161
7168
7210
7220
7258
7279
7328
7347
7361
7365
7407
7425
7477
7502
7532
7584
7585
7602
7613
7635
7642
7654
7680
7702
7706
7715
7732
7756
7765
7826
7830
7838
7869
7872
7889
7931
7942
7945
7952
8004
8026
8051
8069
8076
8101
8102
8139
8159
8163
8177
8194
8207
8219
8234
8260
8281
8292
8321
8334
8341
8393
8398
8455
8463
8519
8527
8569
8602
8649
8660
8670
8695
8730
8740
8754
8813
8815
8840
8887
8929
8984
9016
9066
9075
9080
9094
9141
9206
9213
9223
9247
9295
9305
9323
9358
45679
44319
27855
8155
43814
12499
48378
46655
19828
26088
40890
35509
49219
38039
11838
27434
13419
24144
9859
2156
29759
48209
27537
49513
16225
41863
38921
27075
47332
23016
5426
6570
45564
4540
44975
2451
19942
36106
15661
35430
38254
11734
22604
30769
44806
35690
18630
20217
2598
9328
2578
555
39149
1234
33694
33819
31165
3891
33386
7898
19277
48891
4271
735
9512
29400
47328
11572
41613
38154
415
49507
23155
22588
17947
41200
6735
42235
23002
6165
36356
41606
28140
36531
27758
45936
25616
17203
27703
23240
8858
24581
39995
11400
12808
10589
48069
12936
43125
5988
9193
4619
3204
11643
30749
8207
13181
21639
21466
17222
39886
39281
40482
49255
48289
37078
16497
5614
33919
46897
27780
33922
35269
4509
10338
17842
1560
3295
27497
39793
44709
43828
31970
38233
2859
38023
37178
21259
42151
25339
48359
19859
27004
45242
308
34280
4559
15396
6373
47473
6518
15931
41741
21297
43252
23659
41774
31591
15628
185
5346
5470
39691
48560
4919
49344
34917
22146
45186
47726
401
45982
44799
34009
8733
38083
12507
3102
18302
3352
19084
22645
29293
7581
9064
37648
26430
41651
34578
2021
28650
8072
13979
36337
3549
26507
33368
31600
10911
25787
36180
20997
43368
34123
4282
17076
12461
39631
14329
115
15030
1168
4061
41040
27338
37189
35079
10617
16371
22264
35524
4027
26879
8969
43907
18390
9522
48476
42044
30537
38091
21983
12659
8971
10334
11908
23254
41848
19818
17178
15871
48026
3665
26018
39584
39076
43483
5864
29505
33339
29225
30497
2882
44956
19554
34705
33933
45927
35548
41073
871
48257
10020
21878
1632
39026
13457
16146
35182
14069
25668
44500
32708
40679
23221
11238
989
8661
41212
47271
31715
16015
23462
48777
20566
19294
18864
12078
29338
24750
22799
46934
33421
10955
34828
42057
21930
30929
5015
22410
27179
14365
48350
21393
19573
43073
11374
17568
22320
44426
39904
5952
7655
21092
19503
14213
41266
49439
36698
10954
43909
17490
44294
8099
18211
12226
31339
29274
16100
42201
3938
21892
34949
1960
7347
26000
14548
29367
36311
35916
29364
47931
40708
42722
11054
19104
21413
40359
468
49930
28311
40275
38617
48516
35873
37788
317
44932
25762
20916
782
40432
497
26124
41510
30376
19778
2248
44967
4861
14654
46343
42205
3362
14335
36464
32885
9984
35763
14796
11682
18047
23507
33662
28515
10893
46922
43451
37049
21310
40654
32931
42972
40740
6609
35258
5954
9831
39519
46839
12967
20257
11642
32626
20606
1493
23754
7792
9435
25004
16186
39311
32206
29819
26922
27954
33589
18215
38716
3618
26684
46680
46770
33146
40796
17257
30709
30914
18694
38948
14534
46338
31397
8116
18735
26632
13650
46159
15623
19232
7344
46409
31819
30429
32432
18614
42175
37233
35263
28972
17011
2459
3375
24355
24257
3076
15191
23836
6396
24163
19237
31863
6947
32009
15677
6124
29941
20132
19632
20980
3987
38044
757
30829
7972
10553
35095
8774
5642
24753
24802
10990
12345
47428
40851
27931
40652
39504
349
12052
2633
5003
26607
49490
47320
10526
42621
12809
19188
1980
46964
33975
13712
41167
21387
16686
34500
41879
26662
37738
44017
36530
45081
47916
17829
12234
9438
9697
26207
39213
19662
46631
45412
21723
17352
23866
42844
34040
6067
19639
47140
14585
30591
33328
45190
28080
23010
24445
1187
39709
33857
33864
48861
46593
4322
34627
49992
29880
17166
19011
46148
20834
49656
12754
28000
41452
38238
35859
27438
19633
25920
32683
19371
24521
20242
1935
4420
33471
11732
44307
37504
33617
27202
36004
22026
31896
29888
10872
38387
5331
1097
14782
32256
27981
48212
713
39049
47022
5703
22693
37063
36052
43301
30324
8217
43076
11768
49660
34018
24583
24169
21248
17485
25167
2006
45143
44770
24792
417
11783
40320
16456
293
9657
14025
34856
39447
799
47581
1913
42039
41818
46740
28003
30029
37672
49168
22449
36289
32718
10811
14407
27516
34676
2341
12294
41490
31955
13028
1432
12854
23581
33130
5803
34125
48556
43951
20265
43700
27751
4952
48147
15886
5028
9230
12820
5530
30604
15571
11224
5973
29884
30909
25439
23478
29641
40896
21881
40485
30295
34106
31556
24094
48908
44568
30904
3789
37065
16903
4523
11356
23786
1629
341
2659
35633
48691
29803
34758
1260
14216
30968
11276
4524
10690
2365
13436
32744
38344
34279
34017
16952
32131
33315
33732
3607
10148
39012
30930
37039
30979
1296
49050
18940
9542
48968
25419
41355
39170
15435
16004
2622
36374
46701
37325
49711
376
29655
46439
17196
40542
13876
34019
32436
13833
19730
31521
33380
20584
4787
36621
35196
7747
14268
3024
24791
42998
31648
10215
48778
47431
1522
1338
15848
24661
34321
6954
11122
6682
6400
23096
9236
12553
31678
29189
48852
49557
10787
22665
18710
39236
1185
44126
35544
25422
25097
8868
46585
7826
8849
8313
49633
20039
24851
14138
7757
18657
28402
41772
36610
38036
5873
20658
220
19677
27280
7320
45301
44805
43775
18203
47433
3725
36314
16214
8387
7377
42892
46019
11060
17015
16866
27324
28138
28113
21964
4726
25719
45166
21761
3292
37181
16704
41524
3438
47799
7470
19878
12807
20759
30205
31207
46632
27681
44443
29596
42379
15149
21439
33780
12192
36038
3051
30172
40355
35
23175
10455
48266
5103
9499
20449
4957
42476
14520
47557
21386
26322
9181
43194
47740
42446
14052
45387
44662
17994
7327
28223
17959
40586
18680
36322
32884
11002
37877
38753
24300
29039
28703
45064
42361
983
14434
4162
28179
23099
17692
39104
16253
43564
15992
28469
39153
4759
22293
32934
27426
49308
8702
18080
46738
20180
30520
31023
42688
21232
32173
2680
37083
43266
13613
20205
15466
10493
11912
2420
2613
13084
47339
4746
21760
22304
25477
37950
26667
29879
41030
41179
16624
17717
10782
39113
16954
23194
29634
42073
32508
29893
18768
6929
41762
40401
38029
8272
31213
15225
23746
47048
29104
23446
30093
11114
29348
17071
28185
4721
13483
22084
5163
22796
49869
13086
11018
3128
10064
13334
12740
10656
30426
16103
35403
49373
43342
8934
43219
11076
11022
3713
21539
9966
3962
44545
13165
21531
41300
9616
25549
26076
28765
46782
47994
32479
36573
42984
31635
43996
25763
24844
9292
40978
35835
42869
24735
19988
38576
39664
45188
3335
27128
18603
33510
10989
20976
5843
4096
40733
4202
2996
40867
37240
22238
24291
4673
16235
17080
43245
6242
8842
8292
48148
39271
1507
179
1205
33363
26724
35411
14945
35553
40420
1266
37976
13629
17743
48924
18925
30710
5516
28570
6008
1123
37102
5249
27901
940
22800
6380
15353
32090
18782
14778
3466
6276
9059
38533
48254
10545
13248
16531
20393
48416
11237
36789
9094
4030
27710
3211
9920
13031
41324
44830
6015
18391
15240
23157
49067
34231
6512
6425
44303
48347
38711
26778
12409
38670
34547
33336
40143
14393
29977
21272
9819
32194
22408
30272
9413
2512
2401
36386
1878
42587
48187
44167
28817
2513
31756
18368
4854
44637
21573
23297
18402
6308
41258
20539
18298
21815
32538
628
37806
2171
1477
17838
43548
9401
23776
527
49641
7002
20319
8963
45264
30002
44165
46486
5154
40241
11056
42439
11008
25275
3903
28512
46553
28231
6374
3548
29623
2258
2233
43709
21204
31015
49510
36231
46637
2391
45089
24404
47355
46420
15946
24333
38900
8522
6240
7612
42649
12130
27155
6543
45102
467
42183
1755
1885
9449
8342
1130
44592
12297
8748
29748
44170
19216
32220
43378
45845
38536
18605
32968
3815
35369
27553
27768
23398
15500
4868
26312
13174
8778
42566
45297
11178
13660
24502
33923
15102
49739
16838
15735
25016
22112
37962
23004
2322
37758
12178
24600
42711
42618
14509
2355
22688
26311
11440
46513
5441
13110
45621
45176
17107
23113
24365
38289
5404
9123
12009
15678
42883
15923
34235
15137
11255
19438
20611
48389
24557
8365
4080
40747
4081
18745
4689
29837
13401
10243
371
36627
40448
6504
33683
12414
28133
24079
12785
40649
44176
20424
30200
33603
11979
21869
12916
8079
25807
16634
16420
39957
47906
25808
31087
33052
39760
35059
38574
49371
47882
7014
8443
39056
17865
33186
18299
18424
32218
20035
9325
35195
31459
8478
35490
45233
6973
23021
14807
2964
18200
44369
18133
30667
11946
332
10796
27440
30635
31728
20862
16380
19347
23602
1740
8623
11325
16169
9614
18906
18659
25462
47404
8160
25160
11302
20236
11618
47336
5743
31369
4929
48979
31757
23984
18012
5432
47375
44715
25581
7423
38419
10798
3515
9373
23738
36055
44741
5955
22350
41146
46876
4155
25546
41858
2946
47771
21564
19445
26499
18900
10601
8444
46881
43092
10804
48635
11451
48246
29003
21533
15333
35608
10686
30331
33542
21322
28401
8258
47585
49346
27170
31726
49128
20555
2824
6919
16292
27000
41233
9800
42808
48096
1340
48291
43998
47243
32204
34109
4683
4338
28828
37712
6170
32398
20458
18677
44298
39959
7299
38772
37870
48677
45904
9890
36119
30487
35701
25318
24383
13714
47599
11078
43740
25976
37432
264
29940
35744
1674
27323
25843
44430
33767
46619
32363
10577
34715
38748
30
13751
27487
19082
32056
35554
17026
20816
16637
233
28408
13507
21288
26824
12095
25244
18905
41124
10275
7543
33087
39044
39196
37772
35039
16776
12149
4163
17976
26704
27080
2169
22299
27562
1470
41797
34454
11216
41222
18704
35354
32484
44599
43980
42376
17088
344
19305
21305
23419
42559
28126
5529
5883
8359
39059
44773
27312
44464
31029
40861
15636
28320
1999
11475
34036
42166
38326
10987
25070
38222
48424
47678
14909
6428
34766
36693
13656
46802
663
12542
11283
32078
28036
43592
7865
49236
608
46554
39380
24720
24360
46692
10323
8660
9868
19106
33596
5194
7573
47104
46362
3570
37022
34537
22254
4314
12083
26815
8421
38885
5037
4490
44742
9945
19492
1144
40535
7970
11615
49535
7360
21243
15580
3092
36623
49635
21997
24104
35282
1012
31481
48492
28750
38208
42517
11835
29653
24488
44037
2861
43277
26300
12634
