9
37
65
103
150
168
171
207
229
240
256
299
316
350
382
412
430
448
478
503
510
523
550
569
571
576
588
602
632
638
668
688
700
764
767
770
782
787
793
842
864
868
876
892
899
925
952
959
1064
1077
1110
1159
1169
1208
1210
1216
1224
1247
1303
1315
1324
1338
1363
1385
1482
1494
1525
1553
1653
1665
1683
1686
1717
1727
1737
1742
1775
1781
1798
1808
1811
1837
1842
1868
1912
1927
1954
1955
1990
2043
2103
2106
2116
2128
2144
2168
2229
2230
2236
2252
2278
2318
2329
2343
2399
2422
2455
2482
2507
2516
2548
2572
2574
2595
2610
2616
2634
2718
2728
2788
2802
2848
2855
2876
2967
2984
2993
3020
3057
3073
3075
3082
3141
3194
3227
3270
3300
3316
3362
3446
3448
3460
3471
3484
3499
3545
3648
3650
3675
3690
3769
3789
3807
3843
3864
3895
3904
3935
3985
4019
4053
4060
4081
4110
4140
4152
4188
4228
4229
4265
4296
4338
4352
4359
4361
4380
4386
4417
4448
4507
4539
4559
4565
4590
4638
4649
4668
4671
4676
4687
4700
4713
4781
4784
4797
4810
4832
4844
4863
4959
4979
5006
5017
5077
5081
5093
5126
5141
5142
5158
5234
5253
5258
5267
5278
5283
5319
5327
5328
5353
5445
5464
5484
5518
5529
5530
5533
5541
5551
5555
5577
5585
5628
5696
5702
5736
5766
5837
5893
5920
5929
5954
5956
5988
6022
6042
6082
6086
6111
6118
6122
6144
6149
6155
6223
6244
6247
6256
6265
6280
6353
6389
6411
6468
6574
6577
6643
6661
6681
6720
6730
6741
6761
6767
6785
6788
6819
6834
6865
6870
6910
6944
6951
6979
6985
6996
7026
7049
7050
7060
7064
7066
7068
7122
7168
7224
7233
7243
7262
7268
7301
7303
7317
7340
7407
7423
7435
7461
7474
7479
7483
7489
7524
7532
7535
7547
7560
7590
7593
7604
7651
7702
7727
7736
7753
7779
7797
7808
7820
7828
7830
7836
7849
7856
7873
7900
7925
7926
7984
8091
8185
8203
8213
8227
8257
8274
8281
8352
8367
8376
8423
8519
8537
8572
8628
8639
8653
8654
8695
8711
8716
8807
8834
8842
8859
9012
9068
9084
9114
9130
9173
9240
9259
9297
9309
9338
9364
9394
9430
9457
9462
9464
9475
9488
9498
9518
9525
9531
9600
9612
9613
9615
9637
9641
9651
9713
9734
9742
9743
9750
19367
3793
39048
34958
29182
27807
47692
17336
10287
36266
4618
15570
48329
45984
30658
1332
45055
23758
28544
26262
37040
17468
32701
11883
8103
18760
42741
23931
28353
46781
5198
13475
45146
19355
26655
42279
40157
34573
49662
47831
9608
1619
20456
16094
22915
16612
12563
12664
4649
36753
5997
37547
20804
6579
38191
45167
22182
5045
16413
4541
34502
3537
39597
48210
2199
7010
46296
46861
14913
36837
23868
29258
47755
146
33886
12948
19076
39672
21559
14458
5881
22415
23861
48810
30215
23904
6903
12789
24343
31768
44380
26989
27369
41813
45463
44699
28960
40257
39319
26970
20665
21219
5668
48509
28141
42885
31010
28199
47896
30565
2308
44881
15141
18759
49003
34073
21866
48606
6002
35943
45684
29590
29112
14420
40102
27198
45198
2920
23908
23809
10448
5622
11373
7793
8762
29909
18094
42208
30127
21375
307
35183
43325
32407
24542
9990
28778
5662
8951
37376
7838
9242
22633
21519
49642
13342
43578
1078
23137
8850
45906
22475
40174
4508
35642
15249
24320
38669
37126
43200
33830
32292
16523
12187
33284
44969
6360
41698
16354
5316
4005
29148
964
4826
31056
32820
1893
47177
28907
33893
44058
45707
11399
42851
9382
46774
43354
34943
17280
30998
6692
16234
26759
33413
2273
26658
36834
22464
2845
49520
40387
6052
24372
12385
13503
34049
35974
47303
46574
47156
24214
26078
40474
37031
36280
35433
5306
37606
43942
31483
23813
10494
36250
14616
17258
43511
36461
23089
22150
39688
35961
23633
1105
13128
11801
22156
4289
34772
16117
36557
5172
8510
29085
39453
41313
10138
26373
20380
12712
48672
40970
41054
36115
9376
10659
31283
40265
20172
38430
33868
27788
28379
11777
13346
10799
683
44521
44339
37427
36283
7764
9511
27040
44155
19100
34625
23336
883
29604
35346
22038
41544
577
44860
1912
1682
48278
27717
23009
2793
39832
3126
19114
34800
10859
4256
19432
49158
43496
44912
10934
16599
26039
28351
40729
17639
12162
42454
48061
15924
579
47927
1975
30566
26677
35504
36875
28567
25091
5161
34908
18423
29043
39801
5793
41899
21618
23926
26012
19660
11876
26674
867
19353
4069
44710
23141
15302
35568
6357
42739
26622
46327
36117
33147
37050
40101
45832
41183
3915
8308
5688
28119
1062
67
39917
37349
6708
49249
35654
19072
13717
47641
16910
29440
49284
22433
31869
47412
14765
45792
48387
21289
44919
10762
20854
30503
45154
2086
9787
11172
46438
20578
45996
43008
34370
29825
41541
30932
30223
40267
41811
6201
19680
31387
23303
19873
35476
16343
31911
5612
31162
49750
13724
19488
25560
5138
43104
15280
14177
24087
48468
1379
9187
47159
19703
15588
27245
29602
45431
22605
14586
30697
40819
39212
21282
10850
38926
17097
30717
495
3850
23886
43326
25623
40777
18982
25120
6264
32495
3666
12035
7167
11296
28714
38961
15263
11152
23225
5437
12555
24537
36512
43901
36059
45048
11720
8896
29179
12979
45593
48559
9097
26284
32745
9425
31540
35038
3602
8505
34251
17875
21793
34903
33563
3545
1437
25486
35257
23129
1940
7854
43016
29867
13421
9701
46752
21121
17139
34773
17846
42857
3409
36846
44901
44502
16533
16519
34483
46278
34957
36859
36165
34730
18244
16717
7245
2192
31870
6546
36529
35019
20735
34077
46090
35897
49193
45671
8992
29384
32110
3928
14954
46163
38280
48226
46485
3929
11547
25766
3755
6662
208
26932
47767
49238
20636
36099
13642
16744
30178
8835
118
2758
25338
530
33077
44722
28901
44716
45183
5332
48623
48863
316
35574
2170
40181
45235
14071
21478
33671
36878
14571
49963
25542
16378
8394
38378
45044
17895
36649
24316
48431
40833
2632
3531
28863
29585
49217
7570
8317
31771
20851
48921
32249
30678
41386
21658
42703
46788
19048
29697
44692
24245
15750
17240
28915
21954
186
26888
5300
17187
38018
30823
12467
9673
19086
9091
29918
27162
32605
2055
4566
48450
11856
45174
10626
20441
32595
48751
29987
28753
1378
10504
32242
25960
47128
14361
47124
44812
31291
48150
22573
12970
17991
6057
5320
36218
4667
38324
6116
4252
7479
49031
39371
5650
43226
32589
3381
8364
6438
9880
15373
33806
36179
45614
21350
16966
49065
2953
3600
18860
12653
35542
6237
21518
23651
35592
46356
47759
76
18792
28337
13730
3652
27957
5388
2129
12259
14077
22140
7759
16373
47296
672
5293
28065
13704
10312
31296
30412
42638
47569
11096
29025
15420
22950
13512
17276
508
14610
22543
43721
29507
46190
43679
1045
35097
28120
273
40059
6587
14683
27448
48718
23722
30776
26385
48371
27693
21133
20947
31989
31453
11360
38273
12637
40699
41348
45116
27041
22805
3974
46401
30263
41508
35984
31233
30351
34271
35749
5693
38426
21926
9412
1112
11422
14250
24027
7608
15965
29924
21065
38494
17961
9308
32984
41840
4735
10996
45302
38663
4374
5978
17371
41967
32439
14847
37993
49823
10829
1638
33778
34587
7337
42560
35461
44066
17061
21376
24788
40559
29431
19034
14523
900
20187
30736
3237
20901
49385
25387
43960
4690
33025
28229
34110
791
33219
8089
37112
38820
19796
4768
7249
27569
45405
16078
12955
3838
5104
32851
6657
11681
12840
39855
22162
25297
9606
39600
20683
3023
38363
42599
22807
3672
16255
26647
42591
31937
4684
5968
39330
19073
45871
16051
6706
38056
30648
8532
38405
48705
2218
33088
27299
20250
10080
16595
27818
26393
37383
46705
31618
36456
26597
46346
26847
20600
17434
10520
9419
14784
5271
16943
2767
46186
34966
11940
19442
22197
21184
1353
8644
27380
25973
14564
5865
40168
19826
41415
14572
14279
37245
9270
17433
18357
5884
10781
14880
16725
47405
14467
24149
30850
28511
34916
7415
33766
47574
22016
31067
16107
29462
27146
47121
8841
7292
13320
5801
26659
30729
30873
408
44723
38998
47247
3677
32466
48385
17429
25060
13379
38777
1906
30091
18681
38168
47959
45472
44548
10208
29668
26945
13625
5013
33790
36967
7944
33900
43673
12644
34205
16226
41280
28189
21408
10163
15090
21330
28949
22285
42824
30934
3175
40825
25907
24055
512
2991
1140
10845
15694
42458
33809
2886
3930
8886
39557
22075
3316
39199
35393
37780
45093
26955
23840
20517
16684
27622
23111
666
27784
48308
5602
25736
33248
31829
319
5937
48178
15758
27184
18310
265
21847
27581
15652
29130
45287
24388
9705
44809
42875
14917
16602
14387
17356
49181
9106
37968
1765
40063
31095
30027
44908
6114
39685
26868
19302
16885
21523
6381
7441
2347
3983
39784
6811
41468
45740
16203
32742
20944
38267
11771
26908
21628
42106
44947
38393
33784
26668
37387
17099
8840
42214
147
6727
28899
47174
11552
9886
4164
14020
39879
26117
12248
24331
35844
25945
36734
88
25360
11597
10723
27707
22497
7786
14510
14433
21993
22366
35297
1117
26229
20693
15838
4992
3014
34557
10246
31039
10123
23464
109
41505
15197
30578
44469
13910
28701
19805
11388
17607
36397
40638
38933
12878
24391
25708
46664
41361
40742
28624
46775
18967
21203
22694
36508
8245
1465
11085
4622
41391
43112
17367
39816
21236
31385
33774
22051
11232
25784
3032
18761
30056
10943
7708
20559
1734
34507
32266
27733
38836
43329
25009
46345
27365
44902
16480
40976
20974
40540
4049
41149
9143
30966
35852
22033
42385
43281
31920
15031
39327
49540
39581
18930
33639
35813
46656
26041
33568
39115
11678
37115
6087
39870
48646
1796
35981
8012
15936
40291
49417
21520
25604
14462
21380
7980
48340
12972
47985
41920
10030
34085
31758
28483
42000
37452
37762
34423
14985
44605
23990
9626
39280
13665
49074
14695
37819
46302
43802
19053
48615
12708
6150
47501
5079
28968
33856
30309
40072
6364
16592
6861
44287
27523
41996
3846
46955
43165
40698
6937
13399
46777
39872
27083
32653
45802
32724
18175
20462
20679
48051
5466
7571
4246
23333
31388
22753
12262
8754
15188
32965
40810
37392
30936
33316
43197
34973
42727
28451
6666
36315
30898
38380
46639
15763
1633
12279
38752
5819
21237
48196
32084
27791
10830
11773
11589
45063
46685
14525
31805
23759
34348
37607
26227
23410
15150
35043
2351
4538
7373
6083
30692
25325
19122
32146
5605
20635
20670
33431
23426
21507
46744
34154
2853
23975
43405
3702
35521
25036
33679
11797
11717
21923
438
3234
1000
43137
4842
34666
33182
6991
39156
39741
46848
41284
12950
16407
33547
7692
769
26531
36076
38406
5077
3643
35358
32489
3648
17171
28886
45920
18252
14083
1099
27025
31686
41560
23713
23302
30220
21738
11747
16491
3137
2016
45426
36434
17109
39844
26113
9557
46599
32115
14885
23798
3657
8517
22187
43062
22452
428
21138
9146
39699
23751
16016
13780
30276
43729
19776
29609
39831
31399
6934
35159
19193
22127
47343
3700
40042
38153
15690
39434
40750
44212
43333
49244
40564
30420
19891
25409
2032
27551
16568
17990
21221
49029
43039
23569
18498
41395
6457
45261
49206
44449
33520
17941
14661
34872
5018
24458
35676
26600
17975
41261
17974
31885
13343
34633
18488
7456
34395
2
8146
8479
42278
24408
19549
20765
27997
45840
21209
10390
49931
31918
20229
14970
8807
5275
36559
44871
24880
40903
30598
322
27695
35773
5310
11555
20165
43437
30363
34628
44372
3061
44479
8788
36210
49360
32245
37739
49546
35717
8493
12775
28159
886
48766
49338
43696
43642
26136
4587
6183
43282
35260
37444
12541
10342
39625
41976
21696
37580
27256
9213
38530
34386
19486
15350
15204
23717
20481
27343
28850
1587
33144
38481
1714
2667
31811
49057
42941
42689
20943
768
33887
26756
11620
7628
18789
3363
36910
9971
15993
24849
14
2840
48260
4215
42191
16664
22220
3722
15901
9807
33433
25994
36719
4545
26616
38601
15264
36309
15785
21182
970
4371
38868
39065
48408
36668
48590
45497
20354
38532
2529
22538
1247
19411
30620
44928
31216
26625
27591
1433
34645
40774
31115
2001
15597
2645
17987
14224
26766
2768
17849
38116
39775
44009
39359
15180
23075
24203
26511
24453
25586
31533
34214
30901
5591
28635
46647
33839
14265
32717
45993
28543
