17
52
72
97
106
127
141
142
194
246
282
359
444
467
488
499
518
534
559
567
584
620
637
670
676
693
759
787
818
844
846
953
988
1017
1027
1031
1043
1054
1071
1109
1176
1182
1214
1218
1262
1276
1281
1304
1305
1357
1447
1449
1455
1500
1521
1538
1611
1630
1652
1670
1692
1695
1706
1719
1731
1746
1759
1782
1803
1830
1837
1877
1975
2026
2039
2044
2099
2122
2244
2257
2270
2298
2302
2313
2315
2348
2371
2410
2412
2453
2460
2496
2516
2528
2550
2557
2577
2632
2681
2722
2730
2732
2754
2760
2768
2814
2866
2878
2884
2917
2919
2923
2969
2972
2982
3001
3017
3069
3103
3198
3229
3286
3291
3299
3310
3349
3356
3367
3415
3500
3518
3565
3596
3605
3617
3633
3703
3704
3719
3758
3759
3784
3793
3852
3855
3902
3911
3978
3982
3993
3995
4026
4029
4038
4044
4048
4083
4105
4124
4129
4163
4251
4264
4333
4352
4371
4374
4384
4394
4410
4446
4474
4481
4519
4531
4536
4554
4570
4582
4599
4627
4688
4720
4735
4780
4786
4800
4802
4812
4824
4825
4830
4858
4889
4906
4923
4951
4987
5049
5118
5128
5151
5172
5180
5191
5197
5199
5245
5285
5290
5344
5353
5471
5474
5485
5490
5510
5632
5634
5651
5655
5666
5700
5710
5712
5726
5762
5770
5780
5794
5885
5956
6025
6030
6051
6057
6098
6115
6134
6143
6165
6194
6203
6216
6285
6295
6315
6343
6347
6351
6363
6380
6386
6389
6391
6412
6458
6464
6467
6508
6509
6556
6559
6583
6592
6599
6620
6646
6661
6671
6700
6730
6845
6853
6873
6902
6908
6919
6925
6929
6932
6938
6953
6968
6984
6990
7022
7056
7149
7171
7209
7224
7225
7321
7355
7372
7376
7386
7394
7402
7404
7466
7497
7565
7576
7577
7590
7615
7637
7670
7786
7790
7833
7850
7908
8004
8016
8039
8064
8066
8085
8091
8095
8126
8132
8144
8158
8189
8192
8194
8199
8212
8232
8309
8313
8328
8329
8373
8395
8426
8427
8429
8453
8467
8549
8573
8593
8658
8675
8783
8786
8799
8845
8904
8952
8963
8987
8994
9013
9022
9129
9214
9224
9230
9231
9249
9250
9264
9289
9400
9407
9428
9444
9450
9479
9532
9579
9584
9587
9653
9703
9719
9738
9765
9812
9820
9828
9882
9971
10039
10068
10070
10079
10106
10112
10119
10140
10150
10173
10242
25132
10789
746
37556
47246
37980
49772
24898
21902
22896
38249
43537
25349
25865
10278
25080
27015
43531
8064
3975
33389
15564
754
842
19478
18195
589
2030
14980
41784
36174
2889
10873
40689
37405
41717
39215
28182
21409
32485
16870
36904
9725
14977
45292
20808
9560
14215
33804
25328
4898
47092
37244
17443
662
26895
23298
18517
2677
49175
35724
47356
40295
26359
29443
41973
2366
48960
25365
45851
49456
14822
28101
40306
35483
4433
35008
32286
42909
13394
33439
6759
35698
25329
44702
47241
9805
35922
22180
35277
16467
12099
48237
35869
48456
42360
15647
13333
24954
17618
13198
14801
10384
12901
18255
14219
6301
575
29741
44025
43229
18091
21302
15058
42593
27189
41700
14517
6999
48304
36265
38713
28455
18577
26887
8129
3029
14431
40406
13569
6189
33936
25283
20078
9472
25122
43246
18802
44718
46869
23609
34929
42386
12677
5989
38760
45540
1215
43230
27635
29872
3186
33469
36597
37142
40107
5239
10232
34511
2620
33382
44406
23834
32150
9184
30993
5620
3622
23785
31432
15099
38915
23490
12402
15222
30883
49893
14671
23331
739
21904
9958
26006
39155
36133
43936
31326
45130
44016
47665
19651
38367
12778
24824
797
12900
10528
9436
9072
16021
3988
5778
41620
26821
37637
19288
44091
38965
33082
9581
16162
36248
2458
46064
17714
1857
29026
2360
18051
1679
4107
19791
1930
30679
2000
22846
9347
14577
5328
18534
43830
36654
39259
44798
15796
9505
18695
6320
47844
32568
1276
10852
39144
28385
27157
23140
46583
48464
23381
43215
49058
48578
16944
45069
20998
36260
26991
8357
37267
47924
24207
5577
15013
2746
8897
8555
23794
28911
5802
14733
27038
5449
6564
18793
25411
10643
26444
1042
26767
1341
2113
10623
5447
8887
7800
16941
38729
27952
10583
34848
9422
12617
14976
39017
36895
18589
33843
47604
24088
9165
28264
44130
49846
12410
36338
17324
34955
7120
24547
43587
42259
17997
17081
46400
8187
23993
39629
25968
37496
37286
13022
40253
6335
14757
35056
29588
1927
39421
43051
25778
3953
21718
42457
49978
5995
22871
29350
9964
10481
37293
40837
3317
25108
19418
32503
22892
5766
12733
20369
45929
32594
16039
12320
41050
17477
43396
24786
23852
13942
5735
23484
22414
35982
35768
3191
28202
12751
44471
23098
19346
28735
16109
7955
6818
19849
30195
26406
31357
16417
28197
3284
48467
24599
26947
1200
21660
23829
16183
21185
4903
24311
42812
37186
3151
29962
13597
10685
41783
25090
28987
11870
15472
19777
1891
42887
39465
37636
38232
45846
4650
43774
16666
38550
49454
38284
30498
16815
29236
15859
16654
39755
16324
10573
14319
14400
31262
35238
47682
46370
7641
32948
18405
37908
2074
25116
41816
11741
36824
40977
47301
8521
14374
29740
5564
2823
19461
35969
21255
37150
42114
38415
48490
15117
30996
7922
47233
2502
1275
6326
32162
15292
40262
31764
5363
24988
13749
1905
1645
49335
46581
48927
11778
30455
7314
20489
8546
26270
30671
42339
35025
9957
43941
26515
40502
37346
11426
33074
20903
29686
36407
14897
41393
45171
18139
34688
9451
2492
8595
5368
16171
25370
13267
33592
8907
10225
35623
45000
3255
49943
36098
38121
16706
40230
6699
43066
44166
2244
33805
13974
8343
7849
34275
26796
5934
3733
7684
43320
38688
14503
8516
25889
7191
10274
38798
7186
33618
24468
24499
10386
27242
16096
23727
9778
6257
32428
31364
34372
43322
49689
44531
25724
8818
18911
3400
9086
19535
49640
24346
30925
46383
16633
8311
7582
37205
4088
48438
14780
26046
29789
47056
33174
28364
21343
23344
13482
13373
49763
956
31980
34864
15521
34339
45476
14086
45353
44123
25937
39406
24974
38143
43255
18835
40119
21430
14808
8615
36078
44111
45065
22222
45950
29062
12744
31589
41430
40563
18031
24235
6460
5982
16114
33648
37802
11300
5241
44664
43309
26931
5863
2807
413
30419
39314
20971
31871
27288
4396
19600
22678
4024
7372
32597
3920
38500
24237
25927
30581
44560
37222
44694
7204
19383
30568
32469
28118
30651
47856
2045
24427
5538
27910
45610
35214
40637
2701
39395
7564
29619
27054
32073
5101
17059
4218
8202
28727
25197
20314
24014
18124
47382
33485
33775
40692
37892
5317
19712
19739
49226
33921
34025
13178
40916
12714
5024
32354
42463
30340
39494
26901
40447
5809
39307
3817
3013
37010
18938
26420
26673
47110
5276
20028
45725
37423
13219
9621
43168
33265
9473
4258
4714
16843
36114
48386
469
39408
21742
35986
37159
31573
19759
26866
1414
46364
37379
31444
9082
18590
2211
15481
3035
45230
42747
10047
20900
38178
41838
46154
6072
7323
28771
15283
1898
48020
25454
7672
25079
33553
42290
35290
7830
19074
26401
25271
16506
40731
9773
39262
7
4315
30330
10778
10226
2700
21136
40325
26203
43894
49811
30036
37448
28369
30803
12869
23456
48219
15822
48596
26086
14109
28480
1562
9637
40539
42868
6409
11417
23435
6239
48717
24901
23212
952
20780
47372
46996
3958
10538
31491
49796
14233
31718
31822
9315
9329
17946
10816
1783
8687
8176
48714
46018
22381
36776
32152
43355
11260
26451
38142
19978
8608
21001
19542
24390
30760
13182
38884
35650
28853
21995
44789
45493
41332
47890
19244
14725
39796
17499
30956
21852
26343
13732
20792
36346
38425
6522
37807
37430
20618
17494
34707
15543
46032
21857
33155
29669
13423
33220
21617
12722
40684
16811
35812
38196
41381
23178
2554
37190
47817
19235
113
48586
25957
8106
36580
27006
27883
28502
37273
21120
24026
23627
27217
40203
14928
16645
1900
29323
22958
11428
29047
7682
46747
28195
46055
2472
44801
13132
12683
22097
46860
49126
27320
10779
32632
18227
31982
22625
26193
15359
21301
14333
19986
11167
6953
15889
49728
15579
28152
595
44617
48938
21269
36592
14947
30030
3835
14449
1218
24948
24025
7717
29326
13092
9207
654
47153
14081
29614
45682
33689
22327
13799
44398
32282
10307
652
21918
37254
43370
2912
6194
43768
22341
29370
24050
48283
21576
1543
18500
41780
24172
15691
16088
23310
23585
19306
42052
32239
27929
43152
39985
34412
8817
44514
17411
28589
5761
3083
40567
36239
11154
40570
5060
46601
47170
17876
9361
40182
14261
48684
10073
5737
4795
17050
30409
37651
7011
30592
32498
28201
19010
10932
27255
47724
33191
31914
3389
4873
45523
10886
10994
32740
22887
28145
5401
32399
10507
38947
26831
11
4460
26356
30417
16144
2897
9719
29916
20179
43091
2611
8372
2614
26422
40055
18219
16192
30659
48466
22526
37595
8745
34067
39247
23600
10140
23612
47575
4933
22792
13628
2397
25068
15157
10734
49010
31528
27778
25485
33945
45808
4485
46620
33308
13299
42719
10158
8115
11350
44424
4333
46455
35815
7609
9587
12157
21833
24850
26291
35511
9496
6641
15327
48149
28156
33773
33981
3939
44081
8927
31719
4254
38553
28920
35502
19883
20347
5771
47777
37319
30431
30939
28520
46556
9214
46412
25572
34378
21695
13900
32514
8718
42284
27913
38890
46640
29016
24708
49048
34544
43247
24004
31331
1716
38176
15599
37573
14865
37001
17157
15073
49332
28087
29533
46941
5748
47898
23543
18431
898
45034
37957
29586
30984
15998
4112
18165
44297
11520
35217
39807
41596
18022
9369
41949
36394
32579
40866
43671
211
29998
48620
178
15364
29892
22501
32208
2135
35376
1945
36612
37744
1698
21553
11553
36784
30556
39251
29320
13276
30082
46875
26276
11749
8996
25464
42634
13339
46045
18037
15644
48848
23940
14758
1019
8946
32779
33120
49203
36037
611
40630
17177
46270
35814
7613
948
30928
26017
48382
11019
37862
30190
10371
21557
32546
21963
31036
10295
47003
4251
37971
47055
40892
20614
43876
2801
12838
8430
47438
11581
43791
42626
6299
30552
10871
11483
11323
42378
41956
21657
40234
28832
7325
8914
10891
8369
17805
8859
23778
37948
47383
10905
23910
27539
40626
26490
30972
17537
25131
17943
8203
6601
19636
7565
47696
26903
38025
27113
39758
44169
7353
21378
30549
8508
23330
47556
27894
26687
37200
17463
16468
27452
43848
27657
26317
41479
28923
23265
31597
8316
40308
18956
24930
46454
47319
38236
36971
3649
36412
38955
27774
23811
46456
20960
45027
37474
1459
9851
28082
32177
42814
28578
21276
34010
39962
2553
9939
28463
6763
38920
3933
42268
43128
16788
11561
28977
37882
45394
28102
22647
22359
43358
22806
35767
42238
44784
36281
33727
36270
32187
45506
17989
14633
15325
13351
12888
18667
32440
37019
24596
21691
22198
34191
27248
4712
48823
23037
6497
10333
46129
29486
26358
38615
20158
7405
15511
43629
28398
15999
43833
20819
46266
2960
2563
10884
30987
32660
26733
20499
37055
4554
37884
25213
10730
22730
40743
8904
48236
2715
22052
24371
7079
23903
41039
46818
28721
230
34335
48055
289
38803
4499
30298
1149
15842
45480
3544
1412
15806
499
42304
11570
23505
48420
39888
17364
9224
31839
9590
32241
5412
16824
24052
9956
27987
33698
41462
7969
31952
34161
13540
47137
27969
23204
26661
33019
29481
22965
37489
30255
46641
36565
17242
49264
14742
41416
30422
26464
35385
34469
29800
14130
14349
38145
37791
23880
10184
15567
21082
46117
32561
49794
27055
19321
34844
49942
17720
24916
26633
40439
7028
8814
37842
44858
114
12738
5779
46465
5996
6821
4427
38837
7185
31990
23186
3272
20846
26256
19821
18997
23889
1828
33348
31851
17872
32875
20979
26553
15148
48258
2358
38767
33968
1083
39270
31739
19008
31336
36328
46896
32382
10672
9201
35333
8498
31800
21821
24259
2275
37624
47673
33009
10094
11848
24545
25952
19037
15878
34605
12397
366
9795
38468
722
391
15427
21107
16000
15366
32992
35122
46517
12272
19162
26606
27637
48198
27098
36017
24715
3581
44655
16334
19755
21211
5158
34733
30538
39255
35784
19089
46484
34788
48727
19467
16618
40120
8052
45029
4178
16877
14057
48099
36677
22429
1833
7845
11669
3050
31321
6076
42097
5326
39136
35980
20550
11228
49935
41438
15712
13039
16565
44874
44559
41473
46849
40821
5498
49051
9225
