40
64
71
80
107
113
207
308
314
321
334
364
369
375
390
415
420
513
550
568
645
653
716
754
765
786
792
810
919
928
962
971
988
1016
1055
1089
1092
1133
1195
1200
1230
1245
1276
1282
1285
1290
1336
1356
1364
1452
1458
1474
1489
1494
1502
1521
1531
1543
1570
1581
1598
1620
1640
1657
1660
1661
1682
1687
1722
1724
1727
1745
1746
1748
1751
1754
1758
1776
1806
1808
1822
1827
1894
1898
1930
1991
2035
2068
2075
2117
2135
2162
2234
2244
2324
2332
2436
2460
2464
2531
2542
2623
2730
2731
2764
2774
2777
2784
2806
2816
2835
2879
2881
2883
2928
2943
2962
2981
3005
3006
3045
3080
3099
3130
3162
3201
3202
3204
3224
3227
3254
3255
3273
3289
3299
3334
3357
3380
3428
3443
3471
3504
3546
3583
3609
3610
3622
3631
3647
3663
3696
3711
3726
3753
3911
3964
3993
3999
4065
4066
4117
4189
4194
4210
4245
4272
4278
4280
4313
4321
4334
4378
4396
4403
4485
4491
4495
4527
4538
4625
4626
4685
4691
4716
4732
4759
4782
4844
4882
4893
4918
4951
4963
4967
5017
5032
5034
5038
5053
5056
5067
5088
5094
5110
5111
5137
5144
5192
5193
5273
5320
5346
5351
5373
5381
5431
5474
5522
5553
5574
5575
5719
5730
5739
5741
5777
5784
5785
5810
5816
5828
5835
5847
5865
5892
5893
5897
5919
5959
6012
6050
6061
6080
6097
6132
6236
6255
6277
6312
6342
6371
6375
6404
6417
6468
6521
6527
6578
6588
6693
6702
6708
6714
6746
6750
6754
6757
6819
6843
6862
6864
6937
6946
6967
7010
7032
7035
7114
7124
7143
7165
7176
7256
7319
7347
7366
7395
7460
7472
7485
7544
7575
7702
7715
7733
7764
7767
7782
7803
7813
7855
7883
7920
7925
7957
7998
8032
8049
8086
8095
8098
8103
8123
8152
8202
8212
8234
8297
8304
8375
8456
8482
8501
8525
8551
8578
8581
8586
8661
8672
8692
8704
8706
8756
8776
8779
8797
8805
8833
8859
8884
8891
8914
8916
8930
8979
9010
9030
9032
9114
9121
9149
9165
9173
9194
9198
9217
9255
9271
9289
9323
9332
9334
9434
9460
9558
9583
9597
9668
9671
9695
9702
9724
9732
9745
9763
9767
9785
9842
9876
9878
9924
9958
9961
9972
9974
9978
9984
9988
10041
10056
10080
10114
10132
10138
10142
10217
10273
10278
10291
17535
48654
12878
34481
3671
40040
42727
45183
22033
34666
40101
13358
33620
21372
8126
5697
7453
48051
39585
16163
214
50
47895
17709
49370
47759
30717
8402
43938
38280
14563
26480
12955
35579
32563
46186
16234
47687
21713
7759
31540
2838
44964
11232
47959
9673
27837
48226
10257
40699
7069
27336
31009
13771
47427
33672
24880
28415
21907
24027
4407
36401
13128
18488
45734
6129
10373
15687
21555
46848
31805
42471
1706
16046
12708
13255
21960
9026
18796
44264
27752
38277
1186
48150
14723
29002
36748
33928
38820
5203
30175
19719
39600
49249
13657
35568
30785
29438
26766
48921
3702
39274
27112
25094
21159
38328
19766
30850
34975
4538
3126
32115
7692
30558
7746
3596
2061
11604
19469
29750
11504
44908
49766
31956
36291
25360
45829
31664
49266
9027
40414
32473
15821
41278
44793
17393
6900
37739
4291
34726
1610
24693
8841
27190
1343
33281
2728
5244
33886
30555
48751
28318
44723
24391
13160
39831
33966
38056
46696
16302
48559
32666
16911
39839
33896
1241
32742
23809
26489
15302
9676
15382
12086
46878
33433
17945
5056
30722
39371
40693
29825
5071
13609
42246
11157
19356
19525
21926
49583
29114
33483
48652
21445
47028
43329
24615
33362
48098
9229
4520
6268
32112
28702
16803
5585
26508
29000
23562
31385
15616
27122
10092
22935
8308
36640
1462
13745
23991
21330
12467
24029
16362
36384
36674
28656
34175
7698
1433
33898
15249
16001
5418
2251
17703
13724
47876
7457
444
14077
23410
26496
49502
25991
17176
41391
16255
22643
480
30776
48816
38516
44881
10829
49732
9893
3526
32495
5465
44860
24066
47367
7764
26002
41261
48734
49963
42346
29672
27435
44058
47128
6991
16170
23397
9187
32717
29193
30194
11797
5045
30678
756
24234
36697
22051
32664
21939
8087
11658
21766
6693
43265
24278
37349
8110
44511
10698
46221
37017
14990
21289
35057
40412
8565
31089
43332
26021
4784
9721
31758
20636
37571
48451
15066
16454
39050
8727
7373
10467
31233
3858
21291
4986
40174
40144
1718
10448
27900
38273
40072
31909
1725
2572
39548
34957
36288
13690
2032
9461
12001
38405
12863
25297
23687
27196
2002
4584
15
11472
7292
27593
21571
40596
2758
45841
21485
28774
27957
17404
40698
6766
6727
31399
4665
4364
26654
20974
9169
26908
34625
27889
36508
47005
13454
37780
16737
28863
32175
5793
34800
20901
4704
33376
2086
29186
47069
1049
18982
33782
49012
35257
43419
26780
36859
16728
5776
4115
49147
7920
10859
3127
29085
11399
31918
22898
38426
36059
19593
6288
18943
7791
13294
29221
41580
38393
21895
24388
6083
7902
13791
33077
25120
31815
27040
31296
31638
15401
37975
12162
17429
964
38357
35280
35073
23569
44132
49534
27025
31686
30285
31643
36117
6365
31722
35625
47690
26113
3755
31713
13148
36521
10941
26822
44710
13096
17097
19659
41477
20134
42586
31869
166
11422
3086
28527
10769
48713
45235
49783
44515
25159
8568
27551
38985
18878
15930
24245
33316
8327
41926
5002
34402
2551
6066
20915
44013
26955
24640
43910
20765
13782
43560
12245
1472
2351
18930
47025
28309
3613
36076
43900
29585
7583
15566
5390
41363
8955
4536
17341
33472
9382
35159
40676
127
9432
47577
18689
3234
28747
37326
1213
38778
29197
43067
42154
35592
10331
8658
39330
46280
25338
17784
42452
22134
719
34667
14424
46438
24408
42395
16901
34995
1217
16910
24609
40222
10983
43197
5293
17731
37031
47592
5140
13904
33568
147
21209
20024
38363
41996
45520
29602
5198
668
48998
26101
14217
33729
34399
36797
15561
19289
40015
39930
19488
10659
763
19193
25542
47985
12793
17816
4587
23383
34366
21236
38933
37833
9959
39063
9955
33887
49125
6571
21355
17991
8510
44949
41169
16641
23720
1062
634
24483
30936
14953
11485
3704
15252
41901
23433
43341
18116
39556
30525
45418
49031
5083
2380
39746
38740
12729
24173
146
42672
4028
24125
26053
45495
38473
24494
5485
9812
34549
28304
4889
40100
25510
33144
36250
21714
30702
8587
12541
48623
35706
20388
21542
23358
26659
38153
23129
30966
43042
577
17258
38117
3276
22150
12248
71
33806
35288
11517
15750
33909
19670
34158
42264
3088
12152
45198
43271
1247
27420
35657
18020
43218
1028
15420
30161
5893
6057
16016
32337
48408
22024
5654
10075
7687
43821
1262
22315
33656
5320
18301
42824
28931
6997
43721
19470
4964
42733
40753
21575
19076
30656
3006
9902
47767
8650
10497
29668
29045
48121
11388
49596
44919
25404
5310
19722
25308
31920
45405
26650
48839
3977
28604
28684
20578
14326
2214
47429
17551
17061
22756
43121
37968
45798
16394
9270
25883
21461
1235
2644
7071
25963
33930
25965
41535
15463
43648
24731
22330
48626
26574
30764
7441
39557
40168
40215
17706
14053
37020
45547
46687
49287
19876
41895
46426
6245
44182
43311
40735
21098
11715
27350
3706
6178
38663
35297
28846
37245
16664
14179
40777
4865
5286
44947
39331
43942
13665
34943
46178
15274
39065
46752
33900
34883
28390
23555
30901
42890
3648
13474
12972
21648
37376
29301
28207
47521
30327
39672
9936
24523
32962
19826
34535
17927
27198
10751
46611
11941
4586
30773
17109
40037
27524
43406
11717
48439
30364
3267
16407
32735
29565
1827
34842
47660
24032
34085
3705
24048
21184
44952
20912
21518
33679
33404
9139
43384
49417
39510
18779
31811
37793
26531
5235
15785
10231
28960
2
49945
26647
30899
3850
41204
7944
29956
11383
10590
8061
33676
15287
20165
9513
20004
45497
13074
9115
41611
10930
41427
41765
8670
6016
28547
643
13364
44606
26458
5997
31517
512
16849
39754
14475
49035
12456
39522
21887
24924
19523
36837
45020
22348
20427
8959
14458
47697
43437
3652
1940
23975
9447
40976
23229
42278
26057
33025
3075
26348
4150
43785
19380
13399
1378
24712
36807
19323
37347
26875
36684
7199
33739
35520
12775
28549
49064
28781
22466
17765
43591
23624
17849
16061
8951
4566
27810
30247
49065
5172
23904
24987
15501
25631
17747
17296
29401
35720
13214
10309
13588
41161
49823
47412
12531
49793
67
37112
26597
25319
7262
21213
28199
33431
19353
45388
15874
3915
19365
28886
15187
43946
1987
25800
32123
39801
10421
1437
39832
28120
703
19302
9810
49670
23990
46356
31114
18666
20559
29210
34878
41329
35749
27917
48705
6657
17470
1326
31378
39673
21411
28753
39453
17918
13407
45174
9947
14917
5300
472
43137
6887
46485
16378
36045
29356
21592
37509
45231
47187
28534
3090
42123
44460
45146
28371
25421
4690
24788
20851
21065
31637
26061
40393
19841
43169
47614
40855
41571
37058
23089
8837
45802
31012
11786
48442
45472
2531
28229
23875
43652
15142
40451
44810
3672
24407
19199
37088
9028
43863
37427
16143
18547
30420
16943
7786
1322
23341
37582
19976
18785
45463
10762
46808
34867
44901
18817
39084
20213
15597
28949
44902
23717
3657
47619
14661
41904
8613
14541
49662
9557
44547
3811
15123
30091
7479
37126
26445
39625
2437
47036
40257
9218
48340
14687
29112
47278
40233
21600
24550
31533
18580
35746
33790
45107
12405
32158
16382
27133
45658
46305
49338
45871
17142
27184
12315
40339
40052
9825
15033
8213
20653
19934
16329
27995
8303
49112
8089
18175
45573
9065
48276
34525
21290
11128
36705
14278
36029
42208
37478
42326
21738
11170
23047
22187
46959
42627
11803
43673
25009
14913
45090
31252
22220
40303
14059
43165
44372
35178
39736
23009
48260
29651
31613
340
17068
18989
26610
13669
41316
19120
22016
3930
17928
26759
49194
29384
3007
41630
38116
1893
28879
4416
18877
12040
46844
41976
45832
28974
41244
44983
36507
47002
27799
31441
14572
39434
47636
49831
23467
29992
45052
40102
45797
43008
33149
36754
34966
46327
23487
46599
36878
39359
49880
30619
34348
7838
3895
18947
47076
49398
20241
1384
47247
20211
38793
28071
19590
6746
21537
17526
3501
5662
17433
20441
15540
27654
10996
49300
33182
21628
4068
22156
6286
28988
26847
17192
31662
14617
44201
7608
27030
17452
38017
40790
43325
33813
31878
34958
49971
15197
35476
6002
7391
6546
30898
11660
41415
29924
41840
46269
31176
41787
49785
22802
5011
47031
7337
2001
26972
24718
23580
6835
42495
5532
15209
1043
17990
13919
26869
11547
5395
37539
23426
27168
9996
8364
9097
1504
44682
37433
41276
1233
20947
5383
32041
43062
4131
612
44449
22160
19072
42128
25375
42157
20552
1105
34034
19266
47896
46335
26839
47066
41173
40474
12700
2448
38569
35642
21212
49073
635
46302
32984
39493
20518
18297
46574
2961
1972
1140
36577
21273
9787
30073
19893
17201
29739
38379
3838
40742
35504
32729
26774
44065
8245
21562
25973
27439
19424
23284
16523
30758
18369
5388
9911
46190
10252
28514
37535
8788
29335
1379
3531
12159
7302
1073
29207
18929
47073
15188
31008
28448
16117
2308
25647
32192
24627
21471
8141
45093
37547
45740
33778
33157
31905
17367
44404
45577
12706
22807
29238
47296
32301
953
270
35974
10161
35043
15171
20420
7040
3216
17961
2158
14072
35795
38541
6360
30985
19203
29352
45612
48718
33856
39859
21999
8146
21242
49208
31509
48461
5671
42714
26447
20787
12298
9606
35461
40267
39879
35080
9705
8567
1075
21968
49260
23225
2671
5352
48387
37090
29258
8532
8416
34386
37499
17435
36321
10312
30658
16718
798
9501
25433
43354
11597
47831
22252
14471
36031
33913
22102
30729
14847
28601
45307
27603
49908
13263
24960
24410
25623
37634
1975
23299
4818
27471
48766
15031
34863
26016
17875
9683
43719
45356
34572
11703
12112
14523
1171
45791
40030
3737
6043
22573
46833
33010
3407
43619
15921
20519
20825
15263
27617
32102
13337
16517
49917
42981
24152
27899
10123
16592
16744
7134
48622
9652
219
21282
48606
49911
33637
14467
27151
14332
2585
23287
33326
37285
4754
33991
34515
14564
29987
14271
33432
22915
36479
32273
10375
24603
41310
17261
24477
32439
18498
35064
16909
37709
19086
43943
2302
25143
3202
5466
1765
27018
17704
40350
15096
34409
14895
5691
10080
35676
40819
11771
