62
68
70
90
95
156
164
182
191
222
267
278
323
393
427
454
470
481
493
542
566
580
584
589
600
654
659
663
696
719
813
824
866
893
991
1002
1004
1012
1019
1052
1109
1137
1168
1169
1206
1223
1232
1250
1251
1264
1305
1326
1330
1331
1345
1440
1485
1490
1497
1521
1527
1569
1586
1629
1667
1670
1682
1699
1735
1745
1748
1749
1807
1824
1827
1868
1902
1909
1923
1933
1963
1998
2013
2021
2053
2136
2168
2206
2233
2241
2250
2316
2360
2387
2417
2526
2539
2563
2580
2589
2603
2633
2638
2648
2659
2662
2673
2680
2712
2726
2739
2757
2839
2872
2876
2895
2914
2973
2980
3038
3040
3068
3071
3076
3160
3180
3182
3209
3246
3274
3316
3405
3408
3468
3475
3488
3530
3545
3576
3581
3641
3650
3653
3687
3704
3714
3723
3732
3744
3760
3771
3811
3813
3816
3892
3899
3901
3905
3926
3939
3994
4036
4069
4083
4088
4118
4230
4235
4236
4245
4278
4335
4344
4346
4347
4386
4389
4391
4409
4418
4423
4437
4457
4508
4532
4561
4589
4609
4620
4646
4661
4693
4701
4714
4723
4735
4797
4812
4823
4945
4946
4962
4971
5017
5048
5110
5130
5175
5247
5256
5281
5301
5321
5365
5408
5460
5476
5507
5509
5558
5560
5614
5628
5640
5731
5749
5781
5789
5793
5830
5872
5941
5944
5953
5971
6022
6060
6159
6161
6162
6168
6179
6182
6242
6262
6268
6269
6271
6277
6321
6330
6343
6344
6376
6378
6394
6454
6466
6527
6606
6608
6622
6684
6694
6742
6757
6776
6784
6839
6861
6909
6916
6932
6936
6943
6965
6991
7085
7091
7153
7172
7262
7300
7328
7348
7370
7390
7428
7442
7446
7473
7497
7520
7553
7558
7601
7621
7654
7684
7726
7754
7775
7787
7829
7865
7876
7945
7949
7958
7979
8031
8043
8079
8085
8108
8151
8157
8163
8176
8209
8245
8261
8267
8283
8294
8317
8326
8361
8385
8394
8397
8414
8429
8437
8451
8464
8466
8467
8517
8522
8541
8553
8554
8617
8636
8663
8667
8728
8763
8794
8803
8831
8837
8891
8950
8969
8975
8985
9007
9023
9036
9087
9127
9165
9170
9179
9181
9207
9219
9287
9303
9365
9376
9384
9390
9401
9423
9465
9497
9516
9536
9551
9559
9585
9586
9643
9685
9765
9836
9884
9895
9900
9923
9926
9927
9931
9953
9961
10008
10009
46805
43827
22481
4581
150
12289
48686
23382
6782
46838
49081
44673
41989
30668
1554
13700
47008
10557
2312
40863
28058
49478
38087
32400
47666
31934
7474
23083
7498
29082
21116
16946
42845
15467
45479
30097
3081
33978
9656
23658
3172
14419
41428
39101
20447
1511
14171
8319
22922
27993
26302
21106
20522
41020
44110
25773
46349
41116
18486
37662
37785
13593
26044
30995
11858
40532
22759
15954
35128
44896
19827
7519
39910
27407
27619
25934
15641
8246
15453
28891
35442
6162
35772
33355
18393
26626
32843
37776
17541
48808
47788
30753
22420
23884
43701
48157
31542
6324
36244
44039
5705
30213
46110
31198
36054
16119
13793
20397
11929
39130
26453
9399
2447
7439
24910
27118
20488
10310
7200
46308
29109
21373
13686
22929
14574
5963
44153
955
20139
44481
42654
46433
4628
9710
30461
23018
21739
42133
41035
27304
12681
33484
5520
30839
10126
14986
23353
10044
4915
30721
35478
37176
28312
22523
30424
18814
26408
15284
45816
33393
40097
23286
476
19514
42783
33427
8635
17658
1961
10255
20111
7128
39341
1528
49741
35100
45661
49602
32774
26876
5678
9995
4449
31535
34889
22664
31825
7205
42056
45415
25745
34498
23256
10869
13222
4177
16796
30170
17646
39108
15714
9293
46561
28529
9670
42357
45754
28331
21827
35428
45568
23104
15010
30789
7307
15016
36809
23027
1839
28698
46262
35032
32555
32160
6742
27138
47217
19673
49632
24364
7814
37966
20469
24726
19151
28608
39071
14234
32371
49325
32320
13393
39375
48507
5473
6061
18954
25277
18769
26657
23380
21347
3125
7835
18109
4329
7893
41569
28361
18186
38229
18216
9914
11617
23239
14647
8067
10619
29692
40263
8422
2164
46958
11743
14161
34492
3371
14485
24669
8609
29997
9248
13330
48657
29177
26482
26559
21400
3365
25471
6462
4908
41364
29012
14282
43497
21524
24022
39187
19388
49619
49366
35549
22507
43716
6585
49306
17530
1321
20648
5492
47918
46070
12882
42837
548
38552
21022
1938
17879
17413
46571
11568
23348
1655
16573
28447
33607
11998
38942
34984
47838
31065
33788
15383
29139
45380
28513
3461
18499
23536
40216
43243
846
41536
18169
43187
32085
38620
7153
29654
29871
29038
34650
6458
597
30288
11079
27714
12195
17381
37631
37513
16746
39924
30476
1737
48170
12811
47997
23365
20784
48993
43784
13013
26525
42223
28787
45471
10587
40433
37167
8262
16295
37753
2865
19080
26642
49574
32451
48561
9892
33113
22413
44898
26253
20630
43072
24704
15388
19871
20932
20289
25996
43955
34997
7138
30624
41892
39789
3927
18442
1539
39021
6284
23553
34865
7132
22253
16070
46290
32325
6837
47830
16627
25324
41845
26535
49835
46230
5088
44127
22171
18993
27759
39461
2165
12454
30452
37514
869
22245
12436
31731
27920
48524
29004
15372
31940
20418
49742
32794
48952
25315
801
29960
22891
34047
48118
8918
16526
15766
46555
36043
4921
7584
4720
20017
5945
12045
10937
48058
1546
10857
37117
21712
8259
32527
43336
9841
3447
11855
37417
48045
32685
19837
16209
49089
998
40792
4799
41053
6724
34225
44621
49078
18410
4149
41914
46472
20569
22611
30479
19578
42825
2892
14938
7802
13941
5966
13918
26022
12956
10209
27967
38994
20577
27540
38648
9345
37120
48638
16547
24522
7753
35960
4674
30055
22517
36647
30868
44576
17184
17835
25950
19920
7680
30015
32297
39868
1778
47741
13064
27525
38673
14919
23715
21549
31499
23461
21103
30772
46841
12965
2785
9393
36951
33275
47098
45389
31254
19497
40304
10414
37812
26327
48572
20465
12091
26116
36900
24839
7485
251
10182
38048
16759
48479
40914
26770
44376
15996
1070
5493
12558
6905
5870
29213
23114
30756
28563
5615
14558
4336
15345
34853
41271
26189
3340
27876
43576
30774
9182
37910
4197
39554
41057
4146
38097
34581
44859
37133
22562
36969
2197
47541
13371
49218
29021
12118
26160
3100
25713
43779
35769
4349
13612
25058
8330
34184
12211
27096
43730
26534
38400
41521
46939
32405
41747
41159
4221
46594
9173
18858
34658
1059
17053
6930
43500
21826
7501
12943
32312
39399
20131
22273
36026
34042
4025
49646
26736
38449
4350
16791
7665
19234
45330
32046
18469
10753
44191
25541
33814
39313
2337
48830
37110
20203
16751
19433
21783
13986
776
2348
14018
22620
48162
43533
6207
34379
29001
35459
45053
6595
49896
27467
6511
43744
13201
22861
34851
43382
40232
34649
27351
41117
4174
33238
10949
18387
32982
32098
28864
11386
45625
16231
48134
29464
45949
445
8656
18446
20121
517
3110
15793
331
7234
9944
6496
34055
30219
18798
20151
17664
11183
24896
16427
1316
28135
21672
14936
29887
20505
32264
14422
23913
39778
24775
1845
33789
36961
22916
18452
42548
49481
25953
18506
47475
5218
9307
9006
35449
8467
33653
39300
27250
22302
4519
35437
41738
34579
20631
39482
31606
26598
8880
49032
36140
33546
17322
44628
38960
49906
11188
8962
11655
38951
48912
42382
10618
41578
15341
39294
28162
33428
40764
3109
35144
23735
8105
41527
1969
15083
2944
7812
241
23761
14108
16130
37300
42074
5425
34243
28984
5190
9609
22453
14031
16814
27673
15873
21851
21250
48763
11960
46989
12377
7343
38383
31632
42354
12215
6602
10341
17650
4984
48761
14155
11211
27665
45216
3194
34914
39033
8088
49839
39073
18412
41229
13396
35555
2606
34061
11026
14107
44455
41066
46080
5183
42008
47322
28700
15876
1010
19580
42153
42501
13302
11902
44976
10186
20339
4098
44980
48506
8285
2739
21070
41108
28423
42023
19381
25958
28091
39543
42134
11758
43402
16190
3514
37453
34978
7412
48063
38679
35832
35629
36063
2386
24991
30389
35500
46962
11449
6783
46688
48776
18862
40246
6994
5007
31344
2738
12039
47654
9008
10770
44663
31415
11131
25983
49934
17164
31712
14491
31868
15269
3391
19780
46653
22919
43812
48402
9371
46062
5877
5592
21049
6256
2127
3524
30574
17051
34967
31380
30896
24707
10611
34593
7493
8714
24112
20159
13590
40826
28808
14817
16646
9647
8739
14920
12475
30305
1055
6167
25211
19787
34281
43126
18324
46627
19187
3177
28055
4310
49872
6732
11938
7489
6492
15819
24335
22071
46923
46729
23998
19375
24460
42789
19847
34345
31199
46825
22294
18474
5062
6981
44868
1048
44124
34199
46232
49463
941
24411
9613
9163
49922
11458
47902
34710
34461
16502
1257
2518
39500
9304
21578
9943
29502
24077
16120
30653
22565
39163
37546
11231
33301
5475
46512
33714
14070
22049
21921
7075
17641
37644
36926
24081
6790
11668
446
1461
39526
35463
30817
12316
3568
16438
12798
15392
26849
28819
23417
40058
6402
31740
159
37414
14091
20346
10809
19312
20448
8164
33828
38932
1271
41493
11257
5147
46604
3875
35205
47067
32881
25103
40973
9040
22560
29684
46081
26
36066
2594
13584
13221
12050
7987
10595
20685
27628
35245
13471
13862
4530
1534
38647
4836
48443
28657
2383
24106
16364
21402
2307
9300
7999
8986
49822
46295
12612
33211
9792
29050
8133
13725
7771
43295
27254
13533
17864
44318
33007
48112
9982
27424
43722
19221
36979
31204
17939
27275
28109
23068
38485
45670
14942
8598
38903
42997
6263
22216
25802
42141
16289
9005
44855
8054
37263
39272
969
36767
30573
6787
20208
4033
38215
5541
5733
32379
38390
40196
7063
17644
5914
10320
6674
24518
550
35697
29439
3472
20174
17978
34016
12783
29255
24803
40155
15335
11040
30311
12111
38338
11028
14527
15953
19140
17836
46085
35380
25782
42187
48390
20050
48880
4475
45691
39651
17430
46500
10745
11103
35479
2982
30975
25684
3615
36511
38649
49142
21174
44856
16452
25019
35246
13235
36219
14237
8158
46204
45026
42773
7603
27115
3302
1823
9600
7467
28725
38012
22913
34689
28983
6607
20529
30586
48933
22748
24869
30347
46325
24958
32128
18638
19093
35755
10441
18414
23465
36685
26154
27013
11337
22866
15251
4428
9574
1368
19820
2092
9107
30490
30571
24727
30204
17003
18865
1568
11370
29011
16740
8988
27753
6618
5023
45082
25305
3220
9865
39533
32826
16411
26224
32443
24348
38504
49117
37523
42455
13913
23094
39641
28142
35102
35375
37769
44234
29834
24667
15858
20691
21510
26161
11387
14125
19799
20367
2665
39972
27165
37223
15298
47250
6186
8908
5586
11476
39165
5455
19717
32052
38614
40370
33717
30459
37429
22231
7500
22406
44957
35472
14962
38634
21193
19126
23401
29324
44631
19808
32686
37475
47467
41725
21277
46196
23112
49770
36476
4472
11291
20571
11809
895
45508
48346
1772
10143
29498
44084
6030
11874
7492
27413
13811
4151
33779
44173
41826
6567
6914
31402
10784
12837
33168
32936
1962
41269
11120
24598
3728
27270
33876
25561
46659
22662
8349
7928
25545
13813
5209
27779
33043
35704
11294
29793
6169
37370
22411
32392
40078
6079
3646
45191
44562
9738
19344
29523
7749
14269
9485
44865
8286
6430
44047
14861
19025
47198
13062
16322
7651
35296
14386
28704
38945
48957
38364
39095
21909
36714
46855
26064
20601
44252
26111
4308
6304
30339
27620
34545
34517
6658
41351
32732
31923
36474
17337
24036
45192
18487
41719
3617
47553
48296
19681
3801
1700
6351
7671
7107
6306
25667
3818
43776
31460
20920
47848
20820
33964
25194
16628
48019
31261
20215
30115
29705
6200
10843
29583
32139
40809
9332
34901
27702
30960
42682
16851
35293
14344
47933
14972
19113
21749
4010
19414
34297
48946
38360
26544
46682
43773
45128
49979
34465
9185
48426
40378
22851
10814
24611
19631
16705
39659
31081
41831
26455
45947
39220
11492
43573
17333
7369
23498
45933
42853
38066
23763
45439
17414
29768
40950
20194
42522
11752
43283
49233
22251
29638
48131
46160
40869
5423
28609
12190
11556
33633
21567
36779
42541
46341
28330
27652
22460
38093
370
48085
6493
40558
16339
20965
36728
25384
34160
2432
34407
4288
45402
23857
20337
37204
41372
37640
4827
8151
26939
17098
41060
7909
25673
48037
18479
22933
34606
39129
41581
38432
31978
8822
7997
14232
42646
7142
19468
24652
49015
42021
28731
32416
