34
49
54
101
124
125
135
171
222
225
237
278
284
291
335
395
436
525
526
527
531
550
629
630
668
706
722
764
777
791
792
797
839
885
893
912
994
1015
1044
1112
1123
1137
1146
1158
1203
1217
1224
1268
1298
1302
1315
1408
1442
1447
1452
1505
1513
1525
1539
1551
1587
1590
1607
1617
1650
1673
1693
1707
1713
1715
1738
1804
1841
1842
1861
1865
1889
1997
2008
2064
2071
2157
2210
2219
2254
2281
2428
2435
2444
2502
2521
2535
2564
2586
2588
2625
2666
2669
2671
2672
2696
2730
2765
2766
2795
2822
2829
2852
2861
2882
2896
2904
2910
2914
2926
2948
2956
2994
3029
3049
3078
3087
3095
3096
3122
3142
3164
3194
3207
3241
3292
3325
3330
3384
3402
3411
3413
3417
3449
3464
3480
3498
3499
3540
3560
3643
3645
3646
3659
3664
3708
3734
3819
3850
3868
3887
3905
3913
3977
4012
4029
4082
4113
4132
4202
4207
4211
4217
4273
4319
4357
4400
4415
4485
4499
4546
4553
4622
4759
4782
4792
4793
4797
4820
4841
4881
4884
4903
4922
5035
5052
5088
5093
5098
5128
5137
5142
5175
5202
5250
5262
5288
5310
5352
5365
5425
5430
5442
5487
5628
5649
5686
5689
5700
5721
5733
5776
5791
5795
5828
5880
5902
5917
5924
5987
6013
6022
6029
6031
6139
6153
6168
6177
6198
6199
6222
6275
6293
6343
6348
6358
6397
6444
6480
6491
6497
6520
6534
6580
6602
6648
6740
6742
6763
6772
6775
6779
6781
6792
6823
6857
6866
6870
6994
7052
7062
7075
7107
7119
7139
7173
7174
7178
7183
7186
7191
7212
7234
7265
7284
7289
7327
7337
7382
7386
7410
7416
7433
7436
7516
7532
7603
7647
7695
7710
7727
7738
7774
7808
7822
7839
7858
7860
7863
7892
7893
7906
7955
7972
7991
8042
8044
8089
8135
8141
8143
8149
8191
8196
8221
8248
8289
8297
8301
8320
8327
8340
8407
8417
8424
8448
8490
8492
8545
8578
8585
8592
8625
8659
8672
8686
8717
8730
8756
8761
8816
8835
8838
8869
8873
8907
8925
8944
8998
9015
9026
9063
9140
9200
9216
9247
9272
9273
9292
9309
9360
9392
9413
9421
9431
9441
9461
9465
9481
9483
9488
9496
9499
9501
9506
9518
9534
9562
9566
9581
9658
9682
9687
9692
9694
9695
9703
9734
9757
9779
9781
9799
9800
9812
9842
6910
41514
46894
17369
10177
12316
22273
23261
1286
9632
19647
13396
44663
22011
28669
30060
22568
17541
6742
40973
7004
22406
10468
48346
15682
36157
39150
35298
31535
23998
6767
2766
25923
43784
30015
45351
8988
16157
34172
32682
34756
40160
24551
49770
26189
32923
38829
8943
5062
10304
25943
37005
18482
22523
47666
35380
26906
14264
45502
14820
39165
41536
22664
43767
19514
7835
17572
40839
40506
37697
19344
46571
17828
2565
13085
12386
28700
35581
42779
6674
12436
10929
43922
30346
39616
31148
49691
36366
7050
45850
41446
35296
30687
17410
27967
19422
30541
1358
33956
19352
2025
42008
32297
48452
10320
47915
4835
9304
8386
9135
49975
19140
38338
36714
32614
49619
40788
17449
25077
25073
10070
15860
1938
7467
48540
33779
16946
10143
31134
4542
28592
33925
25899
12076
4799
41182
42789
28253
35442
14491
9897
23702
13873
43573
2348
48912
4177
6758
48599
35525
7812
3703
33131
45382
35272
11544
26559
20378
16731
7566
5425
39024
41229
33879
6872
25705
24696
1685
28891
32596
33721
38880
40634
9228
28356
29159
30479
7132
29451
32404
3818
36554
12033
39287
25074
41012
20631
42548
38679
14373
34997
12255
34999
10192
11268
13725
7593
40584
3365
26813
17041
24036
22850
16628
16538
34946
28942
24081
42433
18755
32685
13612
44093
44852
23735
46374
17062
49970
22505
39599
33940
4428
47008
29950
27246
21468
47313
18651
48248
42522
29810
8319
23218
9489
12045
22562
47998
27735
45752
43043
48377
31479
40852
29082
43752
23094
22193
26472
49444
16536
16018
27658
34452
42011
39151
20591
38292
16871
11389
23807
44233
8105
40129
27441
3043
29643
5520
6014
27013
9865
11339
14187
15269
46149
22768
16817
19101
6198
34199
14089
29498
12904
4994
31825
7235
35032
19838
47819
15321
33788
29583
49790
23250
48880
42131
5733
42801
4020
333
5578
40863
43352
3763
24434
11617
10981
4847
45310
33882
23027
25214
33463
44943
14386
47322
6402
46555
869
17831
2127
37998
34461
36894
26302
36113
49448
18286
13330
4475
8336
6223
46805
19649
18769
45066
22593
29235
21827
13019
3109
30097
27250
44173
32451
28792
25769
17658
14125
46157
49614
30587
42766
32607
5450
44944
37513
46594
15753
19496
37453
2042
3787
37514
416
23948
47075
32541
39482
6905
241
40577
43955
12118
31940
31404
11271
4149
27138
2699
14234
15383
32128
5507
34801
14574
16271
40888
30754
24775
7987
15807
3177
26716
46604
42496
49982
45038
46627
13328
4628
17003
20918
13822
17046
49958
14108
27418
37668
37105
21527
17698
32914
34806
20496
21501
25559
19902
45914
17047
30339
49386
43084
13259
36000
40809
11714
19387
3222
25745
12872
33612
6540
21049
33443
40433
11222
48028
18283
41060
25765
37425
34703
17401
7928
14779
45362
24733
8030
5492
1703
10414
37038
31844
30288
20330
1841
6351
41952
47541
24922
8288
28135
37733
39438
23033
1363
39399
42504
5400
46503
34437
24652
34243
15448
14031
11307
27641
28368
39135
36762
43440
17650
36222
35549
33211
8434
3571
23974
46002
1208
30115
13463
46682
35100
48629
25958
12042
5664
43800
7667
48758
25520
31606
27608
20339
17
31065
32006
730
19291
17661
23295
42252
41845
25649
7802
48410
37133
8822
21731
8609
548
7049
21193
39989
32392
26408
18422
23935
39609
1030
17545
17699
38432
32583
34978
37640
28996
9081
19255
4697
45117
6309
36240
49466
41903
48040
31934
36440
10501
31150
40737
27904
47840
11727
37773
40459
23761
43978
33422
9914
23112
26883
28991
7234
15361
20091
37350
32085
26323
8179
9564
10745
10101
3457
24337
15210
24903
10441
14580
32621
9574
29263
2627
12113
38945
11409
46443
969
8738
48443
6394
49499
48402
31649
1427
24726
27208
5479
16583
9700
33346
25933
3646
41993
29923
43850
34510
2168
17430
34005
37357
33101
5705
34185
14647
31198
28811
26688
21749
1735
39211
20488
43968
18400
43749
8656
10784
21315
22226
6304
21697
23980
39175
9926
24177
34011
28214
74
43551
20626
27662
2011
39398
15739
9841
15453
13976
18222
23189
174
49083
43237
15417
43257
33098
1856
7869
23202
46437
16130
39506
29865
15603
9479
24073
28331
6658
46080
10595
48830
27906
25971
35899
25706
44429
33952
6151
47741
38209
1888
39871
15083
21736
684
9738
23986
10462
3289
42074
1864
1316
44980
15279
37756
34889
27485
41639
6208
46841
3709
43606
40985
31544
10749
1769
19830
49306
19566
29200
8385
11344
1104
39921
32510
27424
31584
37367
20770
42783
2165
44926
37173
39659
22507
7006
11040
34865
41872
48479
39071
20528
26327
6496
8974
33267
10937
25683
8918
7268
24906
20017
3551
9927
21851
43704
12750
16656
37700
27605
26689
3910
27475
38200
14674
47217
36781
48285
18119
11492
24560
34914
44390
28078
16573
30809
91
23590
4581
27826
34853
36145
31913
46727
23461
29113
14107
35101
4346
25663
30204
35040
31344
14485
43328
25384
49835
22891
23541
6602
49280
5823
3758
34593
19276
34294
46919
15858
34244
27619
33345
19617
29139
9008
47995
3461
20117
9670
28029
7439
7128
45667
34345
19375
39533
8645
3385
35009
20593
28034
1845
8011
15298
10293
23688
31698
28529
26064
32825
48326
49832
20215
37776
23884
14239
8839
25545
43052
142
14554
41521
25782
49646
25184
48233
44047
1919
49819
20345
1368
47775
49367
38697
22979
1737
4481
6205
40232
27993
26912
20390
38699
21287
10383
2223
24611
9128
10021
23763
27831
31402
24118
35769
9624
21415
33874
19025
22542
45711
253
35323
6945
10341
32416
25138
26005
27909
41992
28028
13393
41601
27880
45542
11192
33691
44859
19544
32145
31141
41827
37251
42189
28242
38951
48005
22413
12639
7171
4388
35144
6482
42547
4110
1785
26455
5321
5876
37939
28657
41330
13826
35479
38095
36080
6574
24749
6635
38761
13552
42654
44232
47494
12145
9647
49408
10048
25802
46493
25950
10809
45896
2326
19795
34281
14962
35375
11764
42736
22793
45091
48007
2414
22662
18371
9904
43685
5797
15794
33177
34146
47490
18452
41527
21347
29464
47306
3997
22620
35368
12342
47812
6753
28880
18960
43690
11512
24727
41384
17646
16561
13471
48742
922
47717
41747
30186
15016
4982
776
49582
29439
37135
40097
49384
6714
33801
40558
38960
17897
43295
47654
26224
24262
49481
20601
33511
36431
42914
18442
48572
1025
26736
29004
26974
3801
8680
34297
32320
11718
37770
37817
25922
9817
15345
44103
44657
13700
30461
19580
4336
2527
4827
31161
4010
38319
20196
42585
8183
2270
14938
3376
26357
37669
39852
41159
40354
16360
4515
41569
2876
40847
8422
39608
30606
4102
16787
20505
18487
1546
21672
27298
37421
25081
33964
24669
42800
12016
23048
4829
24868
20968
48993
19871
6466
7369
774
41117
207
4007
26044
48907
4745
7474
10527
18324
23475
11998
36624
29154
16231
37117
5720
315
2501
33582
39101
36087
46399
44550
14155
13748
25055
27361
5065
15641
46932
7343
8649
445
46950
23417
27090
43243
30058
8029
22105
46496
17543
23122
13593
37414
35026
41421
40532
18148
14419
6185
30708
6458
46232
19913
39641
25504
8266
13287
17385
43762
629
11234
47250
37304
43836
8380
11874
28697
16341
28149
35889
27585
44513
39979
49368
11359
13913
7734
12673
35204
19060
10618
28162
4519
36477
27304
15372
31437
45402
35229
11387
5610
46433
4329
46561
43040
49574
36609
42187
27432
36709
28437
46058
31602
37110
23922
8592
8739
1916
36054
6061
12821
7142
26904
46962
32963
5473
13914
45901
30995
251
41323
38557
20144
22028
18127
46432
12428
26022
19827
39095
11119
16120
14800
32134
5183
24961
1257
28953
44957
26657
49825
33828
4124
15882
31610
11366
3220
41020
40058
35704
38626
18684
23992
11855
17292
22634
38781
41892
28020
49015
8711
24065
16345
15335
28209
32230
37120
9399
15873
2530
12391
37162
12449
12631
10948
25062
24443
30756
10967
48376
20121
7180
47797
16154
40891
11067
31676
13857
29201
15856
28083
40726
16740
15467
21769
18335
43336
37263
47539
7551
8507
3057
18970
20058
23348
6462
12837
20531
37500
4294
41021
14703
19381
33789
37967
30772
8210
49227
14702
15010
30653
12601
24910
36036
28523
46352
12304
15251
12886
1499
29662
31754
39554
43598
20139
18969
9222
2083
26598
7432
39428
39919
36027
101
41269
43626
15562
16869
4912
2738
25561
22377
32504
18499
49701
7469
7313
30960
34933
24562
3286
41694
39950
36161
46354
8876
34225
12882
40996
33132
5080
20877
16851
16228
11568
41394
949
21948
7086
23443
23114
44127
40086
39575
1963
3772
39461
20033
15953
38825
43565
46160
12798
45236
2404
46605
35124
18188
23594
7999
39129
43262
35994
44355
3756
40775
8629
26462
24817
16627
38400
46425
27351
21783
6649
20714
3003
45128
27270
30704
15912
47788
41540
43701
49807
19922
43716
25673
16452
18862
18187
28731
27233
39552
11028
5430
2154
26934
20920
10310
46196
10558
4083
12111
42757
10918
32649
38066
36812
39496
4855
29979
7161
27118
25273
33133
17926
10186
14543
8808
38879
1127
5725
14924
24779
27297
46653
21826
20569
47138
22761
32372
39665
45661
46742
49918
42153
5966
12971
33318
35313
25259
11556
34536
36043
19589
30332
43841
38364
10587
36599
14861
5128
47933
43456
15555
4166
20289
27766
25246
1556
46286
33041
24174
4405
5209
21625
20261
40365
678
41513
32725
34155
31788
12811
42141
27652
2581
24871
9973
29567
17909
24358
4984
20335
13560
44191
5475
6847
13986
1879
49430
21655
25773
11752
34682
3084
14590
49157
22923
9173
33600
21835
35293
46226
17251
44636
4630
24565
16522
29255
22216
15284
7489
18469
43233
20929
44628
20153
7533
28631
26797
10942
42541
18393
19068
44635
30574
20184
1252
15854
1265
39375
7498
26849
34486
1966
47131
46094
14368
45211
38229
35919
34465
49839
6284
47196
48315
28813
42029
16971
39850
35532
22245
49170
26253
47554
18356
9166
37983
25218
32423
11628
48776
33358
12707
41673
22560
47897
39980
31633
47804
9005
13167
38932
17024
20344
41826
2386
16013
21510
5856
