69
90
128
189
191
199
296
317
322
333
340
352
373
378
411
440
448
459
481
566
568
578
602
646
687
691
724
735
821
894
911
961
962
1050
1051
1053
1056
1090
1094
1095
1109
1115
1121
1134
1149
1156
1157
1162
1215
1217
1231
1240
1242
1278
1296
1317
1350
1359
1379
1434
1440
1488
1540
1543
1548
1560
1568
1583
1629
1656
1721
1726
1730
1741
1773
1797
1827
1868
1869
1878
1902
1910
1928
1937
1948
1960
1963
1973
2020
2047
2053
2082
2121
2145
2190
2225
2228
2257
2261
2267
2304
2345
2400
2433
2443
2478
2528
2538
2546
2584
2599
2607
2659
2660
2726
2765
2776
2781
2838
2848
2886
2897
2906
2922
2923
2928
2960
2961
2971
2999
3103
3107
3111
3133
3197
3217
3245
3248
3291
3313
3317
3356
3357
3450
3477
3479
3509
3523
3616
3623
3642
3726
3768
3804
3830
3848
3877
3883
3892
3895
3906
3916
3989
3997
4034
4047
4072
4075
4105
4113
4257
4292
4333
4356
4366
4385
4457
4505
4529
4646
4687
4730
4741
4788
4793
4802
4830
4926
4931
4957
4959
4974
4993
4997
5049
5096
5130
5143
5144
5152
5156
5183
5195
5208
5219
5228
5238
5240
5282
5344
5363
5370
5419
5449
5503
5532
5549
5608
5618
5619
5662
5670
5711
5713
5714
5742
5753
5757
5850
5858
5912
5959
5975
6006
6008
6009
6057
6090
6092
6093
6149
6207
6314
6322
6330
6369
6392
6453
6482
6620
6633
6671
6696
6718
6721
6734
6750
6775
6784
6790
6799
6801
6805
6872
6938
7018
7027
7084
7105
7130
7150
7161
7167
7204
7205
7214
7295
7300
7306
7319
7336
7340
7342
7378
7406
7413
7417
7476
7477
7494
7515
7562
7569
7604
7624
7654
7656
7677
7702
7733
7739
7766
7802
7874
7879
7922
7985
8009
8095
8155
8214
8248
8357
8371
8381
8386
8391
8396
8397
8404
8442
8479
8489
8538
8544
8545
8556
8571
8580
8599
8646
8658
8673
8681
8688
8700
8703
8713
8755
8769
8813
8822
8846
8864
8867
8882
8897
8957
9033
9042
9047
9067
9124
9152
9173
9298
9322
9338
9342
9345
9346
9390
9414
9442
9454
9520
9539
9612
9636
9652
9658
9668
9681
9707
9712
9760
9783
9825
9852
9854
9866
9921
9923
9935
9940
10043
10050
10099
10165
10170
10172
10203
10248
10265
10297
10317
10322
10331
10353
10359
5360
1924
23183
39342
37060
33892
45651
35139
4863
32767
29199
8883
31121
40368
43429
30859
10234
26898
40445
19227
21296
7627
35730
29333
41714
33111
12418
29877
46636
19172
4207
7287
37659
36551
23723
2388
1452
32424
39011
35078
35468
4036
24760
41988
23282
25258
704
1822
41224
38523
8397
17610
1250
42965
10233
49374
33022
43699
11005
40292
35109
3812
15111
24688
38469
15241
23405
41833
23572
47032
11309
40500
48670
43644
14710
23538
1162
38754
37832
14729
30483
36636
30221
24362
11907
19254
38301
987
38666
5795
18609
17210
48120
9076
4828
4514
10171
44083
12401
27919
49827
38925
3625
41647
33655
17758
12277
48874
795
7083
46001
2586
19479
1289
35150
13425
2857
33459
4812
38987
44054
22340
47430
9160
14934
24328
11942
35727
2128
20006
36911
6134
37653
36253
18777
20182
16304
21541
31814
18266
12866
11676
46854
12688
3160
25908
31695
26195
39079
38288
26035
3829
4313
5641
773
32246
45461
42202
1512
44180
23509
24876
18558
28537
28782
9675
31917
46395
43334
19028
27820
46736
20219
29726
9032
40389
11978
1282
13131
29340
47052
27364
23177
9474
25126
38899
28898
12951
39114
45788
38120
4742
5250
21395
31189
3250
43423
9975
30273
32876
1721
21028
12318
49551
26170
31966
6942
33756
12615
36735
4140
39563
24412
1597
26316
43198
3883
18959
44362
19843
14049
47214
13620
3058
38808
1106
28230
2333
36678
41612
20762
1416
1141
40048
34523
40963
21477
13623
4320
32543
11158
12249
1957
4575
25011
35572
28493
38832
13816
5987
17170
46008
4501
14876
46538
31069
585
6153
43678
17824
20909
8982
1397
18112
29762
10191
15619
13893
22409
29895
41761
48793
14176
15007
30168
12481
602
24350
12172
28546
6881
39184
18397
566
6989
35578
43489
31392
1649
25327
7523
31170
26254
19656
28269
16730
33093
29537
29287
475
28424
8723
36931
19706
32819
36221
14529
17592
13169
34224
5283
2272
4343
15323
46033
7126
5251
29601
10361
2749
34677
21253
16476
47658
28855
24509
891
596
221
34462
32915
48911
3860
6796
22696
41685
47652
32933
44382
12830
5245
16991
12201
47609
11505
48737
47818
22583
20298
34441
38323
19720
24761
38686
25133
23693
4594
41002
45047
29584
6379
16902
39433
31625
15374
18140
13981
24095
23565
25524
45446
9599
38412
40926
29362
106
16156
19948
13992
24414
35211
16430
47822
34041
22465
7617
7876
46223
631
31787
8235
41028
47000
9572
36324
9068
32861
36451
39578
47021
5546
29882
29722
42066
15015
42957
48175
5339
13501
1439
43755
36792
21005
20705
24841
11177
34405
42864
9844
44833
45635
31340
3380
20620
9226
48920
20358
8785
30955
19398
15671
36553
20786
14211
21377
44357
5483
43674
7294
22849
8229
9378
10288
7857
12206
40136
16127
29695
20668
32955
2065
31745
45853
24455
442
38348
44984
18709
31530
49250
33869
14565
45650
17220
4837
42236
49936
26112
49861
1564
34870
14991
24740
7433
35035
27692
7569
20110
3931
9786
16388
45779
45912
19991
34296
32760
36966
8668
4292
27033
26371
29170
21383
45325
39840
5273
3634
42017
17531
12319
20962
47094
35588
32213
17891
42499
13616
19502
2979
4807
897
34471
2031
17335
2670
26437
34522
7455
29694
27490
826
32738
34681
11345
49501
5092
26149
9651
2454
1357
34319
20664
30504
28682
7045
35171
48158
17013
35088
42300
8657
34021
39198
10337
2220
22462
28743
43014
40614
37516
40344
22132
48249
17290
31511
36200
6250
11058
16257
12353
19718
19035
23907
32726
8113
27310
40601
11900
15865
11027
4923
39038
28205
8211
34100
30438
30807
8273
42280
20716
30472
31590
47291
21361
45338
35436
43381
45872
40147
34619
32327
10290
24945
601
36765
41889
26784
3904
41465
42048
47894
49757
36438
8424
39715
40864
48905
45717
37299
3425
35142
3770
45617
24697
26105
15329
31816
31372
7109
5750
39444
32243
25470
13868
4205
35826
49543
15768
17459
23215
19666
39383
40483
28384
8358
19547
15250
19124
23267
36547
30433
6679
29316
15438
9039
5427
13072
27655
28279
16330
17617
27067
28687
22218
27643
46917
22581
38221
8854
46699
23085
47608
47342
49953
36876
29030
32111
31497
28874
22401
10434
45771
44811
40883
46453
11200
11652
40169
16792
48261
13241
35177
7610
18432
811
48459
9122
37207
10980
16049
34577
35266
40881
30411
40598
17130
30691
25207
15914
20756
47807
37393
44877
32448
34610
38416
19748
36882
25573
31537
20395
13175
40395
487
1920
13954
24825
33165
40805
1770
42024
10836
27398
43623
49857
12093
41450
3093
23342
36001
35778
501
22524
22976
2754
34351
45649
30961
17685
45839
25855
29661
17820
29475
48964
39254
19530
8048
19016
31182
44444
13587
25653
23962
30664
40284
27536
8998
39770
16830
47118
38274
12606
40110
16942
19102
13606
34333
12747
14551
14464
19531
17853
24934
42266
31202
38715
42247
36146
47380
49897
47445
30252
4595
39918
47784
13553
10928
6909
46199
16072
34546
2817
47751
18076
30577
47776
32716
31125
3215
1853
2441
15681
47063
7222
15322
17533
37524
42579
7995
41047
8111
546
47414
7695
8267
28775
3738
14045
40242
38587
2109
11180
21862
39702
43161
10856
31725
49378
39243
3503
379
1080
19309
25780
35491
9883
35864
6055
17933
28239
30373
25013
49677
38625
47610
28324
37710
16692
42917
35441
28955
2325
19129
26608
15618
20237
46552
17405
47350
31317
47628
22992
46435
26381
47992
19658
22147
32727
2232
37411
10682
6397
5528
33406
1616
17624
26246
38421
1431
24990
28323
23117
24608
39571
21762
47186
29371
2417
24053
707
43855
12020
22578
23669
22514
17519
14854
21427
29490
34963
20662
26004
31576
32034
18812
43149
12125
47635
15698
33571
41048
38371
7281
15174
4304
12194
34869
36403
15490
35224
2735
6474
15011
37307
48541
25042
20913
24689
34983
1092
45892
17330
11352
11598
33626
17890
7096
4233
17630
38381
37814
15811
43183
41744
2974
12443
34977
4003
44594
32023
3130
43191
9490
39032
6219
22262
35365
48271
12650
30217
38382
45243
1970
8542
49379
15716
3579
49782
32512
12646
39612
42571
19253
35766
27153
24216
19283
4995
12905
49976
20209
33716
38034
25412
42699
16422
28012
9545
26140
49330
11977
574
23617
38413
25386
42265
39908
46569
21202
17048
46031
28928
23799
31608
5262
31968
25760
25320
16729
35895
45760
11368
27976
34419
4652
8802
26678
21755
11306
5153
26238
13504
43899
39142
48959
47245
34615
26672
8241
44907
43029
46477
24907
2077
15135
42249
40223
22022
16342
8618
4965
26156
28295
12513
5155
45240
18168
35663
12487
42609
16930
30835
3584
9663
100
20259
26338
43713
8250
971
36802
17653
31426
45025
8852
39896
47829
32279
25902
10068
39089
30406
14624
18700
33005
11248
10087
33104
39385
16108
609
37362
9536
46111
25632
170
48550
29676
45924
42944
47373
49235
9743
7029
48774
35315
25944
45718
19713
12041
26440
40109
6880
32331
43662
46670
16727
3740
24878
23272
26098
28435
259
48042
7022
3777
26980
32622
13574
42807
34894
16340
38206
7108
32765
30762
43086
8120
48678
6176
32852
33109
44438
38374
13744
29147
18593
47733
40988
35014
12792
20889
29915
31498
40458
2462
20596
29455
44057
42488
3123
15520
41732
12876
9269
43985
11524
47531
5916
45398
3067
10095
10443
40175
44416
8026
42502
27293
8006
15455
37808
8278
2873
36758
40179
38107
18774
17246
418
31168
4832
34527
27057
42897
49253
7900
42963
22023
8123
8057
41598
15237
3159
34718
15405
21434
7561
45727
31157
21905
46442
4446
24481
36783
30745
1683
192
24132
40336
37642
24386
28499
26967
46248
34359
9427
2577
43889
27271
15049
24138
8401
2489
44534
18171
34655
38870
2382
6823
29317
27955
12268
47596
29407
48491
38589
10102
24752
42388
41629
9922
39981
24984
45094
41264
38477
29067
48125
29399
29493
8922
36798
34560
4093
15605
11798
25694
9682
42220
12175
33713
19167
10475
31220
12258
22537
2640
2646
48081
7702
45372
26216
20728
18644
46551
49679
27061
39598
34093
10822
19775
32577
17637
34342
28125
42768
34404
29811
20875
37002
39239
32178
39534
2012
15964
41112
4159
39545
40070
4298
15935
49567
47746
19147
14587
43534
32370
21013
49916
18848
39317
12771
25721
42254
20150
48379
48107
1011
39075
19979
34310
656
32171
41674
5866
23466
35911
13293
4191
15128
44137
35536
26481
12880
44310
21953
10088
49247
8766
15198
49744
34004
1617
8484
44527
49000
45608
44317
21681
26806
8665
39627
7886
49789
34576
11159
1964
10369
37703
23307
40578
34212
44442
32551
17899
44331
25794
23535
31675
25577
40391
24563
28586
19214
29227
20652
23793
45115
1036
49445
48273
45017
33651
40581
42842
29782
5463
27886
33143
27669
22455
18132
16466
20726
17962
12126
32089
40552
20467
21294
22477
5222
38809
48602
35321
28128
25399
10585
46309
29690
20612
49177
18522
46431
2395
32547
17348
41281
10680
37144
1255
7118
30335
35646
28683
40780
6238
10003
46499
37335
30647
9648
1261
31018
6718
49182
37420
8007
47723
18153
24766
32783
736
40947
23497
19297
8027
23080
40191
47825
45954
584
16118
16071
35593
22751
15676
33322
18806
45095
22496
37044
25096
28762
42810
43109
39707
37888
20375
18201
48611
38506
35181
21664
34274
40470
21499
25501
46413
4718
8879
6762
22000
49090
47476
27747
47669
7440
30322
46580
30948
909
36933
44059
6977
2658
9692
3115
38724
21823
6846
37722
12557
36628
3745
7996
10395
25072
35881
13633
509
12457
47193
1797
39442
5730
18996
21267
41132
26038
37681
46212
13535
28929
15239
32464
24083
5820
15743
10336
10286
40919
27988
31184
4222
10864
17753
11343
49165
13258
16125
21226
41950
13982
6756
41835
13562
36942
41957
7376
31617
41962
11042
41753
6916
17225
46176
5556
14790
3950
13731
24554
9866
6912
14826
31183
27507
37803
45620
44556
40778
20936
34152
16724
14306
16336
43100
9527
10456
14901
23731
44100
38599
32086
39992
6975
892
42799
26927
5600
14753
1673
23567
2172
18125
45830
1399
21249
11272
