34
63
70
85
111
142
180
222
250
289
316
372
373
376
384
458
459
498
569
584
593
656
670
691
736
803
829
830
921
943
976
1005
1049
1096
1134
1156
1214
1237
1300
1375
1392
1401
1410
1466
1469
1481
1490
1542
1563
1576
1578
1589
1591
1595
1603
1622
1624
1654
1656
1692
1723
1771
1793
1795
1796
1810
1814
1835
1868
1886
1897
1921
1939
1978
1989
1999
2007
2023
2043
2077
2083
2145
2164
2210
2225
2235
2262
2280
2286
2294
2298
2309
2320
2414
2441
2465
2466
2470
2475
2497
2530
2612
2708
2740
2743
2787
2815
2899
2904
2950
2974
2987
2994
3016
3061
3096
3115
3168
3242
3243
3273
3282
3297
3368
3372
3398
3422
3455
3462
3496
3517
3551
3582
3612
3671
3711
3715
3733
3737
3738
3739
3745
3747
3770
3771
3777
3781
3791
3812
3815
3840
3872
3879
3902
3925
3951
3962
3983
4030
4061
4077
4093
4183
4224
4238
4246
4281
4377
4440
4461
4472
4477
4490
4521
4536
4565
4573
4582
4589
4611
4624
4629
4633
4649
4661
4662
4676
4687
4705
4710
4761
4779
4797
4798
4818
4846
4870
4877
4881
4898
4915
4934
4938
4939
4940
4959
5025
5042
5090
5118
5128
5133
5178
5186
5323
5329
5336
5379
5414
5419
5423
5434
5496
5548
5553
5571
5638
5658
5674
5682
5720
5745
5752
5774
5788
5806
5818
5845
5871
5893
5905
5918
5922
5933
5974
6006
6009
6064
6075
6084
6101
6169
6251
6264
6277
6329
6351
6358
6376
6402
6455
6503
6507
6508
6587
6676
6701
6719
6732
6733
6748
6757
6773
6876
6885
6942
6960
6974
6975
6984
7075
7087
7108
7147
7205
7223
7241
7250
7308
7334
7336
7345
7376
7385
7428
7484
7488
7549
7591
7608
7611
7632
7643
7720
7723
7766
7888
7889
7911
7915
7926
7959
7999
8035
8061
8075
8084
8095
8103
8105
8118
8120
8134
8168
8171
8183
8192
8224
8225
8319
8322
8380
8401
8411
8467
8486
8489
8521
8537
8554
8577
8589
8613
8633
8654
8662
8667
8668
8672
8717
8728
8729
8759
8767
8778
8804
8805
8826
8893
8933
8947
8960
8989
8995
9007
9008
9061
9086
9090
9094
9125
9131
9185
9195
9227
9279
9286
9297
9329
9344
9353
9371
9419
9436
9441
9460
9478
9494
9510
9520
9612
9626
9643
9652
9704
9756
9763
9854
9954
9989
13178
10666
47263
23292
17622
32004
25369
47598
21622
1149
27039
31595
7809
28923
8817
9436
37882
42514
10269
1135
671
5269
49485
15332
6827
27748
41735
31389
12770
20218
46282
21995
43936
6568
37889
9486
39711
2750
31818
32673
46556
11796
19712
42951
28695
49814
9906
5447
27145
49139
39257
3988
8499
16144
22381
47137
37760
43625
24227
37971
27712
31024
32503
9778
759
3186
33389
44366
516
11390
19074
49332
18152
28764
16162
22592
22312
10540
37472
47890
16348
30659
37658
33071
29245
9294
3147
48272
20062
7717
4688
4075
26820
23889
38962
7672
25916
35217
7120
24327
37273
43768
18997
12733
38109
28392
39017
46869
48420
38538
26420
13442
19507
6320
3481
3279
15822
12244
2370
20443
22821
32269
46300
5930
19629
36824
21963
29614
18017
44664
49377
42812
15564
12744
44042
22723
27381
32668
28480
551
37467
2015
29626
24758
29656
33698
3651
16031
14745
48029
19956
7874
48423
27774
13113
25090
898
24941
24850
13192
33495
41805
20249
12869
24346
4485
3933
39547
2746
17469
12889
30184
5753
10735
42061
33046
23753
5782
15916
38539
38918
30264
47455
4248
48204
42659
45409
40089
37608
31746
44769
18641
24468
30939
11065
5748
48283
16824
23718
9456
191
10685
34469
5158
32733
4253
8895
33585
514
37636
23675
17001
23988
29137
211
14109
35632
17059
45858
2481
7385
9823
33308
40045
9571
26464
29586
48811
4478
14865
19940
26628
21136
10170
6513
45103
19600
7088
22585
25598
2539
47657
5778
49885
46572
33150
24568
12838
37158
28815
28256
5842
29323
44081
35696
5976
33678
5239
26086
16504
28977
15889
34151
13126
30382
6077
11581
23131
47169
16265
30036
15055
9805
8390
45365
39276
11741
8203
18255
5564
21107
49650
9891
29719
33082
36932
36805
39429
1543
6653
5563
15167
21822
14372
4054
8966
6677
29840
16764
19010
21967
40318
21875
15216
11039
15194
37655
25755
26984
10081
32815
40208
19997
12410
22272
28132
22782
32428
15769
43083
31800
33648
9939
32888
27054
40461
7564
45883
40579
40672
38067
8580
35987
3711
7666
8653
42831
4872
5989
21902
38163
32568
30556
43892
19747
1165
47514
13737
39810
43393
29036
13605
10422
12272
11162
34010
36499
47748
44076
20741
14671
21751
48382
30174
43964
26670
41841
25711
46719
22928
41968
4037
11881
49103
19777
46397
49010
5126
21051
40360
41624
47747
49978
3389
1412
2049
10583
35133
48679
34228
38814
10684
11950
7829
29557
7028
24784
267
10695
38947
394
18195
20550
39304
12529
36773
45563
43791
35710
16652
28184
2889
22138
37767
858
11446
7185
34876
36364
32433
28578
17929
25952
25197
19802
36260
26037
13276
41123
39633
39088
3251
3071
47898
38826
34864
22625
17985
25370
26494
28211
7565
2981
46640
5200
47460
17997
15878
19759
14301
17177
29823
11697
3835
16192
34900
16149
12566
38110
12381
28364
15932
4589
6726
30434
34273
24012
42290
47682
26562
21396
39727
7079
46067
24915
4544
3611
7816
537
42959
19391
29062
35709
49610
35120
42097
42939
6147
14741
18031
8316
623
582
42608
36612
28328
31321
15998
22854
25497
33139
11448
33349
41803
34308
2151
6821
12036
25033
4134
7781
14261
49391
17737
19832
33096
34591
23829
45343
6759
13272
18405
37222
24172
12476
30720
16839
36999
17754
1900
46666
18791
28553
32286
6601
48695
13718
21692
30671
33652
23773
45061
24141
163
10045
28156
44796
8698
48853
14219
38388
18504
26411
36203
5536
4554
29481
40330
9361
46601
31520
48823
20989
33388
38225
11329
21317
12617
46754
16654
20690
39758
32545
8859
952
10449
36637
6072
44249
13732
6699
39246
17872
36394
39582
46941
46711
6157
45934
25927
28473
32638
25454
36538
21100
28104
4939
25411
4938
30075
8277
18401
7463
28111
34240
11428
21268
27539
1469
35729
42366
14636
10259
20646
49689
37037
46025
41111
2502
39888
44702
48581
789
22031
19816
25164
48548
10754
28884
15514
2492
19278
49737
20094
41791
49640
16565
33936
22527
41065
11877
4510
42440
20738
12759
30167
40998
39408
37679
22852
32187
11102
40416
45523
22121
41150
46034
42751
36829
44509
46860
7819
17616
37430
26264
39314
15067
9374
47382
4903
35512
26359
32395
4480
24596
49627
25466
43941
5326
2139
7201
40010
8608
10094
22871
43322
5060
38934
20744
4793
9079
19535
17524
33343
15579
21120
30996
45725
1899
33821
3272
17473
20819
32487
40892
47941
27288
43305
26401
6460
31958
10818
37661
18537
36977
2074
39262
12572
575
14489
5403
41344
15037
36957
47249
6876
4076
21343
26067
14897
18165
23699
5276
15364
20109
12023
49051
10580
37319
30348
2102
43150
43568
4059
5995
37055
36730
11841
27320
41479
32383
10328
15413
19883
45722
38955
48857
37142
31276
6552
1369
39081
46455
23873
34412
43498
5991
36278
10546
21340
17160
31952
21113
48035
38597
38767
45843
24974
30549
12985
39297
41304
12474
16868
31123
23620
39985
17807
26553
19244
4556
41620
24940
23626
4676
33556
24499
40064
35784
9207
13514
35523
24559
37254
27078
41679
20846
8619
33496
9310
21918
29185
32632
17587
42299
32073
7756
23609
35962
15222
23909
13638
17643
647
29892
5160
44642
9225
42550
10988
34559
49745
20971
43215
10562
41076
16944
7482
13628
15599
26810
1495
48684
39432
43940
1945
23259
44133
29326
18292
33860
27451
6588
38236
48567
31247
32440
48180
22955
13977
27123
42936
10305
37267
2075
48255
7011
45493
338
15366
43358
13892
32317
6752
10507
11214
41655
14808
28468
15072
1118
41180
30883
23778
5710
28082
38422
34440
44406
22116
29064
48219
34592
46167
2397
36352
8546
2195
17119
24948
49246
21069
28152
33009
5935
49728
8238
11778
30082
47924
44049
15079
47794
40986
382
7558
46726
19931
11520
40893
19064
16826
5034
38749
10127
9725
3050
5101
40659
17230
2807
39595
11414
40025
45549
49524
29178
13058
2396
30890
24593
28965
23811
35275
7314
6792
13547
32610
30431
40821
29667
42034
11484
21086
45069
33995
47559
44694
40942
34367
10084
40853
2776
2113
34848
48111
7546
20223
31491
28524
1089
36412
39078
36017
18556
13377
6497
31432
29272
6299
42423
11611
27421
37908
18219
17408
23262
994
178
46834
43915
17503
1215
20607
46456
25865
23903
22599
37010
15942
45939
131
23132
8315
636
2608
35158
35972
28832
9581
1909
24122
2243
20792
13009
35986
19062
25742
11909
20364
26291
31217
19791
38575
30972
37892
9331
760
37893
46211
14822
8646
17648
49454
32779
10672
7813
43532
7725
43929
29646
41704
28836
40103
27038
968
34046
47406
46806
16477
20576
37671
18010
49695
25957
32150
49935
44447
44892
29305
21083
17472
21715
18916
9496
35776
13135
825
8367
40834
33902
7323
9836
18781
12627
27827
5982
46117
6197
29669
19089
28150
23204
87
5120
22574
3208
797
18711
13494
2228
33469
3578
36775
4088
9239
45031
15081
8595
11846
41795
45029
17411
35253
16750
27006
43848
41473
27574
5809
26345
33340
43091
48741
27043
23543
36831
42680
30410
10034
41758
37791
43512
19443
39077
4427
2331
32053
49986
35407
22792
45589
17256
45172
28579
34392
2969
12925
13450
5579
9711
43158
32973
19008
28771
40478
24054
47056
14780
10281
42651
35426
18339
44101
36369
29899
40055
40426
15235
40356
43193
1113
43163
23750
12844
37118
43894
2801
32417
17436
1776
44986
12320
22526
2499
26032
38128
4114
20202
2360
44292
23710
42117
20389
48104
43536
17157
15647
44753
39513
15058
15850
18843
32646
23167
33553
35214
391
8202
8106
27396
35333
41959
44514
49620
33254
47372
6261
17569
3374
17069
37985
14214
6748
33908
5258
13171
2612
7402
1857
13124
40866
1019
13888
2823
26358
13516
44559
33203
7955
12397
14757
49241
31513
35924
28102
7085
24237
17198
48649
4236
44228
5863
3996
35988
17678
36597
2700
37497
14215
34584
20893
13219
23484
8605
27915
47027
14947
46672
33176
9186
133
25848
20748
6117
46400
47366
40182
23364
36135
45449
16088
35252
18519
24469
45643
3035
41239
48720
36680
24858
41717
22069
948
17182
25811
32561
13775
46518
49203
14066
18443
31206
13026
18723
45376
38025
32347
48486
36904
23834
73
36987
9271
36959
12271
12751
23966
30956
19159
43952
12269
19849
24917
5543
31980
25116
19389
27929
21101
21381
24508
27672
1902
46154
11870
37896
47572
4393
30032
43185
49175
47558
43255
21843
2140
30066
10932
28727
25791
9454
39307
43510
47724
1125
48803
36895
17113
23844
8946
35584
9587
2973
35003
1445
9133
1218
44567
29741
31924
5279
25562
35056
28015
32688
40626
24988
12432
1483
9224
20251
39251
42238
34428
41838
46027
2278
33019
32241
22019
22120
821
28721
49470
16633
37474
10560
4331
18051
34990
43671
18350
9315
43774
1758
48579
22741
25572
42771
33040
4318
21060
22806
46988
25613
46747
26046
47835
38425
36776
19321
16589
5617
6818
28465
9795
19466
31357
39494
20175
17564
16355
24368
44911
33220
8764
31034
33636
27583
37496
48586
41496
1308
10140
13597
35485
44798
27637
2321
26732
36589
42457
7186
34067
7450
42887
22647
37529
16095
45790
33265
42338
32948
27985
3473
26826
6676
5737
10528
433
30340
1927
19960
48304
6695
23794
28101
14375
47325
16467
6696
14939
31822
34520
49456
17822
8887
24682
34126
15691
31944
23212
27952
35067
21857
28920
5139
48717
33559
4442
15969
4238
30797
46383
34357
30928
29350
11355
30187
26031
46671
30935
26811
16344
10496
36806
41724
19962
19739
48815
38440
26203
13975
33102
38195
43656
10047
22106
46266
21754
38703
36433
6409
21742
39472
49451
23330
28498
15732
24995
7895
16464
40743
20614
14493
27242
8360
2563
49264
7152
20678
46391
28446
6739
26916
1894
17489
10957
48688
25896
41462
25304
7
14537
4251
43647
43463
11281
13092
13146
49815
1046
13351
17532
44661
6255
35290
15824
29331
34161
14363
31304
21508
25154
45294
44607
45669
42485
46465
31851
44617
11840
45036
28455
11704
45999
44262
45682
20707
30498
3623
24026
24390
23506
31653
17549
47323
14403
27035
40539
