75
93
128
155
156
174
176
184
186
196
231
241
264
295
315
335
350
385
397
399
432
453
461
479
496
517
573
591
597
628
695
702
704
715
738
750
764
790
796
799
814
841
853
902
907
948
987
1001
1010
1023
1028
1043
1066
1089
1092
1094
1130
1132
1173
1174
1227
1262
1283
1299
1396
1406
1466
1487
1498
1506
1519
1535
1539
1578
1580
1590
1604
1630
1645
1660
1701
1716
1717
1718
1739
1866
1879
1885
1900
1916
1935
1992
1999
2072
2080
2178
2179
2206
2233
2235
2304
2326
2354
2395
2397
2432
2456
2462
2474
2484
2526
2539
2558
2565
2566
2572
2629
2631
2636
2671
2726
2750
2781
2798
2836
2847
2899
2907
2910
2922
2926
2992
2993
3014
3027
3055
3056
3069
3080
3105
3117
3149
3205
3211
3242
3245
3251
3290
3303
3375
3387
3404
3413
3426
3470
3482
3483
3486
3496
3546
3560
3596
3631
3655
3682
3685
3771
3797
3808
3865
3944
3953
3971
4028
4049
4068
4155
4164
4237
4255
4279
4380
4382
4399
4407
4463
4486
4502
4548
4580
4624
4644
4653
4671
4685
4724
4770
4779
4781
4794
4862
4878
4915
4961
4968
4976
5001
5035
5056
5062
5168
5192
5273
5293
5309
5318
5340
5383
5406
5449
5492
5494
5553
5571
5599
5626
5635
5676
5682
5719
5725
5729
5763
5781
5841
5852
5853
5887
5893
5928
5948
5991
6012
6013
6042
6063
6132
6144
6153
6176
6185
6209
6212
6217
6230
6251
6268
6293
6312
6324
6367
6387
6398
6405
6408
6422
6460
6463
6470
6509
6563
6577
6619
6625
6658
6660
6661
6727
6736
6750
6757
6814
6832
6844
6867
6939
6983
7001
7017
7049
7067
7088
7110
7135
7147
7156
7182
7193
7218
7221
7232
7235
7310
7327
7373
7383
7397
7412
7432
7447
7454
7469
7482
7502
7519
7556
7632
7636
7720
7724
7742
7744
7788
7790
7815
7898
8006
8013
8045
8091
8126
8140
8164
8177
8201
8205
8217
8230
8235
8237
8249
8251
8289
8291
8324
8340
8400
8402
8462
8465
8523
8553
8590
8668
8676
8704
8731
8758
8828
8844
8871
8877
8898
8918
8919
8953
8994
9032
9033
9071
9126
9150
9186
9263
9283
9324
9348
9357
9377
9411
9442
9496
9520
9526
9527
9583
9615
9632
9668
9684
9705
9719
9722
9762
9781
9782
9793
9863
9883
9894
21872
10510
16218
15651
41464
13153
42873
234
25914
3655
6925
44985
1246
13988
24864
20981
25076
20372
7795
16574
34156
42510
13866
47734
5066
42610
33274
12138
46311
36089
37717
29680
40322
6686
17480
11726
39617
1237
28482
10563
49537
2690
8828
8256
27450
35703
720
2222
620
38197
9275
9862
8704
1453
45836
2888
23470
31598
1485
28644
44650
13956
13776
31792
3290
47792
15489
8877
40142
27473
16337
35591
19586
22353
35817
6747
26921
27183
41491
19701
437
31159
17351
7034
19705
14414
40627
36561
28060
34823
24886
30074
45686
37865
40613
42679
26366
20821
24145
3892
25985
20788
15039
26135
42780
39697
34951
13306
13168
43201
35571
10311
10356
16499
25373
38462
8009
10636
6741
45369
29383
3976
33367
40952
11651
5109
34422
22356
30864
29640
16508
39052
27117
44018
38122
44989
23678
26872
45592
39134
6592
49028
5964
11041
14257
38397
5376
31780
9850
10938
34861
14838
36841
42447
45793
35455
12031
27926
11182
24671
13938
33141
48142
11044
39559
45098
22081
29107
3403
47833
35278
25709
43937
49667
21717
13291
1362
49550
31748
5745
42009
27486
24475
46134
42960
33594
30944
48753
26524
5599
47369
10273
26364
47479
32362
24852
36348
9241
34035
26719
14660
5424
18208
40673
42169
529
3873
11009
15474
16874
41140
38534
27008
5359
32880
23697
17996
2992
32746
18596
39756
40715
16507
42525
33769
34539
587
26634
6471
23698
14950
21155
41311
20333
34045
14139
2040
224
5419
28042
10128
20535
49440
49581
20687
36257
31312
31405
24809
18002
15060
8611
31681
30394
43888
28382
18965
7239
31396
11147
26309
292
46971
3716
49771
21979
6035
26240
4126
1982
15833
4907
45298
36515
31794
26268
23082
27992
7473
27357
47712
13335
35838
26339
31943
39978
25526
15028
25892
17000
37759
37113
35444
11110
41916
20506
36995
35637
1741
9530
30323
3554
40437
29833
31270
5374
23956
37013
21621
46043
11875
29408
15071
46550
39046
39203
6854
5134
42415
17596
3686
23339
43236
8949
7458
15879
49516
5689
25966
22404
12168
45534
34684
12077
43021
30292
17555
40298
20771
32958
23915
21937
43697
29687
15498
20641
103
25134
39994
39657
10718
17417
9653
34874
47624
33604
26085
18308
44077
9762
49209
42015
19675
25638
6599
2697
28466
28542
10665
13723
46307
21424
28222
42562
23527
31812
19907
42567
41328
0
20482
47191
45078
42614
30621
452
22839
15846
8538
25059
23054
45925
32739
13797
25294
24394
32497
6454
20766
16606
8763
23257
39544
28588
11748
47513
41350
26771
2631
41923
39516
12852
8194
48460
15179
18330
37378
41553
7820
37479
18868
935
21831
42540
1484
19000
22295
2871
19941
29089
15497
48804
45300
45720
28722
27577
6712
41709
8431
49382
4403
45900
20582
20022
19138
13076
14755
40568
20504
49949
46180
7975
8220
43424
28355
44096
45878
32793
41656
32125
22176
22910
25298
10961
14864
7137
3439
49088
13878
2364
24728
33630
49110
40274
9050
43459
38230
12561
43482
1819
6647
7133
154
23050
24497
35848
3986
22550
9814
49214
13367
37289
46765
9785
12666
34986
39922
9246
30877
43862
47396
46073
49418
10841
42374
27834
15612
40425
34953
35851
23244
45453
3411
4391
11397
9797
7976
36296
45072
49804
9219
95
23025
44602
39054
44428
34706
45164
13080
29831
43111
19087
35131
20921
11303
20597
1596
5059
40436
2681
33425
49854
838
13101
22065
30284
44187
24401
11394
23606
45889
29063
2411
24242
30012
26940
46600
46320
23549
8071
34786
49200
13127
18543
38568
47914
2751
6506
6566
32537
29790
11412
20148
30350
15902
28980
11038
24888
7866
862
31784
39954
20027
20775
23030
49041
27240
44862
39511
49928
40824
4663
2479
44068
47474
46885
4637
25032
46340
23418
33715
22347
33506
44566
11904
18884
37275
29164
3589
9125
16862
42671
38588
6254
26619
29965
44387
28171
35904
2519
43820
29391
47047
29241
40438
48942
10738
42742
16367
7959
43986
2439
49603
22354
21019
33381
28454
5679
38309
10012
29572
28925
27154
8433
16386
45638
15600
4590
44194
3041
27389
22640
35614
4877
25850
14981
21125
28986
409
921
22393
3698
21917
20689
48575
43434
23363
20332
17566
44073
17283
22572
3590
34829
28501
14679
30001
24187
29339
2274
20950
34912
1327
20480
40836
24479
1248
46050
24732
37261
42156
42975
23051
4015
36232
31408
18851
11964
13736
23087
12508
3018
31672
19268
30149
12525
49892
1228
3311
33173
31025
11968
3804
19767
12632
33069
22351
49433
9323
2100
4279
5361
10058
2369
20993
45208
27218
11508
7335
3683
10036
2556
44626
36147
39842
27437
23618
31706
17790
47962
18976
16546
42334
27688
7272
8803
19038
45350
37887
13220
33244
15675
30608
43026
29375
6582
6578
29388
10444
17326
40316
12151
20830
23771
18826
46772
22878
44346
4181
41873
2494
5223
18070
9732
24717
36808
36861
34195
7553
6336
27767
40074
40920
33948
21673
41090
755
33216
43268
4118
9543
49261
12596
17523
2295
10517
30800
41671
45518
1367
36586
34716
4824
5375
17370
42968
7215
48400
42509
35585
45970
16177
31842
7648
33988
33623
18665
8034
12354
20362
37822
22986
4926
13754
14940
46191
19608
32709
37188
28956
14267
27051
6000
30976
39562
44489
36564
3947
42948
30706
11459
36192
14638
15536
23097
19707
12458
35017
41558
18554
18540
4452
40038
29456
33497
8335
16539
15218
8703
645
7538
44402
24781
4389
31099
10786
680
7226
34443
7881
33278
42067
42186
34920
13500
8527
18621
46066
464
33726
45526
8827
2583
26478
34031
3730
47347
46403
21756
20113
9974
32828
31948
4813
28370
48047
45597
42756
43546
39315
30146
9320
23230
36943
25344
36110
2252
21358
9423
44478
39823
34542
2542
25819
5263
29802
49307
15945
7806
728
33663
13344
47302
16062
31197
41921
14508
36704
43769
6391
31798
48027
19870
49607
43258
41650
43488
18655
10635
34058
10364
12934
28820
6962
32871
7899
41981
35342
39028
29878
23026
4659
35001
20503
43392
38355
24307
235
22345
17208
19040
36712
19366
17663
5522
44055
12939
34311
8212
36430
34326
25612
26340
25565
10554
1563
23582
11792
30222
19798
38612
19308
37048
49584
33436
36645
31142
26091
29009
2099
24989
35312
7092
18974
32606
5489
9381
9847
39791
10007
12735
17476
44069
34338
4951
34694
41533
8816
40313
44600
46533
23216
36368
45806
44959
10025
38864
35123
7715
33990
36620
39963
19970
1403
41444
16008
27739
8564
25
3091
17025
33411
32385
35977
16500
24519
3621
30302
4234
4678
2241
39986
7242
1635
25835
38698
40202
29095
23734
42136
35903
12491
33566
5763
47465
41537
6294
28506
37574
39867
29080
21722
21357
19967
18571
38751
44675
17744
28325
13331
20238
39909
42956
33690
35118
38707
5878
47650
33619
8589
37356
40041
26834
26379
31128
16863
31752
27376
21192
38747
12337
41684
34467
9833
32170
3861
26966
819
23780
22039
18585
43461
40811
33251
16067
31895
37404
30512
42232
33967
44342
41632
17143
3154
863
31279
39469
44708
40850
26387
48932
1155
9839
41074
12689
47874
33731
1842
13603
5740
619
43264
2618
43452
12003
24431
19184
38508
29516
48497
33536
38088
6521
22339
33787
4693
19545
32599
667
41909
49289
39091
12302
36823
12305
36625
13719
49639
18904
24321
30842
7591
39326
24359
9828
8583
39197
24215
11672
45474
31820
15163
48067
41399
26798
14131
10002
48600
28481
40755
11821
31430
44695
6290
4235
16153
26395
16663
41668
18604
48201
14553
39969
17697
49394
38865
39343
24879
7316
37918
10579
48337
18039
20036
20706
12804
24000
43143
5353
25622
17751
3004
20541
13484
7422
35659
15075
16945
23502
5588
15316
14906
34362
29216
23876
7003
7701
2115
23708
36313
27660
36877
28462
15531
48542
21620
10984
30812
8091
10550
31238
12684
17577
39020
17105
29292
37748
30727
30138
13550
10199
38461
6179
1402
44274
40856
36656
15492
18936
9045
4409
21580
30494
27881
21359
48659
43601
2955
24282
209
44972
36282
19230
6893
25904
12996
44239
3783
22559
48373
23628
625
45383
20012
11204
34775
14608
34632
6350
20878
16696
24143
29434
47878
46835
20025
26232
26492
26120
31826
6172
24389
22530
45964
45135
7315
40235
17317
7486
17153
46075
1959
6745
33812
15650
46336
21037
30910
17491
16398
6620
15971
47484
43353
19189
45355
24950
14824
20240
36284
3823
12263
11090
27367
12004
38290
9367
1132
15351
14873
43995
33543
30908
18924
23373
8633
8983
5159
8002
8891
43663
3504
13806
28663
33466
18794
15442
28490
5081
45248
20586
42145
26205
43379
23539
1552
20609
41064
22332
10113
47979
35983
11833
28607
40696
49265
22534
43439
1360
9901
23193
1053
43880
18179
32082
49623
7754
7265
41487
44772
36285
24117
16409
27667
9575
985
25829
37796
3742
10837
23987
37518
41940
38973
24552
12906
47361
19641
6536
13390
43676
37097
23912
8958
11751
48607
14984
7143
47552
46804
17766
31963
9084
49404
4786
11233
24701
31942
41809
13261
29677
9098
22027
43269
29736
8442
18265
25940
10704
2796
16404
9103
10117
35060
5402
35219
21941
19239
11780
46469
20935
27022
41641
10374
30626
3849
22085
33201
34092
18024
24180
21800
12887
117
28692
32853
5206
15552
36563
7267
22654
28990
32922
20927
27602
32390
20514
44579
5302
721
28374
27087
32855
40035
21183
2937
6297
29971
15023
12203
35090
23324
29573
286
6755
16960
39464
20293
43666
20800
37231
24956
24918
34662
20803
47961
20501
7403
14884
5912
16603
552
12781
44696
9087
4731
29296
22082
26517
40823
5381
32918
34594
1876
33885
15107
3437
4147
18334
27164
23955
27295
23366
40894
47649
2112
2179
4682
7823
45247
26324
12554
25645
9923
15110
23066
30594
27478
19855
22836
37789
10908
11466
29696
8063
41593
46257
12459
29332
13607
3530
31835
42529
15657
4208
14694
19604
13410
15338
48897
7632
21790
7958
48710
17810
13619
20141
7967
10794
39226
34795
36716
7247
48065
18722
36069
17389
30569
48565
7541
781
12679
31656
42444
44825
31487
45366
5355
30625
10211
