4
40
121
142
163
201
231
255
318
335
359
441
459
468
489
510
534
575
631
637
660
687
692
724
734
827
861
902
989
1005
1013
1062
1067
1092
1111
1150
1189
1210
1251
1266
1270
1325
1359
1378
1431
1439
1462
1479
1486
1499
1507
1567
1644
1665
1667
1670
1673
1683
1748
1803
1820
1853
1858
1877
1879
1886
1932
1940
1957
1959
1991
1996
2013
2031
2075
2094
2118
2178
2207
2230
2263
2314
2315
2364
2445
2480
2487
2522
2559
2634
2711
2713
2721
2743
2748
2787
2833
2901
2943
2952
2959
2963
2979
2997
3009
3027
3041
3080
3123
3133
3156
3218
3222
3233
3308
3375
3414
3418
3438
3443
3451
3479
3493
3508
3509
3511
3527
3567
3579
3592
3608
3615
3644
3651
3661
3699
3744
3760
3817
3830
3878
3896
3919
3936
3941
3946
3968
3970
3971
3976
3978
3988
4034
4050
4111
4122
4142
4146
4162
4202
4213
4240
4262
4269
4285
4290
4294
4360
4408
4410
4431
4442
4456
4463
4469
4475
4480
4483
4509
4521
4592
4607
4615
4621
4656
4690
4704
4725
4729
4730
4759
4789
4799
4802
4844
4868
4935
4940
4941
4951
5070
5078
5080
5091
5107
5143
5181
5190
5243
5254
5295
5299
5318
5327
5333
5339
5397
5430
5461
5479
5480
5487
5536
5551
5555
5582
5597
5608
5633
5636
5659
5666
5672
5704
5712
5734
5758
5787
5791
5822
5838
5841
5851
5874
5898
5937
5945
5959
5974
5991
6000
6025
6027
6079
6115
6127
6128
6148
6188
6230
6277
6345
6373
6378
6420
6486
6503
6542
6553
6601
6618
6635
6685
6692
6699
6744
6780
6794
6799
6811
6870
6890
6972
6973
6981
6988
7015
7018
7046
7048
7062
7065
7072
7073
7077
7104
7193
7195
7236
7253
7256
7260
7315
7370
7374
7398
7417
7439
7455
7513
7543
7547
7558
7584
7637
7641
7648
7654
7658
7707
7731
7740
7786
7803
7815
7835
7899
7903
7930
7934
7952
7956
7970
7982
8014
8018
8078
8086
8114
8128
8159
8173
8185
8193
8222
8246
8298
8355
8365
8443
8460
8465
8475
8480
8486
8501
8508
8549
8554
8587
8595
8604
8619
8632
8642
8661
8699
8717
8736
8766
8776
8793
8807
8828
8836
8867
8869
8886
8903
8911
8942
8953
8957
9032
9042
9046
9112
9144
9178
9207
9249
9255
9296
9315
9356
9367
9388
9414
9435
9437
9502
32928
37875
23823
6485
5998
24230
10372
180
20964
13282
42675
46722
33692
15152
33334
19285
28576
20772
4058
9568
39541
27547
29069
2461
42035
29377
7642
32822
13785
39169
47155
29098
47257
6292
14798
21693
46021
44816
25481
46883
9061
38090
35954
8784
48563
24900
6173
8910
40663
47622
19197
25098
27282
11526
49243
48591
3566
14923
38762
14935
47630
13363
32120
29835
19112
9441
14377
35743
43835
49251
49727
30707
18622
16924
34384
26897
30037
3116
45782
162
42431
16383
3839
47664
38103
15645
34956
18279
5180
36008
49974
38228
44963
36096
42142
36665
3507
36671
33408
29869
45408
14388
31709
19134
20409
14284
5946
10415
30715
7459
28696
14244
46333
18739
16220
17437
6203
14853
47908
2712
1863
35318
14263
34127
3695
20373
13231
33735
12110
13307
10661
19378
21978
449
19689
43499
18418
1491
10913
10264
44061
976
22711
4063
14412
13654
35868
7097
18197
2450
3077
36437
1268
38101
35622
1256
8403
8404
37463
36003
34331
28170
48179
18699
23511
16135
18912
8417
31701
38173
36032
16959
40171
17338
44565
42036
1005
20906
2629
1284
39221
49685
19614
6562
44162
47436
36457
26745
29841
32890
35648
35714
7602
9691
5786
24080
10076
41711
3464
28789
34895
26653
1923
25954
42225
14869
26212
6943
44697
48884
5264
4055
41623
7574
35450
2830
33302
42375
49687
420
26460
18290
49669
26130
21789
25767
12106
19215
46119
31579
27663
20270
14397
31536
33512
32901
33434
34217
6007
18404
28317
10697
42030
5908
16542
20967
3664
34969
25017
4290
6985
46644
15656
10478
39126
40210
26631
43241
6437
37850
1294
32989
31507
4032
7188
45132
2913
48143
2904
29240
27501
15131
31003
3418
17674
37237
661
49751
9204
38983
13708
30464
18834
15990
49824
37281
45701
39833
23133
4846
6144
1630
30173
17420
29100
31679
43146
26062
25879
32756
4503
19585
40827
16356
15958
41219
27535
13995
5187
37569
14827
33666
17199
10335
27429
24548
26378
31227
20060
47883
43180
5434
16605
43756
5491
49237
39413
44516
11481
45756
41582
35185
19358
47917
49077
1882
13134
47716
36976
46452
27644
42216
47345
4527
33296
40085
19340
39036
19452
17801
36406
32593
4156
40770
33961
17728
43808
41301
41554
25401
4317
2245
42319
28375
26717
7296
9000
27105
18829
40186
13102
28313
20085
36701
27964
30655
9250
20157
7119
46382
41005
33740
14699
23362
8080
32854
1406
26602
28600
22468
5581
41268
6204
36199
25941
38455
3913
46446
48360
25813
272
15196
45721
12968
32655
23421
34793
46648
5259
3970
37719
42903
29771
23309
25779
31281
6907
13466
12285
49199
28809
35563
39061
24823
15342
39105
35634
47147
29254
35774
12444
8765
43874
42544
23932
25977
15538
10707
24967
36345
4666
24572
38824
10174
21525
28885
30551
22192
17179
15238
42434
16893
7880
47318
38728
37214
19261
45255
48413
1904
24250
19331
17727
21354
16024
18977
27939
28213
41822
27493
48008
23512
9176
4400
13691
28614
1832
29368
38923
15267
11282
23937
5225
14933
28904
16845
17681
14134
19917
8236
27372
22144
33057
35956
18043
31702
1762
16007
2088
47591
7099
36167
2304
30881
1004
44641
25346
15395
18042
4447
33167
41097
7362
24594
44324
21733
24108
29663
36740
49098
9019
41453
13987
12591
29163
34947
25474
9695
36915
29799
43694
25437
15203
41825
23420
43765
24306
27259
25494
30341
40562
11562
6863
36160
47239
26100
16527
49806
27409
29770
33529
48825
34167
13391
41675
10593
12006
41451
41136
39495
4328
25423
6432
6603
29101
45410
1182
28654
42603
9105
43196
32842
44202
5237
23161
37193
15253
29083
3377
33013
4394
46663
23879
48502
6331
30892
1704
33171
24034
25675
35514
9259
40036
13025
33753
22963
6875
12208
40658
29052
14142
1624
39829
49951
28246
26772
23655
13772
49812
13828
38376
33863
40023
41402
18034
39356
1339
20870
1299
36234
25781
25458
6505
10641
25147
46255
24393
20325
32224
22185
8911
30600
46245
41031
6990
20294
33359
38794
46570
30826
22744
23989
6339
40309
25403
6266
44962
36090
43337
49475
49575
24933
32276
6586
21495
41953
48780
13778
39891
34316
46372
30681
4681
22205
41252
7386
4103
30436
21252
42631
41483
6509
23755
15519
20108
27205
31993
9824
47530
979
27624
13568
12530
24769
36694
34328
36514
6378
25753
16200
47796
32186
46824
24513
41547
20411
29172
14038
37977
49097
40705
12510
18300
46220
35066
19813
9202
3957
47921
33002
48902
42403
296
49480
13005
25692
8504
12331
42442
36105
14789
49390
25636
8970
25292
31953
5143
10629
32066
21194
27489
38354
4962
32050
414
33947
32654
2573
43097
12577
7424
18606
2282
33115
21603
29329
34840
669
33725
36317
26892
19912
49605
46947
26129
9780
22213
9950
46133
11161
45688
10615
46779
2792
15482
47975
15406
40285
7436
6844
4224
21161
36083
29496
48787
3538
39451
3252
11499
49138
30857
12417
27302
7395
33796
31954
41573
45333
904
27572
43582
3784
36793
31843
39377
3556
25672
45624
49317
36855
30674
10247
35242
18553
24236
20521
21260
46521
21454
24836
13927
9550
29939
21642
24430
6211
4763
15919
3919
2419
18658
49252
36292
25776
45894
34562
22825
23634
15487
31088
16195
23071
31305
28072
22838
13215
12975
46251
34727
15178
17967
27790
642
32535
29291
25142
1575
39785
49355
41270
27468
36631
32803
45773
10023
1366
16636
758
35186
45234
1212
45496
26326
32303
26297
36177
14186
10300
10900
9546
37775
18110
12611
34343
26854
28962
12812
21052
24624
26710
44851
40228
17800
44044
20798
45938
28596
23276
2528
1333
7062
47166
5256
13993
14656
2131
48860
14644
2257
5756
12307
33816
9049
29605
2858
12723
8462
28489
13896
42314
2486
29632
14105
25818
22431
6879
6924
36372
40745
36873
26936
3433
42022
47079
1663
10654
41162
24883
44002
11423
13762
32119
16101
40195
2705
43925
2951
33872
34617
10525
1310
27028
27303
39005
48163
26953
6611
44517
21955
23826
665
36817
24524
19758
12154
1396
28913
43926
42383
26423
38353
43090
41023
44941
32776
3030
16105
10116
46047
12862
26233
43188
36247
30326
35560
48605
20654
5358
23460
8257
3308
37928
1557
34852
8890
44994
1712
43172
11957
27519
16179
8688
44400
22148
12309
18403
41934
32680
9643
27897
49414
38526
6654
44553
6180
8068
19857
16648
26645
30185
21117
40610
10539
14777
19406
45279
9260
6809
25347
32285
18293
25798
34103
25768
12846
13945
49518
22438
38076
34337
31733
520
20450
38755
4642
3027
2911
47072
34994
44040
4219
4744
19441
2591
46061
38386
44761
4137
41839
37154
27135
40943
35806
130
26367
46384
26943
3897
27921
40949
4687
11074
35839
36989
20823
28226
20374
42080
5677
1813
46502
25898
46331
33998
8630
9949
36336
33037
11794
17937
44747
3855
13769
13472
10633
26380
2811
17550
24040
23279
22284
8117
3442
48018
16328
31998
14532
19568
42662
18536
15663
10519
41595
26047
42160
12368
9153
10904
1659
28464
49564
27167
30841
12334
48613
42910
44916
48945
15515
1022
6080
29528
48879
39618
32539
3001
21382
6852
41919
5350
40531
20588
10447
32909
30414
42487
3133
15201
44850
19047
25785
20470
24419
38418
28
6168
14415
13909
38668
19142
4905
44360
6289
27891
33473
46616
14041
2216
28255
9083
48068
2647
33807
41659
616
27817
5950
6450
43957
18434
14075
11235
23327
346
3862
8177
45293
47231
16194
24241
7636
35413
46814
38712
38259
14164
9633
4182
43934
39473
28219
2293
31549
8338
34819
42915
23532
48046
12505
14516
41518
1644
45595
38316
5940
14385
39369
3460
18196
21781
10282
38714
28002
27062
26911
14474
38941
40065
24827
22417
5038
12511
19059
39388
23816
32533
33185
32947
22386
17707
19885
9389
14886
34247
28577
5607
10838
35843
21068
29539
19284
22857
26497
27513
21254
543
25955
23671
19462
25441
14152
35054
27221
26068
2196
28830
23920
21771
572
42229
30585
46790
27017
9155
24776
12301
42664
12160
41669
4738
11649
6897
18114
43914
381
35113
48191
30630
44939
33290
13416
25250
19516
45957
29202
20342
8368
7822
9845
17870
28971
5364
6475
45869
13212
39344
39348
22646
13726
29250
1791
15660
1148
38351
36960
48223
9761
2922
20564
30900
48351
34668
11249
12859
48447
47425
5212
4232
43928
15530
3599
47922
37172
14440
30638
13846
25435
46415
12478
22230
31446
15703
19790
44894
18544
27417
45286
1311
29947
36646
37891
22139
18836
31547
17039
7743
41441
15158
9724
20412
4989
15533
38242
37124
25299
36442
25444
29034
23072
7676
22969
34450
25231
39701
32069
15683
46891
45517
3668
31027
14879
43584
44095
27757
16181
17500
14815
8379
19043
6027
47305
35538
10062
3166
2056
22288
12026
31239
48862
677
13164
35573
14560
1746
16073
47216
8254
36467
30915
16264
48807
44071
25216
41522
23337
21702
35970
42138
24925
16240
18028
41610
7024
3397
38953
12896
20966
38161
36361
34344
18155
49740
36319
32446
32789
22580
30291
35925
49114
19943
14787
17556
3687
28620
20274
390
42811
24290
14251
33004
22461
15112
14521
1526
6612
36916
16492
37018
43222
37053
27063
32571
18984
28271
30790
26926
5815
12489
9816
22698
26959
29265
44389
29237
33610
38640
3519
8271
484
35324
9776
15508
10485
27848
25703
22582
25289
31277
49743
25153
27853
33499
1535
5919
10350
40146
15909
5075
5042
14937
30079
36566
44007
45144
19980
11967
26809
3089
3189
24799
44780
48812
5676
45603
18437
3802
32930
35797
7585
36731
41120
19262
48616
9041
24525
43810
29489
4231
17038
6770
4043
23022
22740
49622
15802
9452
6498
16709
3300
32523
43563
43351
13210
32018
14852
16669
4307
17777
23591
7855
25806
22343
43517
18476
27630
9685
1471
37886
35484
10392
40718
23739
14726
16878
28603
16525
37963
32757
11565
27558
9848
19627
44834
20321
20363
18136
9231
29827
45226
34638
33073
14649
3612
21453
18550
32130
13310
21607
45690
10451
9285
49598
42769
5347
45811
32117
3522
36600
20049
33614
49984
46093
11860
44172
31464
7956
37942
9353
14957
