54
63
97
98
111
157
167
179
217
223
262
269
271
277
328
331
339
346
365
414
448
491
506
510
518
531
542
560
575
579
614
629
671
689
699
721
727
731
800
820
834
868
877
880
885
909
914
959
994
1018
1042
1068
1071
1084
1116
1134
1150
1174
1193
1217
1219
1237
1249
1300
1320
1326
1459
1508
1535
1545
1559
1590
1604
1611
1677
1684
1686
1704
1736
1755
1770
1793
1830
1922
1938
2039
2069
2090
2131
2154
2186
2207
2275
2296
2308
2324
2396
2399
2421
2461
2488
2529
2570
2605
2746
2783
2804
2805
2812
2827
2828
2858
2877
2892
2915
2985
3005
3017
3044
3084
3120
3128
3232
3250
3258
3293
3311
3314
3320
3377
3382
3383
3423
3440
3588
3592
3626
3629
3662
3768
3781
3826
3845
3853
3859
3906
3936
3961
4044
4089
4103
4129
4160
4166
4188
4196
4253
4340
4349
4353
4478
4534
4540
4566
4604
4650
4679
4750
4754
4865
4887
4889
5013
5041
5044
5080
5110
5134
5136
5145
5151
5183
5239
5254
5269
5289
5292
5297
5312
5340
5346
5381
5408
5427
5462
5473
5523
5525
5529
5541
5552
5570
5587
5633
5646
5654
5668
5707
5717
5724
5765
5803
5806
5816
5835
5914
5921
5974
5983
6006
6088
6100
6129
6134
6142
6144
6170
6177
6184
6185
6198
6235
6255
6260
6276
6281
6285
6320
6333
6395
6402
6449
6467
6548
6550
6582
6621
6645
6709
6731
6742
6781
6795
6804
6849
6874
6939
7000
7007
7009
7010
7012
7033
7050
7072
7077
7081
7159
7194
7232
7249
7280
7309
7466
7482
7572
7589
7594
7600
7638
7669
7699
7710
7724
7749
7755
7795
7796
7818
7821
7847
7874
7892
7900
7978
7990
8108
8157
8191
8215
8227
8228
8278
8294
8300
8319
8430
8431
8494
8509
8510
8516
8544
8550
8571
8607
8647
8695
8702
8738
8757
8825
8827
8924
8941
8965
8976
8997
9058
9110
9125
9195
9199
9222
9252
9266
9284
9286
9297
9322
9351
9354
9360
9377
9397
9456
9484
9489
9498
9585
9633
9651
9665
9685
9702
9731
9753
9796
9806
9811
9831
9844
9857
9866
9876
9888
9918
9962
9964
9992
9999
10008
10010
10025
10070
10085
10148
10161
10171
10184
10228
10234
10250
10276
10294
10308
10371
10400
10456
10538
10555
10556
10670
10686
10694
10773
10779
10807
10815
10848
26411
32148
31653
10778
38510
11414
5363
33343
12961
10496
12925
38252
1891
23643
37496
10957
11393
33660
49202
44664
29962
46816
24293
27327
25917
15245
41700
42608
30348
20417
23852
17636
36342
11289
9836
15472
42255
46694
1583
31360
43185
26752
42118
35383
12476
32408
23246
11656
6793
10037
30617
40866
48060
43941
17720
23501
45352
7152
26086
47516
6842
49650
33678
21715
25679
8751
43833
6326
40454
14493
570
28132
13378
5778
3544
24235
38938
45950
29533
47246
43671
43940
36784
28468
8357
12036
39053
24974
32469
15079
25411
21317
40916
31156
13900
2980
33374
9726
38104
46283
27421
42063
10583
22723
5035
44531
41000
40089
49203
42366
16972
16350
39888
49760
48620
19206
46018
40579
1054
21314
18323
7986
5620
35164
41065
13950
26291
9560
8277
40238
19326
9581
7577
22678
26056
38249
40892
1113
37601
916
10278
9851
37897
2563
39798
12617
25122
42378
14742
35316
5269
21784
39810
2430
33348
38232
21814
37319
17411
2228
48823
11867
3343
5060
36718
36409
44297
27038
40853
43647
37919
33902
33825
32875
2135
6748
17643
37802
40045
11950
37636
7894
15459
2358
30993
22782
47835
2969
44607
4016
41735
3071
19198
37200
21268
14449
27637
1365
4795
26687
36394
2553
39755
29453
30150
36205
26444
24970
19467
31436
31265
9279
18350
26314
31876
16843
6363
24172
6235
6278
181
516
21875
47665
4782
20235
48490
41195
42546
46549
36538
46719
22204
13219
17462
39988
37346
36306
48649
41724
38180
22883
43449
10502
16600
42964
10623
40570
37000
38062
22647
46672
23626
2366
22267
15013
2724
2319
4928
8465
44843
34339
42290
19162
10156
17256
14939
29281
49850
36565
4650
17886
49737
9587
14333
19263
6841
25090
44789
22046
26553
33556
42719
22076
30419
21852
6320
15120
44228
47366
32498
26358
16198
8076
27296
19879
36495
28234
3450
15282
9795
825
27529
48204
36265
662
1488
32347
34191
10887
22599
30760
13347
4157
29481
39314
44815
16537
20356
17563
12410
13268
20010
4544
8687
30651
14947
8984
34688
28044
29486
13706
28392
44694
42304
19244
32395
20166
18401
25370
43445
12942
40439
37836
9906
37019
6552
30568
17754
29016
35584
17521
33648
26107
15081
41985
49470
19200
11781
25568
329
10158
41227
33755
26733
11355
12901
20247
6072
17230
26796
48149
26451
39432
25755
49689
20792
17467
22894
14102
45523
21773
17129
11570
33120
12320
8626
23561
24368
19408
9310
27226
27916
16719
13622
20314
17946
16298
33684
25271
8142
25283
41584
37016
44076
29196
43544
44278
18528
41526
641
25895
7624
28579
36959
10328
29331
4833
14653
6386
47898
1441
15359
2311
30197
44784
41111
39429
10449
16881
21695
22429
2243
49309
27230
6699
33096
15979
17113
5784
17618
40684
2823
623
11605
5753
12889
15283
48837
24758
47607
18079
22934
23676
30987
29789
28156
31217
2776
5328
3824
5126
38025
36691
39303
18712
30556
33475
16516
31263
6655
46154
13569
15047
10695
17182
26401
2321
41039
39582
21493
16417
18556
17812
27036
26606
29872
2045
22036
31368
39835
39503
35385
1930
12985
5058
8499
6059
11334
5368
15769
8372
29370
32433
36239
25804
30265
48579
19962
42593
40356
22323
27054
38057
47556
17202
30430
5436
37635
30431
25241
40604
21622
48423
24941
6865
32053
13892
27039
2981
40406
10529
41344
33174
13083
3434
29664
49763
43830
35220
13961
18791
26963
28364
25068
3835
18417
43964
44151
25601
9981
45150
39494
49811
40730
48732
19306
20364
1858
15878
19832
27079
47794
9805
31554
40234
38500
1908
8708
17911
44769
33850
9486
35082
19591
4554
17254
17840
8391
45256
17378
49841
49109
11595
2783
29998
38884
18686
39700
45610
954
45851
36839
43066
23505
18775
44363
28498
36248
5710
31828
30984
24122
24025
19600
42550
46040
19850
12683
27985
5307
34955
8345
10823
47747
24439
30781
21136
32779
6010
39518
28198
19361
31800
1369
22927
2677
24856
21902
15391
38732
24545
43463
43531
7637
14261
27320
8744
13147
41150
17616
4903
10339
29644
32514
34378
6600
39155
37810
7325
16815
47125
21324
26317
37898
20202
37273
12415
41506
36328
32638
38178
47383
45294
32162
7885
12909
11848
10277
46517
27782
16324
36589
48576
33155
20028
4485
4253
11167
31117
47082
46583
12770
32307
24508
14537
26567
49796
9711
14363
5543
42909
27775
27423
23212
19393
34631
43556
9462
24858
25876
22739
31746
34277
15970
5498
24013
11410
18793
17469
46368
46027
3844
23053
8814
15791
33046
46270
8980
47724
30434
25711
31073
5116
29416
33559
24682
18751
14977
6487
21742
40977
49935
46397
37010
19300
32287
7488
42595
22457
40897
43792
11136
29365
37055
46228
31764
36811
42816
21821
45281
6528
23744
10621
7033
13605
47604
17822
17477
26821
15613
33583
29178
28801
45708
27573
38512
8461
15132
4510
21660
13333
2458
16839
14400
41956
49019
30410
9504
7565
48487
27189
46849
18835
28145
16104
48679
27936
11329
2472
42685
34412
43498
29667
42500
31822
3054
20158
15290
43748
1808
24012
5854
19956
37807
17569
12787
26256
49485
760
38539
29892
12714
38356
24371
17298
34226
25742
1698
44440
14196
46671
47657
34107
39246
38265
26983
46581
24547
44655
18938
551
15547
5061
27756
19978
41655
30803
11417
39513
48055
40055
671
1352
21060
15208
44353
28638
33191
2973
9725
43320
44413
956
35768
18022
42061
29859
9271
4078
3213
46370
5117
18504
6695
14799
9079
37489
38358
3398
29916
42003
4333
24930
32374
49942
42238
34904
16877
48741
36932
1679
13450
7193
8976
4705
18051
33936
5538
20223
36513
30195
23727
28486
114
23490
21833
22324
23585
26732
16618
16665
13132
22121
42299
25948
41846
31952
17095
31518
29036
34440
29778
12994
36203
21692
12576
514
31320
18641
21269
35922
11648
1931
41620
14822
28589
39378
12269
9315
10852
45407
13442
36260
16000
4556
5989
45858
5403
10084
5160
9517
19372
23547
8299
14808
5821
28398
18620
49183
46168
28573
21995
11841
18667
18313
38142
39144
42184
20072
32177
32414
9294
35421
23131
40374
46620
38688
34392
49986
2601
25266
40539
10226
2119
4900
48684
2244
43896
26017
38194
842
18802
237
4706
5560
4433
35972
40533
5525
14630
23750
13394
38760
27568
8369
18922
8966
10598
19779
8724
41437
35376
35122
3104
39797
52
28256
19321
49396
15732
5934
35473
2022
33763
41850
39547
32646
14603
19278
29035
31477
45934
4873
37791
26661
16025
25537
9044
14370
17648
20576
32020
18881
19755
18255
3543
27006
42485
34509
44347
48349
45669
26916
35120
2275
39262
2256
30761
362
28502
23909
14788
18781
48567
37482
9719
17119
6291
20992
30036
8469
32561
21641
16654
29017
32490
19909
44130
9225
19325
7219
15427
35869
47572
3261
7558
20808
44958
12984
2620
18590
31491
32911
23710
4747
22312
7945
11520
2614
10140
4216
6522
48035
36303
49907
15136
36429
40306
38212
15070
10858
35153
38875
16633
23682
47285
31468
10162
3284
10584
133
30562
28296
38474
30274
23675
7201
16149
20347
20565
26903
19159
12744
13295
2813
21301
14671
3623
46834
12244
13741
30845
37957
6189
39472
30255
48166
46711
11391
21069
21601
39536
5982
11741
47039
37892
40986
36776
28111
43242
26973
31671
7416
8859
28202
7402
41239
15296
8533
13732
22892
42082
5396
13353
19747
9496
12900
44222
37882
15543
18941
22405
8818
24233
17023
37001
43643
12759
3135
12099
6677
19288
40692
25043
13818
48927
45955
25613
19883
48720
35982
7011
16022
21381
8176
31212
16300
37837
6726
11039
42478
4901
22116
38826
31779
22653
18500
26490
6808
10994
37971
5357
34848
8921
14403
19074
27294
38422
10045
46792
44098
17944
23988
10274
26165
3255
25952
34559
40999
26895
2560
19642
17627
4712
523
8593
34937
18723
31024
11428
12018
7830
33591
39425
37228
17439
1302
6441
3946
41496
19348
19629
3955
24129
49103
39168
27406
21096
20186
23124
30549
30053
40266
38195
22615
38279
17605
44063
32948
37467
22871
10916
17324
1197
3389
22115
40998
22325
41843
14375
38143
3473
27242
41438
32417
10214
38653
40744
34329
23167
20883
4241
3854
35483
21086
17503
49038
4686
44762
26217
44101
31321
32157
30187
28264
7725
30956
30401
9409
31719
10121
13192
43091
1167
16095
5887
16506
33712
44292
968
12845
16183
26816
6157
47275
41959
7611
37449
39498
1518
37118
22574
21353
28480
1489
12243
6261
26814
14865
8238
32097
20389
33397
28945
46391
10712
28759
43768
36017
14775
19349
31326
19507
39078
33450
42268
20464
15364
36977
31206
22896
5239
38225
29137
34067
9956
2616
8596
9369
24901
26702
45722
49162
18534
12327
41704
6329
6715
30330
45031
16005
34583
22019
652
24944
26709
23970
5577
29727
29534
759
37293
49270
14290
48803
20989
16251
43510
48255
32640
18124
11411
23415
14531
24954
8311
18447
47924
22624
38284
22601
7922
36654
39306
2651
30659
28073
47406
35400
744
582
40325
25724
45790
8409
34592
294
34401
6633
37608
37159
8604
13521
45888
14356
20884
35336
25553
26931
29745
2715
49885
42751
23344
10347
29886
30538
47308
9741
43568
42453
6827
40262
15604
17157
4112
30447
11581
38611
36412
43894
20900
24311
25896
29124
4236
17805
46601
45337
4107
13171
27672
14215
13514
43579
15539
11203
13974
22052
3138
23785
43128
26697
6892
22706
19391
5863
33139
21120
30121
11621
1898
8316
16870
19744
26866
20175
47323
13113
35523
531
4886
30991
48464
29910
42812
5809
29904
28528
25466
19777
22980
2211
33189
39164
36407
42126
289
23867
23196
15413
27915
6696
16944
4871
10507
35698
18443
35341
37497
27657
45493
7030
7028
39465
24517
22846
40859
7606
35238
32546
44509
39395
45630
5735
46783
3592
9735
46454
15772
32154
35709
45054
22821
24784
27335
28429
21822
17985
45365
41370
18695
37660
17159
32660
10094
7085
17581
23571
12838
5846
33855
13935
44826
7450
24621
15327
35512
40064
40955
25584
3157
26264
3317
25741
321
17069
30190
14394
33026
36936
14980
1309
21343
2541
33821
39782
14680
470
