65
66
80
130
152
166
182
184
205
252
254
279
280
324
329
342
353
384
428
513
516
521
545
580
629
666
673
714
754
764
788
792
822
844
891
934
979
987
994
1083
1098
1101
1107
1215
1264
1297
1306
1340
1358
1419
1446
1476
1492
1512
1523
1527
1545
1573
1624
1633
1648
1673
1692
1694
1702
1747
1786
1817
1830
1866
1930
1944
1963
1966
1967
1971
1973
1976
1985
2000
2046
2106
2117
2137
2156
2168
2178
2188
2200
2269
2272
2275
2308
2330
2336
2376
2380
2381
2411
2424
2461
2478
2503
2585
2602
2622
2641
2652
2653
2655
2694
2717
2779
2782
2832
2842
2844
2860
2871
2899
2965
3014
3032
3043
3056
3086
3095
3105
3147
3161
3175
3186
3190
3249
3261
3286
3311
3392
3393
3396
3397
3401
3451
3461
3471
3491
3499
3502
3646
3675
3732
3753
3754
3761
3763
3778
3815
3837
3845
3879
3891
3892
3905
3915
3933
3946
3949
3955
3974
3981
3985
4014
4017
4071
4098
4103
4127
4128
4142
4150
4159
4179
4185
4205
4208
4230
4253
4268
4269
4277
4297
4298
4309
4325
4390
4394
4398
4415
4432
4465
4488
4529
4581
4633
4687
4698
4706
4723
4788
4795
4862
4875
4905
4935
4940
4985
5000
5005
5055
5084
5104
5112
5119
5148
5161
5215
5286
5314
5326
5377
5395
5397
5458
5459
5462
5465
5483
5485
5489
5496
5498
5503
5519
5564
5567
5571
5592
5620
5651
5715
5733
5751
5776
5793
5801
5813
5845
5850
5856
5893
5915
5938
5950
5965
5983
5997
6007
6050
6051
6073
6088
6102
6110
6205
6224
6274
6296
6337
6381
6388
6393
6434
6442
6484
6491
6525
6561
6597
6637
6654
6655
6656
6657
6663
6673
6691
6716
6738
6773
6805
6830
6833
6840
6876
6890
6896
6968
6977
6993
7002
7070
7075
7202
7208
7230
7231
7266
7317
7318
7351
7356
7378
7398
7407
7418
7462
7478
7480
7484
7488
7558
7559
7602
7623
7634
7635
7663
7669
7683
7730
7757
7758
7761
7785
7822
7859
7942
7957
7961
8013
8031
8045
8070
8081
8085
8096
8109
8129
8154
8173
8203
8204
8221
8226
8285
8286
8301
8324
8335
8358
8432
8436
8453
8458
8472
8534
8566
8645
8663
8680
8700
8751
8758
8834
8859
8904
8905
8922
8940
8956
9010
9013
9047
9062
9118
9189
9202
9233
9247
9330
409
22237
28732
355
43697
49171
38141
935
3994
31682
39568
45524
24781
4417
7860
42232
48201
24783
9482
37890
25892
45009
5134
34195
14959
19665
16782
36285
7143
44194
22068
17940
18250
7701
3865
5636
95
23387
22282
38936
48913
38662
14131
22027
39814
39007
16603
41722
28169
18809
32637
2925
44862
39939
14065
29427
34820
13736
2625
27164
4409
14212
19877
29971
7458
13938
33623
27688
47811
40755
40874
38050
738
49433
4877
29357
21790
37284
49039
12635
15185
43373
45739
41603
35312
30259
31430
3070
38230
20609
41184
41196
5682
13600
10356
5599
17238
6645
6960
24186
20934
18172
15039
12034
2124
8060
40153
22530
49698
35349
34603
38866
11124
33468
14845
33364
30536
11711
49343
10909
48658
22332
34795
19148
36613
3504
31706
15536
49829
47165
31500
15220
11215
8015
6193
1175
32193
32993
5588
45430
35123
42334
26085
25747
48854
8950
4194
34272
23956
12524
2571
33595
36147
48401
26940
45622
351
29878
4786
32569
45720
33201
9303
18826
24808
2111
47222
4279
21357
15634
8633
20027
24879
17999
7732
23451
9208
25500
41272
18621
6107
29731
5302
15048
8872
4452
38372
27154
34028
36284
4434
38671
22066
6712
3122
19762
44014
43820
11903
37735
4062
13939
44825
32606
8009
41140
37918
4267
15028
15650
4789
41009
12354
37149
15945
5900
32063
42679
27739
7422
33251
48841
34643
28413
33799
39188
19109
47369
22393
13140
17208
11381
29327
28416
5489
1563
3223
3203
10985
3636
39678
6297
33274
20586
32709
49135
31071
124
3754
2836
7553
1874
22058
1978
40322
49382
46948
45452
30603
38831
11726
47454
15232
2159
45806
4792
49351
44239
2276
44597
16756
45369
9742
29391
27010
7575
48526
3826
44696
29214
29994
38853
33381
15513
17060
49655
42374
37593
23244
45355
17231
10444
37077
1237
9158
34304
6810
25878
20238
34039
44989
14951
22295
27660
23795
34602
28136
26025
45518
4440
39986
13306
20316
14950
11038
44099
44959
32390
47474
3730
37789
27554
9833
19419
27765
43210
4118
18370
43308
32866
19501
45794
8128
41785
49462
48352
9762
28644
25
31232
30583
18542
30146
46905
35904
37134
41622
23412
23084
34542
40617
19189
23370
18944
28722
16404
5723
15316
13331
41533
31835
37140
43501
39417
3861
27626
15810
9050
29831
47096
11468
23821
44209
7202
45140
41969
49212
42156
28490
12604
27126
33990
18029
30336
210
37992
12495
19731
4105
38475
31373
9530
5019
25169
29573
26066
21965
41287
32869
44872
26542
151
40313
20921
5182
14824
26135
16507
15492
24215
10012
15800
12824
17583
45607
28462
9021
31601
23521
48904
43611
960
30682
22242
15291
33173
33883
2970
48575
7250
6521
16353
32027
23502
26120
588
35620
33332
28651
32628
40521
11219
20482
44163
11439
13414
34765
23413
18910
14678
33948
1529
1016
19692
30001
655
3590
40767
35664
15084
31858
43388
14639
24809
36164
31826
38508
46587
39315
33069
32170
39034
28252
18909
39226
27379
11821
2310
24989
20487
20885
38864
11150
6832
22947
46991
30576
31405
26205
2112
40436
30323
39710
46407
9275
47484
46974
23616
41444
9978
39134
27329
39190
27937
48525
2888
37835
16285
39982
17554
33488
16611
28607
31972
18129
8545
18992
13344
42484
41309
14009
16539
40715
4488
44255
17684
31820
46469
33630
22002
49533
44259
48406
43977
20324
24198
40879
38396
45208
11459
3780
2146
36826
7516
6935
22260
36525
11539
44011
43577
49996
45686
47756
44041
43434
41331
34076
16440
1367
12445
45247
11101
39469
48607
44915
2222
32344
19092
16668
10203
23708
5380
11273
20115
27376
38197
49754
20160
27767
40396
29388
43864
13617
25493
35921
44972
17072
26513
33690
26139
32690
4907
49062
40047
13988
48888
41297
18021
32966
20930
32975
11904
26413
32396
34961
32412
37831
28504
30494
9994
18494
49302
34898
9197
7927
10345
30920
29426
19955
20597
14625
38917
34157
17938
4094
13123
16590
11780
28060
44187
25914
18974
25294
15064
47821
28374
31466
21806
26834
17326
24321
4276
23764
20193
16398
6686
10349
22236
35872
13500
37654
29687
12302
39028
8442
13932
10357
37887
28672
22767
41203
46156
12597
21846
17272
24519
2356
12852
31270
19482
22082
12031
1819
37705
903
15787
20689
30481
36079
29572
41379
1628
26429
5318
21807
41593
34368
22572
44131
27856
25039
4022
37231
18990
28749
7549
44068
46311
5376
36368
4144
22940
23605
18454
1154
1876
37956
13432
13117
40323
48929
33701
23955
15600
35900
29408
44422
45862
25913
5522
25382
6581
15498
19907
45895
30588
5419
33604
40329
6721
44062
49909
26476
49516
17715
28466
6804
37238
19645
42358
28860
29233
15294
16584
38470
22039
13596
40462
39617
15902
42577
27687
19586
49059
45141
27992
45165
42415
21719
31133
49639
34245
48184
31325
1690
24912
32010
23328
9928
25681
13455
12203
23105
44393
42108
36544
33791
38020
5263
27177
48369
44518
40357
41399
30130
1222
11363
36816
21908
20093
47728
985
21588
41350
29516
2043
3809
292
43250
9864
26595
931
15211
35561
34550
18070
19707
31933
38690
49353
32812
16696
42906
31025
43028
3412
11687
43264
2479
25067
18098
13916
6145
18256
37033
35499
14894
5718
1646
9161
13216
47874
43070
28776
13956
46765
37625
39523
6451
2774
23912
36478
30292
10001
8937
36188
12407
26089
8393
33178
39643
8253
49853
22101
42079
452
38166
8815
40096
26569
18025
37045
20504
1766
26432
38723
36348
34311
16409
11110
43415
47451
36582
12624
20372
26537
43761
8734
23917
34652
14679
5095
15991
21313
48057
17536
43069
14043
20582
4143
41448
30833
15227
47653
35983
46804
24249
49874
6093
45976
19138
2602
43117
25979
31895
47047
5176
26409
49459
40337
14830
26524
20003
32674
16475
26685
18965
43546
26478
48337
6968
2424
48974
10097
26469
18682
27971
23593
32125
4284
44817
19135
39326
32248
25940
32345
5148
34242
47624
9681
28432
30724
12458
19855
42209
47135
33608
10792
21560
5355
9923
40884
43302
28061
18884
11048
43477
27708
25828
39052
18217
44250
49034
16003
20501
33216
3004
39913
32768
1809
23762
21038
17191
10774
26634
2179
620
23582
43691
3200
48941
33594
43538
29798
11609
45039
33687
32781
34857
20021
37404
48802
42167
5845
17562
18543
28956
23251
39148
36062
9877
14098
19495
28056
10431
6987
16455
27095
31099
34091
5402
35370
34539
36998
32082
33141
37907
27632
4767
48400
20666
10889
8737
28482
35732
39808
9321
40316
24143
12550
25526
43871
17603
38156
2681
20853
48022
33309
7866
10253
16008
6536
7820
25641
7538
4208
33400
3521
10183
47354
46257
10922
33470
49464
9457
19641
42873
27474
14395
36880
3683
2439
33565
42859
35838
4377
18794
34075
9969
49512
11098
38297
17426
25475
44078
33528
42836
34644
10665
1259
23097
41796
42960
3686
22389
24307
6566
43973
46952
6025
38268
14981
10173
4948
41303
14457
37714
44814
12632
15962
24701
6795
8206
22709
3341
42391
31408
18816
3841
28322
18976
46334
22878
40170
23630
37851
49307
24728
2409
29332
29751
42790
24973
3588
9732
35928
4685
41326
13878
17566
35340
8256
17996
30011
19732
35278
29296
42732
34288
32907
22157
40142
11432
19675
41327
37378
1374
46306
132
32074
17676
34612
14039
41088
29640
31108
18676
3207
30057
35222
37796
36749
22266
19421
41029
25904
18604
38856
25729
1802
41464
7064
42013
15050
27385
16493
16863
15592
34986
21581
5740
41645
11445
34056
31780
41940
35830
49836
38181
22502
34265
48065
571
34805
33402
26461
36012
18330
19013
44346
28533
46307
45741
7937
25841
41668
36821
9477
37256
286
4148
25761
11508
13383
33517
49923
13611
16883
17788
143
20025
31416
23257
7159
15816
8436
39680
39197
34921
8446
15994
46743
25417
25972
8335
24145
40016
43905
34230
31396
38707
22100
31487
2650
9360
31891
44579
49119
36360
18596
43676
7720
14392
5711
8021
47479
2583
15035
35351
46322
37974
44600
3139
14084
6554
20240
9839
15719
46960
27503
8816
32534
4946
31181
4770
39756
4278
728
45392
13804
7648
10635
43764
38677
36943
18866
5381
36620
42077
1027
37825
15445
48789
2267
625
29339
25704
43666
11371
8171
23592
48483
31112
46868
49537
28021
14755
41778
41534
15612
38290
13168
2100
23135
44654
24992
48855
21612
38845
6888
45793
28032
24928
14604
25255
29360
2295
24552
41809
34716
37865
36462
2475
29965
42901
7959
44684
29103
20687
30469
39305
3724
48072
26800
35780
21358
1552
44015
43298
15497
46995
19489
20548
32970
44590
22654
15075
21424
42896
32080
43236
43594
13776
10400
34922
17691
451
31080
45575
38548
17748
12077
40760
44128
6578
39637
43561
48765
36310
9481
24577
17484
633
13802
20789
22828
44522
24289
18050
31889
10195
41160
10176
36192
24176
37426
43021
26333
46170
14984
30367
41049
28445
45582
7799
18396
28663
13753
40261
9219
4190
12359
46558
41516
39555
36689
7073
10939
21497
18005
25229
1722
48103
34775
49265
11404
28690
22525
17143
14547
20628
33411
12689
1228
38462
6127
4813
15390
20878
1627
30394
29898
20788
6447
43424
24724
35136
914
20310
49952
16064
34674
19228
6095
11792
37846
32197
42196
20945
9320
40856
1023
9237
4404
46092
21747
10738
34432
4550
19077
43157
819
30938
49311
28492
37372
34139
46124
48373
12222
22345
4235
1944
16713
15440
31629
43459
72
33405
37822
43688
21756
7975
9126
36060
25595
27437
47934
4546
13479
6537
32434
1484
41936
23939
15983
18257
228
35614
22926
49623
23706
29456
31334
37351
23066
39867
49412
33091
6005
13921
1531
49813
15631
27454
24049
20706
25035
39010
30739
13076
1126
30953
12684
45164
35087
39031
26103
27651
28277
4450
1955
21125
37933
30100
32334
26966
48710
22328
29767
22347
46273
42046
4309
37106
29089
27087
36922
5583
10821
48519
16069
20771
29009
46622
42778
13683
31792
9977
46473
32855
13754
19019
31753
19184
34415
33785
27567
26272
49129
45543
43353
28236
1642
17282
12781
26366
6938
40041
48277
35208
6768
2871
27563
7348
32707
18336
27602
17118
26611
