4
7
29
47
94
233
247
269
286
294
331
332
351
375
390
429
433
446
462
501
522
530
545
548
568
603
616
624
668
687
690
717
757
775
796
804
825
835
895
911
935
979
981
982
1026
1066
1116
1130
1159
1221
1225
1270
1314
1352
1417
1452
1495
1497
1526
1539
1549
1560
1578
1594
1607
1648
1650
1658
1697
1702
1712
1717
1726
1733
1763
1806
1821
1962
1995
2006
2033
2070
2112
2118
2131
2173
2180
2209
2217
2229
2237
2242
2243
2262
2277
2280
2290
2329
2416
2451
2452
2485
2486
2513
2520
2543
2591
2604
2612
2613
2631
2678
2697
2711
2715
2721
2726
2734
2779
2784
2790
2793
2817
2823
2841
2869
2877
2897
2966
2972
2991
3007
3014
3015
3065
3105
3113
3114
3154
3176
3177
3183
3217
3226
3235
3238
3261
3267
3289
3307
3328
3334
3363
3374
3420
3424
3437
3493
3498
3557
3598
3601
3608
3611
3617
3681
3702
3716
3726
3745
3801
3817
3820
3835
3848
3851
3859
3860
3876
3881
3922
3927
3964
3965
4010
4048
4075
4082
4137
4165
4171
4175
4227
4270
4312
4317
4320
4329
4354
4378
4394
4399
4423
4438
4443
4529
4558
4579
4637
4670
4712
4727
4733
4772
4841
4848
4895
4923
4926
4956
4989
4996
5006
5026
5044
5104
5116
5130
5163
5183
5189
5193
5196
5205
5209
5210
5223
5235
5239
5256
5259
5291
5320
5336
5350
5353
5402
5403
5411
5480
5618
5625
5634
5639
5672
5692
5706
5726
5761
5779
5795
5799
5815
5861
5899
5914
5924
5932
5964
5973
5990
5997
6008
6024
6026
6036
6049
6069
6105
6115
6118
6133
6148
6164
6210
6214
6215
6253
6281
6315
6368
6392
6425
6432
6465
6516
6539
6552
6596
6602
6607
6608
6616
6639
6645
6706
6721
6740
6754
6759
6835
6842
6856
6863
6870
6879
6927
7017
7028
7057
7090
7141
7186
7199
7213
7249
7255
7256
7262
7303
7352
7356
7357
7367
7383
7400
7414
7437
7451
7465
7507
7512
7536
7548
7571
7617
7640
7700
7776
7791
7867
7874
7876
7883
7893
7985
7987
8019
8063
8111
8165
8207
8213
8273
8284
8301
8338
8356
8357
8380
8397
8402
8404
8409
8431
8492
8517
8590
8642
8644
8691
8701
8713
8757
8768
8817
8835
8902
8905
8936
8944
8956
9055
9110
9114
9142
9149
9150
9173
9225
13217
13156
23139
10748
34697
21890
20391
45016
9056
25020
3103
45567
16272
35366
18961
38347
47266
15524
28335
10370
6922
29555
36648
27442
28105
20497
41579
25463
13774
29410
1476
45084
10112
36550
14643
40386
14451
6656
22037
40987
16800
20168
15423
36258
17515
40537
27371
25007
44423
47680
40971
38908
25300
49594
14311
37081
34376
493
606
22596
42652
45077
28352
47532
45201
7777
8848
39484
21498
41091
25993
35037
21418
41445
33693
12210
16250
1901
42539
26344
23709
41532
15275
24665
23936
35076
9048
20381
28821
38735
43145
206
46207
29209
22089
28538
10846
23578
27099
15183
49426
21137
23982
29007
644
1301
35803
9646
49494
568
44483
39905
15905
8794
7428
23361
48962
32771
19125
24146
41006
41911
28688
16577
30165
12424
498
19619
21150
40145
19031
43167
28314
30747
7357
2597
6589
41439
2084
13997
11804
18551
16089
19143
3366
44448
39964
12280
2511
35850
27465
12628
44220
16810
40655
42606
18719
5125
24381
46
34778
27802
1394
15710
3911
10832
46147
41525
947
22499
39965
36208
506
17461
27625
22503
41257
7102
7130
45780
32860
23900
40000
32003
22001
18007
14900
23504
43932
690
10655
9863
16275
39023
27330
45030
15451
28822
2496
11664
20911
46520
31329
27318
38075
19764
41032
29133
42305
17112
33217
30418
47987
5759
40595
23107
15742
35756
14662
22349
28476
30661
49886
33390
11971
31957
7177
49616
33845
2802
21333
8779
32402
15646
7378
34832
6191
42413
42210
5635
18471
26818
14378
44235
35440
38744
14722
19911
17626
25438
20311
39974
15988
26320
28941
29765
17031
21180
19930
45329
35344
44841
29792
25685
44198
12276
9717
5387
27656
24678
578
1240
38719
7324
19484
34153
22636
61
19616
39811
20554
44273
25596
12185
27716
38646
753
5666
547
39848
32736
28041
31587
4444
48612
24121
15662
9561
17746
38152
28623
41742
6683
21245
13647
3009
7495
9400
1103
39250
9335
22675
20736
3062
23198
42490
30238
12946
44870
48669
41279
37235
8540
38929
27829
19810
13323
35106
3781
15702
18844
46718
5099
1251
24024
22867
38946
12350
34721
24161
39141
14384
20536
19351
46173
34810
27745
15966
43638
24520
22072
6899
49590
26450
35357
38452
40713
16286
38795
22747
1064
9095
17752
37650
34176
43668
16474
39824
30750
34700
44080
43214
10035
13713
23015
1790
16813
47026
18206
45097
13852
26093
9365
37799
21871
25682
19745
8796
25405
65
33198
22221
46786
47280
28086
36343
34809
20549
7597
35840
10714
18345
26295
31323
31011
40935
13858
45214
8216
6733
15460
38266
9610
24541
10276
978
2752
5301
27953
23648
23332
20914
27405
41963
33105
31138
46893
28810
26290
40423
38682
42437
31604
33772
33085
8884
20453
13366
38177
24936
38463
30245
364
2769
41602
5459
6285
23529
5841
9993
11686
45923
24767
21293
16066
22818
44777
41768
16753
44168
34911
40808
26141
3620
24762
4172
18518
21984
32847
6489
15506
23127
13158
29808
41114
49613
14067
41433
28598
40472
24292
26614
49769
11817
10363
47088
20970
35945
261
29277
37687
38261
44537
16029
21529
24602
42341
19310
24151
23195
15195
16325
43050
6813
40118
8900
7832
39652
14425
15461
45988
30083
49040
29029
45099
3840
33351
28798
45370
6967
4299
49977
37092
22163
14676
17205
565
32959
21870
26935
20750
6120
8124
33625
34258
25718
33059
45600
8938
25044
5567
27284
23923
49060
10387
10644
49230
28362
20056
33305
4230
28196
47540
10090
37309
33194
24620
2072
31282
48640
32737
16543
42498
25600
5983
36028
31319
13444
35884
26350
22108
39735
49554
9583
19046
11444
29203
12919
6659
4944
42954
12999
32681
43935
13994
14721
12470
19002
44971
46240
12856
47495
22829
22372
13884
22930
7977
28276
45028
31694
31599
13843
4533
27268
4565
9252
45316
30316
2052
49362
36053
38257
27089
64
35910
16990
28344
39349
47926
20777
44876
13129
6908
41607
28127
15814
5287
25479
16723
20616
37027
44589
48441
2180
8350
6371
20764
24294
30050
13849
40964
21199
11543
7722
23711
6819
49973
30821
12881
28220
2455
24975
11223
37913
19886
30865
22335
8855
10249
38902
20933
23052
46859
3555
3257
11515
40003
46514
396
31208
38084
41563
20781
41259
31786
35728
41087
3120
44966
5311
38725
26404
19500
22500
25150
26521
21877
44311
34287
28045
33122
17244
7289
25619
14381
49021
30768
24247
15557
33392
7288
48539
44030
36594
43789
15306
10420
482
20376
5197
34673
10403
5816
12923
37320
48312
8573
26637
29270
26288
24616
22270
9534
16252
20649
18885
14300
16834
25071
12306
35355
39195
4803
40092
19867
42081
39749
36546
20557
7124
42726
38482
34871
6109
42282
49663
4648
2800
33859
19769
97
37179
35789
30650
30407
37303
3899
24043
33941
27143
34850
16745
3399
21604
36929
9549
21624
25280
4013
29536
29212
16400
42130
26467
11427
26870
21270
22906
16006
1781
5202
23662
16673
29952
28081
26498
47686
16490
19063
37269
25915
6534
44613
14871
17017
4932
17384
7381
12551
44415
3678
18594
25181
47704
19242
44598
5747
26310
17673
19533
28840
24463
3386
42758
14874
42912
27195
48915
10569
30810
12766
29807
47588
21206
33292
19572
44625
19760
34598
212
37354
35966
42684
31657
47113
9932
27538
22054
12100
25279
7913
3072
48820
32886
37030
7352
48021
9988
33970
18639
19947
40749
42927
15797
8427
45105
44134
38571
23806
34637
7300
12849
42913
35070
12384
2568
13301
16128
20199
11585
32988
17457
35081
36907
35174
28989
11308
43206
10964
42392
28643
32486
28873
17772
35878
28763
11000
38812
31988
33181
10022
40678
35666
43317
34278
31288
35011
12594
41529
6349
32623
33751
6495
27989
15114
45040
3851
7374
42119
9837
34720
13523
21331
46966
27260
29325
561
13374
20162
3984
41262
12629
16310
13701
2362
12622
13821
32189
34962
46547
29447
21328
47701
46544
34090
21369
23032
3212
6931
11367
36445
7709
34069
18415
7992
33114
32258
33307
12232
15469
1153
16017
35371
7214
41133
21563
10054
34571
45466
25046
48215
40520
37666
19546
11132
7442
5144
31101
49356
49526
2283
49629
34530
16848
2185
18994
24119
24280
16063
28876
30227
31151
21538
23151
46328
11109
21796
13056
6673
12537
14713
49313
12389
22093
40185
49913
28383
26257
427
11264
4764
37618
36813
44520
42918
42978
41979
32202
24566
17856
2615
33745
31776
4661
45910
23311
43797
33399
8622
27970
5811
9781
5282
9480
48570
23850
15577
40967
40484
42877
18093
21971
34400
27132
13944
16233
30693
46906
14512
27052
8801
19181
32294
4185
45118
33615
7448
29894
39192
49022
36935
38231
6820
22472
8548
23156
46135
47582
1551
33250
44529
42352
9043
16679
33207
39892
4101
24539
7342
13262
13065
24680
4909
2841
14367
13462
19499
24466
31268
20331
23345
35649
6446
15883
5572
37505
41653
23192
1731
40573
27506
8419
41502
43585
9372
14055
29874
12388
18458
37098
29911
40656
29231
8228
27273
29905
9997
2584
48375
3734
34453
36844
15783
3387
16248
23423
12049
18495
5181
22145
31890
42402
2394
43854
37596
4917
22365
22936
18057
20304
34794
13470
15315
38333
524
9774
24191
37630
28848
24873
13740
40972
5568
7475
27994
27731
35264
28248
14518
33164
13952
47564
33505
39437
27773
21423
44395
27178
45195
4739
17901
250
1293
26080
304
31113
39792
23116
32811
49919
4099
33241
7176
4390
8174
8791
24828
24932
45565
26465
40207
42237
23635
16765
29522
41888
17169
1548
31583
25567
15151
14498
11546
5722
35356
43480
48128
24527
21215
44204
8576
45769
36872
20746
47213
6703
25459
24515
41489
3871
9539
22816
16947
36298
6231
26789
37847
30673
14247
11696
27905
46330
39234
6122
43865
37590
40759
29473
38037
48840
30269
32983
35757
7774
14546
31126
26843
11920
22451
17136
39118
28394
46323
9138
17950
43207
26115
47178
30999
22824
24428
17030
37259
12348
10910
25974
22754
34164
37830
9266
25874
40615
17964
47453
33532
41105
44993
36067
22817
16629
39490
8566
12676
4664
7953
27228
19265
42410
35799
13768
6269
20047
24863
34791
23012
42287
21196
14995
20042
30696
10458
39825
45685
40958
48000
10100
8893
36593
21848
26712
33237
49998
38028
18879
26636
5895
23425
22382
23428
30446
17274
32584
48728
10693
15574
11403
2828
49733
23006
14182
23275
41701
49716
1377
3990
41519
14481
12247
45406
12929
42425
33734
676
26315
30902
34138
33261
15518
13505
31352
15897
13509
14461
33939
26292
29953
46588
2827
15559
49075
35810
21416
36379
18526
17734
37296
10571
26294
34540
36236
19564
4360
49999
14448
11663
29117
12719
43064
4244
24480
33440
16956
23277
44571
38157
22532
25162
37849
16158
20680
893
19628
41404
7529
15299
23431
27576
26241
10824
49873
34052
33118
38260
17312
39353
13191
28393
42707
43371
25165
13543
11196
12982
33112
20988
33252
9017
11646
25611
13488
25137
39402
9327
30840
11242
879
47182
29710
46731
9884
9113
42150
49186
47288
46177
13468
27942
48515
37743
7821
14978
21985
46206
48954
49084
37213
14519
39948
43457
20931
6420
34548
16087
5207
30949
35086
49163
15261
21104
23500
16036
26433
5939
16410
40152
28626
28163
41322
18388
17548
30135
48036
49509
28937
16682
47365
21938
43684
7540
20907
34108
21795
44272
4261
30458
17539
20074
26578
21547
20856
7370
13845
13877
31241
24595
42060
4945
48141
29552
6915
42834
44620
6955
22394
15462
49066
34416
11683
36591
43969
28175
39291
29068
2286
38464
35145
22763
39352
2428
1578
27509
4265
10771
12920
6725
45324
32749
12170
16710
45258
32827
14201
22553
20742
15633
5791
2005
44185
2389
3735
24591
28096
37153
15363
5460
12963
39240
41617
46051
44889
8432
48496
34442
5334
21080
32462
24329
5959
48185
40220
16211
22111
8571
29829
45979
43217
22762
12169
40751
48644
18698
20486
16766
37494
14092
8607
7707
15867
10352
3523
15748
42805
42833
13037
12303
17397
4206
7018
4625
47237
49932
18625
45768
33754
35914
1037
26746
2046
49173
6078
9946
19481
29703
2795
119
34890
34618
40758
46408
33126
