39
122
125
157
160
175
176
220
224
240
253
318
326
329
335
363
370
434
462
479
482
486
503
569
579
600
640
668
687
725
749
789
793
810
845
876
880
893
902
995
1038
1056
1091
1111
1146
1175
1194
1197
1212
1216
1221
1233
1241
1257
1274
1342
1352
1358
1381
1387
1442
1462
1474
1515
1551
1563
1614
1621
1638
1642
1647
1655
1660
1729
1741
1768
1799
1812
1816
1819
1827
1837
1853
1866
1880
1933
1943
1981
1989
2018
2020
2046
2062
2073
2152
2168
2169
2176
2195
2197
2201
2206
2214
2242
2246
2250
2321
2338
2398
2421
2454
2471
2480
2505
2512
2515
2525
2538
2551
2566
2624
2643
2646
2668
2677
2711
2739
2744
2851
2884
2893
2905
2941
2971
3000
3024
3034
3087
3096
3143
3172
3249
3261
3274
3276
3279
3293
3396
3423
3447
3452
3464
3510
3536
3543
3561
3630
3658
3672
3719
3786
3793
3825
3833
3864
3877
3886
3897
3901
3908
3935
3937
4012
4074
4093
4101
4127
4180
4198
4270
4293
4346
4359
4370
4447
4463
4472
4475
4486
4487
4494
4500
4517
4528
4543
4546
4578
4579
4583
4599
4604
4614
4665
4678
4712
4720
4721
4726
4743
4780
4817
4865
4873
4883
4928
4973
5014
5031
5038
5059
5079
5127
5171
5179
5180
5183
5210
5236
5248
5349
5384
5460
5497
5543
5554
5559
5612
5639
5649
5687
5847
5848
5850
5866
5879
5893
5905
5960
6010
6073
6083
6102
6114
6147
6169
6231
6244
6249
6339
6367
6447
6461
6469
6499
6505
6521
6548
6552
6559
6566
6610
6618
6645
6704
6710
6723
6735
6796
6814
6815
6818
6858
6868
6970
6971
6972
6997
7049
7063
7096
7102
7208
7232
7245
7248
7280
7285
7290
7306
7323
7335
7365
7419
7435
7436
7448
7454
7457
7463
7487
7538
7546
7633
7647
7657
7695
7731
7742
7783
7790
7805
7806
7820
7831
7835
7855
7916
7933
8024
8044
8087
8093
8197
8200
8260
8320
8338
8361
8386
8412
8439
8483
8497
8505
8523
8546
8582
8593
8596
8611
8629
8663
8670
8719
8732
8751
8797
8813
8879
8897
9009
9011
9068
9073
9074
9087
9088
9121
9131
9151
9173
9174
9192
9195
9208
9316
9337
9343
9359
9366
9367
9380
9393
9414
9515
9520
9528
9545
9551
9587
9614
9631
9684
9693
9727
9744
9773
9826
9832
9862
21090
14304
42234
47481
21163
36173
29531
27470
5584
18510
1354
46686
45119
36125
19963
4633
33842
39655
44918
29730
45647
502
20621
19453
42848
48694
19223
23950
49560
36583
44739
49179
10801
35638
46967
46214
14174
48222
1180
14435
49093
9199
17043
6133
33513
35722
6857
9678
35363
27049
17757
3253
24136
37111
41681
39248
18191
28827
19473
33984
12212
4732
14404
4220
26051
29650
19001
25982
4549
21526
40371
15303
24935
35226
15888
22322
39857
39931
22726
18987
38001
8362
41454
39312
26792
25295
7948
21590
44256
44867
8010
47674
15673
31926
11286
14195
42821
34488
17262
31237
10968
4518
12448
29948
11587
47816
9940
46642
26234
22897
11471
39610
2079
38022
24399
6323
27266
48549
20038
5016
30480
49756
4811
10885
38007
47180
37820
27823
46000
21500
33834
10412
41716
463
2237
46202
8324
27517
9992
3291
27948
13318
1884
35537
34928
46405
16743
27704
18376
8750
23788
11921
31361
15376
15638
11326
32166
43057
44948
17538
42045
21189
34495
26786
19052
3608
22032
5290
39928
9175
48493
14715
1523
17972
13413
30584
4109
25593
27743
23442
34062
20793
2269
15289
21018
5410
2377
12753
18886
45193
12191
8166
33445
42774
17818
800
45660
9757
31035
19337
16715
10457
35488
37934
22495
34630
26803
28856
46607
34187
34609
13757
42588
9290
17122
16057
30878
39535
40900
27072
44766
23673
9475
5634
19985
43312
7714
49972
46115
29728
14299
12421
17915
41422
49724
47010
11202
47872
20005
37321
45042
24373
43261
38638
23264
9368
7633
12070
35958
37339
13243
38861
19888
35420
9150
11006
30680
29907
27597
11973
22864
46527
4154
40212
20579
33899
40225
1929
18757
38096
15869
17217
27399
8585
2467
32687
46795
32477
19231
46983
24223
5219
40305
27973
2626
10612
43244
19615
33602
539
7890
827
18948
9168
37515
31041
48323
425
8121
1798
32705
49721
27081
38046
14814
17693
4679
34071
24007
37127
28673
7661
5240
42091
37502
36832
48973
21131
21099
1768
35477
3299
46530
26155
43607
11528
34393
49686
37840
9790
14314
23495
18242
673
13675
2878
17571
21550
23288
45424
23656
36502
30312
15109
30117
23530
11156
1606
35319
46541
30365
19130
41930
44510
22561
44783
37137
3511
28893
33032
44334
45200
18053
27546
23951
35734
39901
41014
15118
16462
37315
17690
10391
22441
19729
559
27333
14426
34449
6023
15468
1609
6414
14887
44879
14583
6772
34974
42193
11354
34497
31562
9348
12602
21942
775
5506
6638
23775
16833
8770
3645
30325
46125
21981
25543
12656
31191
7635
38971
34654
7807
19734
49573
44195
15899
10093
4257
2121
49328
24019
13770
4771
3791
31293
29681
36426
48365
9712
10628
40213
4471
48259
32582
26663
33134
38459
19108
46491
41912
30144
5111
23241
121
37008
35157
7850
48082
11538
24465
30045
15598
46284
30694
11746
37766
22104
15929
40716
1050
44344
10498
41362
48287
9954
18901
23188
49877
25400
18146
31546
44038
20468
8195
2044
41604
41512
21867
26279
29448
46114
1285
2826
48783
43747
22810
40163
39580
36920
18149
47800
31550
21836
48498
31531
9986
3845
16176
39520
13955
13655
21711
20019
40994
3692
28403
15173
42014
46315
1184
19376
43702
36658
29297
39110
4122
21433
19695
19153
18184
34203
46373
18790
14012
4209
22014
37015
36785
34555
17064
30214
11270
29389
8706
40342
33987
19901
7525
40463
14062
17844
4830
2343
37343
12667
12376
42428
32470
4431
1533
34873
38546
403
36972
7797
18143
24030
44467
19224
31002
46299
15585
9089
10660
26855
8843
42090
5215
14317
32991
47956
46800
47452
2875
32467
45662
12536
33932
40566
5727
13752
45341
49106
19070
34325
37781
6856
48531
39436
7151
2678
23123
25415
21746
36921
21487
27103
20077
10436
9191
9137
8411
14569
7974
32321
38565
36137
27477
30787
19714
4902
37278
2080
1009
26187
27729
20633
12790
33310
42472
5992
30254
1614
12945
49049
6549
8800
16570
16446
43041
36009
4367
3012
24254
44048
43658
31721
35616
13820
24218
42468
26630
37336
3982
43930
29678
37277
17826
13228
32604
45588
10461
36092
39478
9716
45893
16303
20073
18234
24777
18753
11193
44193
26588
31401
6028
35466
9144
16732
23315
45710
48391
17749
40372
43966
45822
36622
24739
7877
1129
8485
5064
13891
1146
12137
5656
25861
26641
1107
45738
49274
8641
22708
15230
42120
21765
17689
9227
48873
44512
36382
25467
43331
1497
13431
35519
34413
25095
7616
44070
36863
12710
45238
8713
43287
40017
34608
38766
42345
34181
32482
41312
29433
34651
31057
12549
43478
4853
8881
26242
16406
20145
23181
18457
2387
28872
8789
26768
42542
16208
25646
45494
15529
33205
9162
49558
21452
45606
15975
27091
7216
42185
47
8186
33550
43116
48835
14175
39185
48095
32045
48427
19298
20323
45940
10360
22808
24706
21076
40217
40995
3321
28564
12651
40231
19815
37403
138
4841
38060
46481
9597
23074
41199
34600
46467
42489
48404
49297
43095
6558
26414
28164
30786
4014
14459
30631
11198
35936
17892
44648
41018
11891
41856
40452
40403
31394
30096
43593
39492
4056
42536
4700
29563
42532
18888
27356
38502
48553
24535
40126
10588
5979
44595
10901
1084
34115
31318
47316
6369
2993
1576
2538
48480
45050
5343
28551
40084
25512
42990
48354
19057
22211
34968
10280
27326
39145
6802
45951
18138
34735
43365
24432
36197
30315
12711
35010
30511
17487
18733
37925
33263
28026
5717
43503
510
13007
4038
34620
40009
48989
24199
975
3254
20183
7026
49549
21285
1492
49156
35360
46837
2741
5862
11455
37742
49101
3193
20696
9827
8366
41423
11766
36402
12471
35740
33047
27580
12058
41194
41662
45997
9635
37811
45120
40865
43795
46728
39854
36675
3436
17887
31532
4138
10608
23588
31294
17373
25528
27430
21348
25928
21973
16034
36152
17761
29636
34102
29229
25626
27001
34836
31941
41556
2378
22841
15054
19435
44995
15443
10409
44238
4378
37594
34373
11089
17832
26696
6805
33632
24322
37435
45855
30403
22446
28348
12720
11194
18040
13397
586
21654
38746
18674
19845
6106
20220
31691
45203
3325
39273
29415
11992
20754
35871
40841
25628
1921
41401
42775
6843
14720
4677
29249
37684
21504
10083
3297
423
37368
47260
37560
34200
18588
35824
30021
20216
9194
9038
37828
40209
3161
24773
28173
25101
12338
16102
49527
3390
8726
8322
7596
24166
5889
10512
33508
31809
35833
30726
49666
49290
27863
12501
46943
28970
26110
18285
38520
8037
41325
12703
28933
9440
49784
1812
20845
18086
7047
13727
26274
41865
36825
24429
6427
48364
5660
9078
44627
39008
46106
37208
35031
30317
46931
38150
15977
31850
25989
10440
37255
44670
6026
24835
35306
30654
44218
3455
18210
14769
27884
6467
4186
25536
1793
2742
12473
43154
14658
44523
144
6230
5746
23719
32036
26266
47903
35353
19392
22020
41644
20226
9053
7209
1677
17981
15065
49432
6757
30746
9631
26992
13250
42928
27764
27325
28680
23138
29625
29673
33276
6236
22168
40236
42601
19157
30663
20055
42986
35860
22114
2983
48244
32711
38129
35065
14063
31285
6210
24467
12924
47034
28708
29988
48739
17817
13290
33890
41890
16662
48800
26128
6097
36447
14739
12200
7522
30239
13433
43010
38434
8740
47273
20138
21162
36481
47491
6041
46661
18612
16742
41802
7952
31467
37745
48205
20029
13071
15369
1918
48499
36469
37578
47548
13848
47803
11478
27328
46589
33084
32377
38352
1971
26976
35901
8610
26096
19287
47932
18788
28948
8017
3245
1040
2491
12166
42112
39951
31418
5132
6520
36699
35686
7275
32639
6996
11385
15820
12940
2682
8157
26390
23347
25956
46516
22012
19551
32291
38560
2702
4113
31882
17419
42861
26119
45803
9437
20651
31177
43361
4370
38054
27980
20212
43421
42168
47750
44495
28114
34611
39648
23677
22780
7106
29470
17745
20560
49471
46509
48417
23642
48314
22843
28377
4819
45967
41295
18586
16266
15754
21656
26961
33042
19039
4090
11362
1409
6018
48090
2091
23537
4806
2927
28521
35451
14672
22074
5417
48721
21446
43216
26398
6606
3558
5712
40444
41763
820
35959
13879
41405
4604
35955
11923
49331
120
3769
5340
47152
34293
34981
28545
18756
14697
32127
20061
41321
12398
1065
38480
26760
41411
34866
43631
25030
17362
35111
17702
48015
5087
29087
23283
32587
648
26223
20266
22122
6884
25183
34669
33218
885
16671
35792
7340
24994
13448
36095
31492
16215
3662
44831
39309
5871
12638
218
44216
18075
44540
11252
39881
21102
45532
44539
40244
48388
21490
15091
513
44203
16900
8865
16312
33777
44660
8395
35823
3488
26219
38457
14988
37549
31496
10926
33350
46522
6477
47727
10474
28176
46832
47668
11811
37952
38349
28611
630
43572
44909
45005
15212
12678
16123
35837
13777
29612
24074
20671
10378
6616
16279
11825
39540
27308
13759
6801
27795
40720
30466
35243
2346
24962
26629
36072
16571
24857
20859
26773
29162
11168
6305
14770
14172
22672
16306
36349
8092
33379
14899
30251
14114
36835
12877
41236
35723
10180
30286
25665
48012
20285
20149
47353
25484
4971
29658
10959
16232
48002
10594
33621
2907
47368
9588
44658
16530
34463
36355
15658
19700
2476
23918
10866
17850
22373
37969
4748
1745
15907
28934
7840
2759
49397
48733
48414
288
18084
9016
19428
38030
44774
803
24719
45849
31501
13300
28618
11730
11789
42227
26695
23653
46957
36585
43961
30108
8676
3669
3019
14761
14774
4880
13814
2799
35656
26176
9484
31997
21399
36398
43898
19694
19558
46562
13837
24500
14811
5184
7783
33854
2354
2557
25602
49449
49282
41990
17682
2860
33135
49736
26146
25887
44159
23340
9556
33851
28734
31280
38745
40828
15940
45529
24403
14812
4017
28518
10018
21886
17117
35075
28399
45639
38801
17561
27492
7037
29303
28357
13478
40288
20850
13639
10591
9858
21491
49053
24569
30224
15696
6621
8682
18419
47632
29363
22275
27560
24016
6126
15789
24865
24927
27097
26956
44181
45864
30352
27800
17194
26957
19267
6946
9446
6334
23636
36468
13819
43319
26577
30454
20805
19343
7477
