11
37
38
40
52
99
136
177
190
197
203
235
242
297
337
393
402
410
475
503
526
565
603
618
638
665
673
705
755
764
771
805
822
843
854
873
876
913
963
974
1011
1025
1043
1053
1080
1149
1156
1198
1208
1214
1272
1273
1285
1298
1344
1402
1423
1475
1479
1500
1502
1527
1619
1640
1642
1671
1708
1792
1850
1855
1864
1992
2026
2061
2089
2133
2160
2216
2222
2246
2252
2255
2282
2298
2301
2329
2338
2348
2354
2360
2474
2476
2500
2505
2514
2561
2566
2590
2611
2633
2645
2657
2664
2667
2732
2763
2764
2818
2871
2880
2888
2962
2964
2986
3024
3038
3077
3082
3087
3144
3149
3201
3269
3271
3276
3286
3301
3374
3411
3429
3445
3464
3467
3522
3551
3572
3596
3649
3654
3692
3696
3750
3766
3795
3818
3896
3914
3958
4004
4088
4094
4098
4113
4140
4170
4202
4210
4234
4259
4306
4382
4409
4427
4496
4538
4567
4574
4591
4648
4670
4691
4788
4793
4803
4850
4852
4857
4860
4887
4906
4910
4996
5064
5087
5116
5148
5160
5182
5246
5270
5271
5275
5320
5333
5353
5365
5370
5384
5391
5429
5444
5484
5493
5501
5571
5605
5611
5722
5744
5758
5797
5835
5869
5893
5929
5953
5961
5983
6023
6028
6029
6050
6059
6105
6120
6127
6209
6232
6255
6346
6368
6380
6385
6400
6401
6469
6495
6505
6565
6584
6597
6605
6606
6621
6642
6652
6653
6669
6708
6740
6784
6796
6828
6865
6874
6897
6904
6915
6918
6954
6982
6984
7017
7026
7029
7037
7103
7146
7162
7201
7234
7260
7270
7279
7314
7349
7396
7397
7425
7482
7507
7549
7550
7619
7658
7748
7750
7791
7823
7830
7836
7859
7907
7912
7916
7918
7939
7944
7968
7988
8008
8084
8086
8130
8135
8142
8145
8192
8256
8295
8301
8306
8322
8367
8369
8399
8415
8493
8501
8547
8564
8619
8665
8698
8707
8709
8726
8732
8755
8766
8797
8838
8870
8954
8962
9032
9040
9045
9083
9097
9106
9155
9198
9243
9271
9292
9294
9309
9316
9324
9387
9396
9412
9415
9417
9430
9433
9434
9445
9469
9498
9542
9568
9579
9642
9653
9656
9673
9721
9726
9747
9801
9816
9831
9859
9865
9914
9933
9974
9985
10072
10084
10121
10122
10126
10152
10225
10228
10258
10297
10311
10396
10453
10513
10514
10527
10542
10543
10544
10589
40216
32794
49958
46555
27317
37445
25934
4177
18497
35154
49083
13189
16538
38068
44219
1864
46838
38976
43776
11268
22512
11364
4934
2505
17164
37773
20131
10518
11556
3177
2376
1281
33428
44047
35754
49143
8067
37135
45057
10870
3756
25649
1700
1076
6732
7123
39599
33031
6198
26323
46349
9702
1803
11344
48426
15321
46196
17615
31633
21287
27142
19681
29887
16522
48402
46880
1962
17098
19255
3472
13678
2521
33511
45947
7469
24839
24060
31161
49032
30708
46002
9345
17541
7500
28437
33955
28983
42779
47478
20269
8422
35960
20932
33008
13976
29488
45467
26770
8656
49701
19025
16928
26116
39272
21
15741
41330
37675
24208
48629
46231
27136
5918
32558
8629
14380
16363
17699
41394
15642
24317
14575
35669
22565
39461
8179
6284
12391
34779
46417
4128
25535
34486
26564
33714
40891
10967
20033
21053
12707
19388
18942
8259
40078
3172
21712
32230
26210
46512
30452
49325
48798
26399
7804
43295
49742
20050
43123
37966
45508
30013
35215
17074
47132
42382
23594
922
43257
174
7487
17658
15361
7835
18499
46424
39
845
22505
4139
37951
36601
21085
8224
11458
5720
43968
45209
7603
23235
19455
8082
15156
20337
24847
25825
18324
41060
801
14817
34501
44173
26688
36518
45625
4266
27233
5007
44673
22007
1555
18393
5221
13873
32936
23322
38945
23145
37429
35223
36273
774
10753
28067
26253
31978
29273
48931
13826
2042
47196
10488
13053
35481
9760
44020
13170
32527
36772
13552
19920
19607
36554
23913
9248
47902
33275
8041
19352
44456
45351
49609
36647
32686
31460
28513
6324
20601
15175
21640
18414
9842
40433
24562
3617
1257
36926
30986
49906
11938
25716
49626
40737
40335
43737
46688
287
25384
34047
2527
7309
21351
17067
9694
27735
34952
2386
28237
29467
27090
43411
8598
7789
28529
10942
38894
40888
2425
40246
4908
39941
26407
241
24364
16536
3461
22832
27665
19117
941
30159
38360
23922
39428
37180
20067
49233
14321
34029
49632
3355
21552
34822
26707
44276
80
49386
36036
40326
34901
45275
42997
9129
48599
24869
14232
27761
20868
10310
38275
24871
5023
4087
37311
8386
3709
12366
12111
8822
41594
29705
4243
16438
25705
30784
26689
29960
19422
28819
3956
39194
31913
13822
46815
15562
36973
47526
26022
25073
29011
23483
42141
24100
809
14543
14253
17863
35040
30059
49223
38647
9371
4414
25055
45217
8330
14703
16604
19631
21326
33101
26161
43497
34865
13287
21672
15138
35875
25214
34593
41910
29012
2198
2011
32980
49922
3376
11836
45754
24903
39024
40007
3546
11307
11103
26336
39438
33168
44628
14108
38706
49157
24803
11492
41446
27418
479
22923
40668
24384
42496
101
38609
21727
24669
35016
38085
22768
49273
42558
4174
27662
16495
8029
7128
48443
46062
9300
49299
44381
21990
21686
29021
9164
47462
16339
17144
34379
42646
27433
44103
47812
24691
23942
27432
11617
35913
44808
785
20184
7224
19864
46855
38912
26539
40227
47075
32054
26534
12681
36725
38879
35292
41951
30055
27138
30880
27585
40160
41872
22664
42492
12783
9912
3351
16421
2137
23417
25706
38684
20522
46425
49499
18188
36476
33972
5450
25257
1041
30789
48585
32732
40155
22223
24704
30806
20255
28356
26906
5598
31194
25943
25184
3834
13530
45026
35128
23992
6492
28109
39398
14148
45053
869
15217
24077
32982
28020
1961
44084
48248
10937
43716
36157
32160
43084
1737
39979
18520
21864
14685
16528
48946
47100
19544
48657
17646
21373
36761
33903
17413
24597
18960
2648
17831
33882
25545
20289
35715
26859
19245
38209
47204
13297
8133
9485
33329
46325
14373
33210
16452
34581
5896
6716
49336
44383
34317
5942
31198
5008
49322
35532
8599
28330
13593
38229
33318
12798
21724
41992
26573
27963
14800
11969
18970
38215
29685
28669
36970
29662
40907
4025
12436
42737
12091
29442
6045
5541
23314
15383
48601
12145
11195
4033
9020
41497
32423
30015
47198
12118
4855
42176
4388
22489
22231
42373
41144
42482
27351
24618
2696
23033
11736
17137
22453
48170
7802
9393
24726
33280
9720
49443
25958
19183
36145
30115
38200
20505
36351
48763
25676
33409
4437
16907
13991
40950
4302
40263
49807
44562
36676
39140
17195
21991
37173
8162
11743
29313
9051
18410
16502
29583
30995
22377
36226
27772
38445
18619
5733
6936
11625
27586
38097
7200
33944
19726
25882
5877
21652
19447
47067
6135
30338
34042
10784
43493
46094
45310
35398
19375
45667
4737
11324
22025
49975
19061
16273
7893
36477
11639
10462
24148
34243
12776
35298
38557
19853
3843
28704
36124
35314
9976
4346
11119
9343
19738
25642
19929
31900
30960
9656
45012
40506
32052
2181
15819
46215
6491
639
24434
203
9930
1965
12558
45362
18283
1573
2452
43799
23589
13725
30022
19613
5741
21832
37809
38931
9670
3320
6368
4151
32695
26939
4308
30983
27779
17803
1120
30756
26556
1608
6332
11568
30721
25933
48315
32389
47915
23065
1839
44859
49983
7489
27556
13700
18486
24868
38825
26244
18798
36709
33033
42023
1271
42133
19246
20631
26036
32085
46466
2375
16401
31934
47217
43430
44855
13733
46109
39071
2562
22922
28083
7584
6229
29607
43978
20210
36511
38829
1202
49306
30204
27020
41747
27796
5097
32075
12042
14419
8319
33915
18072
49944
3650
18482
10383
25218
14234
36161
44663
30459
18838
40232
48638
21517
38432
12528
14313
17567
20208
30170
28786
8408
36809
27209
49741
43836
18755
16787
2223
24522
25058
25773
10255
23772
13750
15224
19433
2447
39897
33043
49872
23948
22778
1002
48686
1010
12786
38994
43283
10534
32215
35032
3110
40066
13094
42134
6913
12500
42752
22042
26357
3615
39500
15799
33980
15545
25683
1496
36930
48572
46337
5586
49599
18442
7501
17337
30122
42773
1834
33717
46232
16871
18422
37408
20534
20849
4519
13811
2406
9783
446
1100
32813
2443
49197
33267
15844
2092
42682
22110
7689
46594
41168
49408
41213
6855
30060
46604
7946
10427
7138
3003
39681
1958
19496
15311
32685
30687
43735
27714
5113
5797
42744
47553
2982
34689
638
26154
27759
10999
41513
998
9944
36605
42545
38626
13313
20714
8370
20571
45850
30817
7803
20760
44323
36599
37163
40558
20770
11231
7749
14861
31081
28984
9613
41782
16526
44943
24958
13082
49015
35024
18387
9152
18998
2414
27904
10329
48390
48045
37167
3490
20920
2565
2903
44451
20625
33956
6205
30866
1658
48846
34714
13581
9357
7753
45456
42783
39165
39604
35836
18896
20152
6071
21103
25273
16345
8336
19838
1510
24727
24301
2944
7228
5856
19344
40354
17024
1487
15858
7837
42206
12386
38292
38984
8760
3758
19101
35478
7651
17369
47014
41918
9107
15854
25639
48007
13093
10527
691
25490
43551
19468
19088
19005
9060
47942
37357
15388
46230
28058
37217
37223
30113
9591
44657
39135
46745
29855
44142
9667
10931
43187
2892
46411
29923
38951
14709
24411
27698
5502
32113
48830
10854
47684
4329
49819
47998
8808
2383
17828
15555
30571
36113
47313
19449
16322
11257
30476
45319
9111
16827
15996
42321
14485
23541
47654
33721
7771
34452
6433
33345
1769
8183
12618
14986
15954
15313
11738
15467
10430
35375
39921
36240
12032
32261
39980
46923
33387
22759
31199
46432
44399
5128
34649
5190
35313
18570
32312
37410
34055
36
32557
45885
1534
8520
15300
5445
3201
30389
20378
7107
22891
38648
32504
15523
24177
21250
32682
11387
45117
7566
38634
29464
33238
15145
44481
9173
995
11389
2279
25281
46414
39151
17814
44408
45402
4921
24896
445
34330
9489
31150
21524
15937
16449
16759
27540
9892
13329
46989
46590
27831
47801
18479
45382
45250
7125
15706
39554
13019
33525
25074
6690
12872
9846
45700
31065
2766
17530
22011
44819
20144
43402
20648
30213
22463
28772
16583
5799
21017
22701
26126
13463
22548
39644
39095
14751
992
22030
14018
13686
14315
29109
29247
3762
41182
8122
9632
32621
35525
28697
23197
49468
47823
8916
28838
740
11739
37417
23977
28582
36588
15108
10439
3785
11026
31146
25997
39972
33841
32325
25983
22273
10557
26675
42233
20080
11333
17897
49089
43500
16817
35271
35287
31178
41527
49079
34661
34005
25219
19771
43841
28523
18582
6669
4073
229
42252
49146
15470
7006
39616
28631
13914
15826
24490
384
17540
34465
1823
17047
20390
3081
20346
48479
15421
19140
33132
46886
36624
43722
38992
5859
5017
12971
24332
23168
7492
5520
23270
4628
618
14089
3486
22855
13907
34946
41540
35582
8503
20091
29643
20447
35832
12016
12870
6930
16851
30964
20961
14920
38390
25686
251
23382
16271
1528
6557
43043
35472
38880
46023
35899
21749
24174
20691
7049
9135
6595
13302
11578
11222
33427
47717
10653
20367
21274
43767
9909
15345
27786
32517
16120
47830
5088
34407
47049
4336
14161
44507
16722
44976
40314
14558
26436
1351
47666
43349
45634
41384
14031
28308
43385
43726
36244
25947
27475
43034
15807
14962
31908
49786
37697
12332
3052
40577
4484
37998
5553
1286
6584
24817
9600
37817
32139
32443
40532
12096
21536
15247
18408
33952
7932
25309
9405
35204
6304
49044
11809
45389
17919
34185
21239
38087
47603
19414
11855
41108
30683
12952
20007
27210
5425
11864
10452
40446
42953
20806
16751
28050
2501
32449
38897
7230
31050
17785
20968
1426
23498
24358
29979
5838
42827
11512
12076
4349
11025
33484
27297
29187
20953
45502
23256
22638
32520
19922
25541
46682
36961
26554
42604
31825
43233
7615
34858
33789
29498
10770
3524
3043
11105
25812
1070
29982
15614
18684
40852
43336
3108
23261
4124
14155
7928
27064
12953
9145
685
5062
23695
26261
7467
36080
35937
36543
39761
35427
37983
14289
6404
17904
31698
29235
34479
44768
12639
24112
45897
27413
45691
29322
6079
47523
36000
29523
16656
1568
41421
14330
7412
7768
38100
4149
19580
629
334
48085
5705
19902
38383
30848
10825
9647
20632
27304
32630
30624
8738
10011
7483
18862
6490
48999
29484
38942
47775
6849
46423
22467
28242
23114
17096
10293
41035
45082
29324
43126
25254
31380
7213
