11
40
43
51
121
130
179
216
218
227
251
254
306
329
334
344
392
413
417
466
524
548
582
596
610
616
617
659
687
692
700
704
712
752
798
856
865
903
931
953
973
1014
1040
1050
1080
1118
1138
1146
1172
1182
1191
1225
1233
1288
1317
1334
1368
1413
1430
1434
1466
1470
1490
1504
1532
1541
1576
1598
1656
1706
1727
1762
1771
1793
1797
1806
1829
1847
1880
1888
1902
2001
2056
2147
2164
2180
2237
2283
2290
2310
2335
2338
2339
2351
2362
2405
2408
2426
2442
2471
2479
2485
2541
2582
2587
2589
2591
2617
2677
2682
2746
2789
2852
2876
2889
2908
2924
2936
2949
2967
2990
3013
3029
3059
3091
3105
3118
3145
3158
3168
3193
3195
3222
3240
3247
3253
3291
3340
3380
3383
3439
3475
3495
3498
3533
3542
3559
3629
3647
3652
3653
3664
3675
3717
3729
3759
3800
3806
3809
3830
3955
3958
4099
4109
4115
4139
4159
4174
4187
4227
4238
4250
4253
4262
4309
4312
4316
4345
4361
4366
4458
4461
4471
4490
4549
4550
4577
4618
4636
4640
4654
4662
4670
4696
4701
4766
4809
4814
4893
4901
4933
4950
5009
5110
5170
5173
5185
5191
5222
5278
5471
5473
5512
5570
5573
5593
5628
5629
5637
5701
5710
5734
5744
5753
5831
5837
5893
5895
5917
5944
5958
5970
5986
5990
6006
6044
6202
6204
6219
6246
6254
6289
6350
6420
6430
6504
6548
6611
6649
6653
6655
6728
6813
6850
6921
7058
7073
7121
7139
7172
7213
7225
7236
7261
7270
7280
7281
7384
7418
7436
7437
7445
7589
7636
7659
7663
7666
7692
7695
7704
7755
7768
7769
7810
7812
7844
7847
7852
7934
7955
7963
7982
8011
8063
8072
8073
8101
8109
8165
8184
8199
8217
8239
8246
8252
8288
8301
8309
8369
8384
8411
8484
8488
8506
8527
8534
8572
8578
8634
8650
8657
8664
8693
8738
8750
8801
8804
8811
8850
8861
8871
8909
8914
8991
8997
9058
9061
9090
9113
9237
9258
9333
9342
9359
9361
9399
9420
9436
9444
9547
9565
9602
9603
9697
9794
9858
9870
9877
9884
9889
9917
9930
9952
9964
9967
9985
10007
10045
10128
10170
10200
10203
10243
10260
10268
10274
10294
10305
10306
10324
10326
10414
10429
10494
10498
10553
10560
10610
10622
10635
10700
10748
10754
10761
10766
10795
10818
10842
10923
10932
21419
37577
17635
21676
24525
39377
25429
48360
42969
43509
27649
10247
13927
42863
37665
34477
27558
10808
39803
36731
4213
33590
22139
14060
47613
35431
12698
11402
36989
17123
3757
39284
12324
14410
42769
8260
310
29100
14747
41688
10536
28793
17550
39416
5405
7269
39047
5909
11860
36976
26979
41934
40660
3684
49718
21779
33743
34950
34328
27935
11510
16463
44790
33597
27390
3919
14397
27003
6785
43502
26754
5908
38909
6206
27220
33479
14105
16383
41482
48588
1022
35791
19360
37093
49806
31349
31699
3913
12408
39596
18912
14573
48046
35714
27518
20054
41958
46789
1269
47510
34895
45721
27939
24080
17623
25941
3509
28049
14152
28076
41625
21980
34267
32088
22750
12444
6080
45603
41380
48091
15434
10472
38701
21480
15482
42977
32539
30616
31124
16948
49027
48892
12084
33872
39221
47861
7619
3001
38526
35228
27613
14869
19475
14535
15342
39656
6838
28590
42486
16505
49002
17556
19170
21078
26380
19528
40529
14816
18060
22369
15718
4725
11526
14777
17197
40591
42403
17077
31446
34570
15399
19142
30037
33515
2175
2402
26946
34936
43294
30638
29202
47228
6877
11565
6852
6505
22144
30958
2234
33073
47605
30614
16518
434
5998
15339
42277
29265
10154
2122
24799
572
8720
5619
30892
31843
28583
48955
16481
23424
34784
42662
2363
39752
29605
19704
19345
11562
37886
49954
31305
18434
20116
48533
25692
4910
14226
32620
40375
29891
47403
6211
30435
28658
39126
25383
2282
23362
14773
43494
27882
1659
24498
33290
10046
38070
25525
26273
9507
23468
5143
41294
22288
46778
1347
31290
19520
10262
22720
25803
86
29983
23337
43957
13186
37342
2647
44780
25579
5931
45767
10765
47149
42225
1937
34752
20123
40309
10239
7436
1005
6432
6314
4296
40259
18264
18553
21117
40798
6270
22971
47928
30528
19852
13038
20120
16893
23455
41823
12812
44916
48413
45665
40846
46663
46526
27453
32201
6173
48878
1855
2821
13978
8997
8046
8049
484
35242
40844
31515
16857
28319
10023
38135
13282
38517
18813
7636
35522
38787
982
23532
47139
35514
2225
13536
13946
43032
3897
35622
38730
33673
34562
19033
23954
22820
39356
48634
8987
38940
44389
10525
3862
13746
13498
49902
10570
9618
46506
25232
2210
36336
27282
14492
44629
4212
44941
25289
27028
37591
46490
37901
665
6911
21222
3872
1624
10609
18637
34384
32842
21341
35630
16486
11871
17286
19614
32284
20870
17437
26645
19512
48738
28100
28769
32692
2486
34127
23191
33998
13887
13307
46460
4756
14644
44147
45122
22990
7574
13319
43621
19006
14645
43327
10834
13846
7359
13025
35760
33095
13134
35151
34556
3587
26555
35135
8630
14440
29376
30841
14704
21382
17878
45786
42350
36667
33221
3296
30593
31075
28470
46650
23654
25931
4156
41649
48961
30474
38685
47571
14324
49990
5788
45170
16503
11997
8654
24221
28074
3599
14418
24658
28522
9695
34227
14667
25286
28904
48780
46133
15487
26713
15656
2088
6039
22173
46452
37234
34316
49740
4741
36442
33239
48616
35185
35494
33187
20407
35072
49749
24866
16845
20046
27372
21659
23460
25402
3855
37923
6144
28349
39891
36671
24594
18032
6437
20435
6214
36701
47120
42665
28729
35566
39947
33302
26612
11138
7787
49506
20108
4989
26882
39146
1595
17078
41919
9234
2654
17727
28174
47909
29582
34103
19407
17420
25798
40028
34751
34760
44565
10196
7811
3985
14911
29862
4985
2842
41623
22575
46790
15196
11398
27105
19047
26929
1313
43620
19262
22498
945
18197
26326
30527
42036
24419
39932
47570
48879
44162
44705
27604
35324
2461
38660
7642
24659
24920
3397
22981
9643
18811
30707
33223
642
26048
13303
47318
5721
16173
32368
7386
1311
38161
28346
22509
30306
42401
26892
44172
1148
11209
43516
23071
24769
12179
46132
2573
44336
32069
25585
43147
18403
34343
20654
11869
30464
27213
18155
6879
21708
26978
45071
41005
44729
30256
24430
37241
15643
46618
31433
39488
9500
36575
25556
26812
3494
16222
37438
48305
33610
32961
37004
37996
8913
16264
16749
43870
4709
47374
42544
7623
49743
9353
8491
31084
13984
29610
9782
17585
22783
6243
47623
33369
18289
14925
47045
2856
6527
40707
15307
44803
8541
41635
24265
15406
13279
13021
28576
31088
37281
36177
27050
5826
2069
37977
30950
6990
7301
45616
43758
49199
45782
28289
24804
16085
30268
12134
40793
36096
33666
26953
11161
42229
28226
38805
14974
6603
25715
8254
26145
6770
18290
18130
40610
23591
42516
31470
45002
40530
46321
2238
48399
23634
21566
40840
18185
6281
5227
31939
49605
904
3393
47385
7206
46416
24318
33465
28013
14634
17937
22378
43030
13212
20157
41249
18340
32754
1315
11925
34770
15627
15663
30900
47348
48447
34464
40108
35564
3723
43420
21495
44446
25017
23943
4219
22823
28766
41595
13828
2705
23879
43923
20629
17350
13762
23276
41711
31549
20987
16181
16842
38762
1640
30734
19833
36533
13654
24290
40486
22619
13215
31227
31281
23525
29353
2576
15918
37192
725
5815
16461
30413
28752
48884
7059
21772
43914
46011
25672
34737
30414
45114
27221
13815
14147
31505
44863
42109
18559
5289
39734
1791
48394
28334
33507
4395
47859
43299
29129
25818
36457
7062
26653
3116
45189
38454
30008
18044
17033
3687
20642
17823
35429
44215
37466
41897
12217
35517
8415
8487
45873
29525
47311
17967
22536
22727
44891
36317
45894
14635
35187
37805
18490
14905
20303
14082
11765
22606
3260
18011
10350
959
22857
24889
28799
20136
16636
44900
8905
33674
8131
26301
7404
25977
33312
11982
4447
10451
38281
27860
12795
37388
26584
46255
14914
39698
38802
32388
26943
9655
40156
37707
43364
40099
44519
38953
6509
4199
868
20923
4801
14789
39003
33037
18891
27875
21171
10237
29024
6943
19032
48211
39125
43732
17150
26586
11878
4413
43934
35198
23013
1435
30715
930
42526
2672
9010
21033
1903
42983
8639
27446
27847
47482
1866
34744
29466
37741
27100
4839
20276
45046
23748
2056
34699
15917
30132
29034
33685
45512
36276
21868
18404
23779
6605
9615
36600
48937
36466
41927
28803
36156
20411
27789
22149
15036
24967
22621
18836
24572
22996
45688
16426
47622
13943
41191
10051
44370
38228
41453
2085
36552
31932
5364
36467
19264
33279
18476
4158
1509
41103
41093
41193
7058
16514
31849
10605
31306
38776
40553
11807
45441
9342
44844
19168
3664
15730
47166
36652
12224
1923
37778
49758
49390
40499
28744
27205
12665
7024
38598
19774
33826
13909
36915
33038
25147
46218
40580
24084
27891
19990
22417
1630
29267
13310
7896
13568
20154
37721
6234
5570
13769
7563
41377
32928
37075
6524
39296
43222
18502
34174
24806
44360
43499
1212
43586
37656
38090
48529
12417
21201
25636
26129
15426
429
46773
41500
43718
49981
21949
18279
1813
8208
29163
18251
29743
19261
42750
38350
40071
48896
29787
12580
7362
28971
17193
33373
13513
4305
3879
16240
46722
47972
6027
44324
47425
41301
47837
42383
2078
6415
29679
17877
29841
19385
34365
14996
1925
44737
34692
1575
14957
26099
38603
25860
621
14576
49518
32593
41804
47004
32803
7957
23816
38930
49575
7043
30156
18699
24529
36662
2444
44450
28213
13787
12022
30291
33574
49098
28796
15668
1882
42795
49237
7383
42982
37854
47216
44040
21173
18658
47488
22203
10950
42418
12117
6897
42985
41148
28002
669
35395
47295
35318
10264
9562
10055
4359
9546
17914
30942
1221
4857
27787
22491
23932
45618
9963
39576
2116
18272
5440
34793
19406
22210
43033
10851
33482
44095
11983
27180
1851
44516
38496
22468
32901
44689
21385
12898
28
42035
28278
12723
43151
3999
5742
40186
32445
20573
48216
14142
13164
7751
5548
43584
29069
37028
3970
36960
41824
1324
16615
11401
17674
11064
3176
17307
14827
10877
632
42375
36272
48228
48781
30600
44061
27388
8447
1826
9102
22683
43567
8784
45591
11036
17049
32818
30358
49251
49608
1254
32450
45913
28313
25863
1348
18207
10592
14087
14382
21929
9791
6110
33080
33129
9529
30185
47155
49751
844
41171
18054
43741
16254
14284
30915
14258
36665
3217
35854
30815
36090
8688
39388
46234
19643
39009
40441
14490
19118
661
18544
4106
36084
22230
24997
45812
12006
14151
38395
14649
28711
5038
10900
41878
6611
45586
41825
22646
4773
19400
38465
27990
15140
30354
5940
1350
29756
30153
26497
45749
42603
41268
29161
15131
47738
43276
3166
5677
20785
3377
31751
2710
9937
31733
6894
3442
37688
48812
1004
42570
23817
24582
13472
23790
32026
41820
19803
10947
42216
22698
19822
18739
343
33253
36923
45293
13309
47664
21081
18633
32050
20282
1366
29065
49252
23937
16542
11092
46616
25767
1784
10174
46531
46153
25351
47796
14886
30501
39162
36428
9000
363
7602
19897
22360
10299
43650
2999
12103
34119
31679
9845
13469
10477
9349
32867
22544
28789
31211
31507
8772
4846
26378
40023
1425
8652
45205
24308
1339
45820
30585
48613
31689
27946
13772
18977
34051
5462
49207
25674
19136
23473
28039
47126
3816
21525
41033
1516
29852
40770
16669
30921
39495
49564
2465
21460
38019
32655
37960
49365
13959
47300
2943
26897
2830
34344
29184
19882
21607
2544
19657
49622
6940
14893
42643
5042
29254
36867
5594
8823
3736
37775
19134
49690
11481
47591
25437
9685
10720
12136
6292
41305
16968
43180
13145
3866
31702
14036
15530
49946
28317
9592
20978
13882
1615
43835
26844
10282
31464
27921
16135
37827
19194
49187
12862
37431
43950
31848
36630
21197
42398
47917
45144
46502
6950
458
45902
14255
27852
13391
40629
46476
9873
38774
28676
2155
39127
31627
18363
29737
21454
43517
15587
18622
40277
33383
13764
46384
21405
10385
48881
24513
32969
563
45811
35484
11757
37696
41483
38821
36019
18320
34193
10032
22461
37639
33703
18099
3798
27790
37719
12333
41961
6274
19471
39430
22005
10335
23327
35954
47415
17483
46695
39878
27236
30228
36777
15963
7356
36406
44614
33013
8177
43743
2253
46339
3314
1387
15009
15395
3308
33352
48087
36302
40286
14532
30345
46372
6115
