6
11
36
44
62
103
208
271
403
406
425
431
592
596
602
617
625
646
654
671
727
746
769
805
806
846
950
953
1061
1078
1101
1107
1123
1168
1173
1176
1188
1241
1252
1264
1292
1325
1334
1360
1363
1367
1420
1437
1455
1460
1476
1487
1517
1580
1590
1601
1640
1646
1675
1684
1690
1726
1785
1791
1856
1897
1966
2005
2015
2030
2075
2083
2084
2090
2115
2162
2166
2183
2249
2251
2333
2341
2346
2351
2359
2453
2468
2480
2519
2552
2555
2596
2604
2611
2627
2656
2681
2694
2718
2783
2796
2799
2811
2841
2851
2865
2866
2883
2898
2936
2945
2990
2998
3055
3057
3069
3129
3183
3186
3194
3196
3210
3240
3244
3248
3266
3274
3325
3370
3373
3400
3406
3411
3449
3474
3484
3487
3490
3491
3495
3497
3547
3583
3628
3643
3650
3678
3687
3734
3776
3834
3837
3849
3873
3874
3893
3905
3919
3921
3932
3946
3962
3978
4008
4009
4015
4018
4020
4034
4048
4069
4083
4119
4120
4164
4194
4214
4221
4246
4254
4256
4323
4333
4342
4369
4387
4400
4432
4459
4468
4511
4530
4585
4611
4637
4659
4664
4667
4676
4691
4695
4736
4844
4857
4871
4894
4901
4909
4921
4972
4991
5008
5021
5101
5111
5113
5140
5192
5197
5200
5228
5250
5258
5269
5284
5285
5301
5307
5311
5344
5353
5367
5376
5383
5385
5386
5404
5431
5453
5490
5505
5547
5573
5574
5609
5641
5642
5656
5710
5748
5758
5791
5856
5882
5945
5983
5989
6007
6024
6028
6087
6159
6211
6274
6303
6319
6330
6344
6364
6367
6413
6444
6584
6615
6667
6680
6719
6723
6732
6738
6861
6871
6885
6918
6926
6939
6967
7064
7069
7073
7076
7132
7134
7141
7200
7288
7323
7491
7511
7526
7558
7590
7604
7607
7624
7730
7783
7789
7866
7883
7885
7888
7927
7962
7993
8045
8081
8105
8155
8181
8228
8243
8267
8293
8309
8323
8348
8454
8459
8500
8577
8594
8624
8630
8631
8640
8702
8762
8764
8779
8787
8843
8851
8894
8984
8988
8993
9015
9061
9069
9133
9172
9218
9232
9242
9253
9262
9302
9311
9330
9341
9379
9437
9456
9460
9466
9504
9527
9582
9624
9628
9631
9664
9678
9748
9765
9786
9793
9845
9859
9875
9878
9882
9888
9912
9974
9988
10038
10044
10099
10172
10192
10246
10288
10368
10392
10394
10443
10469
10472
8117
49895
2131
28151
34119
3736
40631
22749
3690
17967
33359
6450
27604
17323
40705
37274
17500
33296
14316
17197
39703
10640
30561
26048
6206
42915
23654
19846
46968
25301
32518
46753
2913
37463
2710
37123
21323
40629
6103
89
30185
36090
18699
5931
31271
45605
27757
48563
46526
31505
43778
563
17211
25962
31256
26378
22385
3540
33971
27180
24241
40798
5790
15582
12997
14492
6562
45234
43055
20978
49515
48179
38293
3919
41547
36177
26936
14935
43529
45645
2486
12959
48825
17510
11888
30425
2896
47166
41573
25818
1299
18875
18824
48484
3030
6128
14226
3839
45665
33373
15004
32756
21041
43897
20585
44941
21853
3948
32491
40289
42315
43793
18560
14815
7459
25024
36533
29098
22153
1762
38661
44790
41819
38492
24108
38124
3507
13905
45957
44977
27875
21642
34144
27388
41263
9655
33253
4687
7585
27166
27074
14612
2691
20450
29632
41043
21788
22202
19822
45688
28647
24624
24861
43304
24046
48433
40580
34699
18114
5844
30474
33095
17039
39467
25355
15428
47571
9507
15409
23869
2245
28939
44894
10615
39752
9105
36667
14555
20340
41669
35432
20923
5434
1385
32803
45315
7154
1992
5173
1569
18628
14082
38496
46241
10166
7097
22391
33827
6084
20655
36711
42087
32066
21949
20640
27939
10525
49751
31709
7775
49950
34670
5259
31393
36690
4307
16264
41897
27990
37691
49318
34561
49974
21354
23337
17584
572
18341
31579
18490
33290
7382
25474
12810
23247
6654
2415
48172
30911
37469
22743
24265
10890
665
34881
20406
42871
22971
27531
19385
16865
42969
10419
28971
42664
48879
33735
25480
1509
33273
9731
1880
15024
25153
32620
13021
28478
5491
28165
28509
5653
14440
14310
4573
9000
32005
28785
3306
26975
13708
18418
30881
28837
28186
19264
11892
41246
43586
47534
35954
31515
45644
13412
37942
25806
28561
17131
25785
44803
45396
11299
49488
38909
37313
12307
41148
4924
23511
22468
6844
36466
21768
16891
45609
35484
14359
13134
35997
4158
35151
20270
14412
39501
47487
37923
43732
14429
17420
22575
15525
33408
38281
36302
35806
23638
7436
16194
29869
26459
10979
8177
27334
18384
4156
48360
9888
6274
22765
31953
9074
20044
33369
16672
7110
25286
27461
41766
33961
28892
19813
31735
6080
44629
13787
47664
39344
27898
13846
6985
36992
42700
17288
2155
40077
41294
3442
33610
36976
10900
11586
14576
49990
9724
26475
46618
23367
3630
30353
1182
20303
12331
46416
15415
12313
7536
4910
20206
36105
3519
3509
4263
3868
43640
34784
14777
48613
45930
38714
37431
48796
7052
19315
38685
28614
37028
25444
41305
30226
41554
3945
37656
23200
48309
725
45122
43714
13307
11997
8487
1659
14415
34808
39942
43874
35198
5998
47488
11282
37731
17412
6780
33719
26830
18300
23737
38454
8915
36084
38015
2144
27914
24829
42516
10023
17725
28013
4715
44565
43974
45881
34562
40827
30291
7642
49824
29041
31211
10561
47053
47735
33312
158
24925
27718
3587
11810
30522
11573
47613
32969
45132
47384
25585
24997
9083
38119
15578
19045
38090
42675
12453
34852
33479
1297
17632
32882
20772
14618
38248
16254
28317
19407
6432
16426
36071
37707
38350
47510
8488
9845
45894
3981
16518
12859
26584
934
14634
11860
34328
28387
28881
12261
26926
14664
47869
40663
2904
33378
6344
48961
27649
41659
30967
43238
26353
42718
25437
42760
9931
47573
37721
31679
31349
39607
46446
28290
39127
42985
19033
6907
28372
33749
3862
38701
9950
34331
27173
5358
40739
31701
38146
44316
38995
32754
4199
20904
43391
19711
49564
22837
43926
21033
15395
38375
19358
9824
8004
27787
28076
48505
10367
19657
30300
45199
47385
35978
34477
47126
39143
13993
28885
10605
18374
7188
45299
41955
9791
5742
82
12253
36467
7218
44370
32571
29396
40156
414
36372
41382
6875
39829
42487
49812
18320
29172
18493
1784
49243
2444
11235
42431
37388
14956
46398
42303
16889
35907
25781
36160
17078
45046
11878
28803
32315
31939
24290
12975
17350
42656
37069
40974
31848
40522
10447
27417
4057
29265
48860
39036
1387
2105
34574
9546
11914
29111
35324
15503
35573
40981
36855
13855
19990
15515
38877
29613
299
10210
32654
35023
34737
4978
39588
48760
42398
15917
5229
36168
46331
18340
22642
4666
46790
44974
20575
44400
45611
45517
36631
10925
24785
758
1624
17033
40085
42979
23354
47149
5739
20521
30020
24421
32017
15199
41265
36764
48780
41982
25346
48937
16505
5633
48447
33753
29008
48738
28167
19704
9544
3494
16433
5214
2576
41691
44942
40770
22443
36247
16689
41097
1348
16486
29420
25250
47399
6270
33657
22969
40560
45701
23920
24498
130
22005
33674
8913
21460
38354
24933
30674
41033
14974
47312
17707
33357
49981
29471
25863
41953
29129
33197
33697
24653
35641
46164
25347
16709
36777
14111
5788
8396
19043
46470
40309
36514
22438
42849
16959
41958
11279
46339
28226
32130
11859
9141
46823
17845
20154
5676
26423
38941
37903
14933
11118
28084
32186
19331
23420
13681
17634
21781
40277
23447
15112
1005
17576
14816
40135
15036
30815
13887
32373
16674
38640
43553
43202
21607
1313
4642
32533
35915
32657
19161
8701
12645
1373
16328
14670
21117
48955
46133
19980
27663
11925
45721
29183
3668
30206
26943
47867
45962
9852
32892
4756
8772
39430
32368
41777
22431
1303
48502
38123
5067
27199
41337
15674
36867
25017
27429
6879
44963
8263
4232
2122
31092
22480
14600
621
36003
4839
35186
38070
21173
34994
6990
4987
45363
41610
18502
8368
41127
43923
48985
6612
45286
47883
6809
48902
45756
47318
27501
14235
10335
43032
30832
33383
48087
449
49608
39676
29329
4857
24464
27493
40769
25954
48413
4290
3556
3176
25098
42080
39302
27631
24040
29405
42729
20890
15143
20046
47239
40116
18734
33215
7733
27762
31429
49749
447
29291
27028
435
38953
28799
12160
42350
2792
36457
32225
17260
28744
13726
30794
42418
41100
17570
28793
34
20810
12117
32494
46851
35843
37614
44572
25576
14781
21980
26512
40188
20142
13451
37850
21176
27044
37465
38161
43049
15773
48787
7822
26329
11562
44003
10059
34213
32525
22259
39866
5187
41388
14105
15348
16240
42072
27614
2225
34793
33094
18044
7690
1881
31769
21066
32997
856
1615
29101
49946
23671
9149
3116
34247
6298
12663
16038
13303
32928
39125
4195
19462
22513
41522
23029
10154
34193
46077
25401
10167
14243
14324
35515
41417
43170
36701
18507
12489
2123
39561
1238
10472
7295
42631
45616
14879
11670
31588
41820
19494
46814
13012
11129
47859
43327
3046
25715
15243
29852
46321
14882
22606
18115
22944
14377
1692
47908
1471
27897
9907
44202
31893
31464
6361
38455
29756
19256
31609
26497
10451
12826
46644
8208
25941
22173
41268
37234
35811
40531
26100
30109
30547
7058
16525
23525
40591
8379
6280
49292
8491
12094
43151
9041
34956
29466
14251
24942
28200
31433
11765
43925
25232
4773
31306
29679
1657
1851
49414
21950
23072
3798
35774
5721
33744
28002
33027
26838
40588
23512
18155
7634
43241
33342
1630
48334
36965
22369
15737
33798
12797
46573
10699
5902
24035
33796
17552
39209
37854
8338
44729
4527
16659
47813
8829
6110
18142
44283
12717
7155
44761
16445
40167
29835
30801
27790
19885
9102
22461
29267
43650
20137
2528
37450
1974
22137
24830
3225
1225
2293
26477
15663
10062
9502
20833
9364
1654
26301
24884
26882
34777
40937
10
2515
2900
27050
36272
17437
5495
23748
19098
40510
12968
42030
22360
21603
35598
37639
36204
24572
30413
7322
35431
16542
14484
18473
21048
12006
11845
43146
36442
10904
23611
4184
8462
14937
40240
3957
15533
43420
24548
8777
1526
35624
32930
22098
4447
20659
764
40171
8361
14535
17727
15012
36182
43983
32276
21708
22183
3383
46150
15158
9147
28346
19170
32050
41451
27023
1349
6498
26099
46591
15259
48876
41590
32270
31514
9872
48191
12896
24823
23853
19936
47311
23309
7269
34215
8970
10728
49204
48801
32757
39701
46174
9562
5298
543
38776
31163
49199
4193
31484
4998
25441
2056
43224
24369
844
21951
42229
24419
24308
30436
13186
13231
9643
30600
5950
5944
35968
20411
29353
46220
39576
43550
4395
19742
939
22582
34174
3314
19284
10966
33959
42342
8720
30857
45189
41103
26886
40550
27446
20629
925
6203
343
47147
17179
24236
43567
19136
1557
15168
44516
29070
22902
21868
35970
41252
23826
39067
28823
18054
25142
36420
5488
35777
48896
8254
16136
39698
15947
14744
29841
38720
2190
2591
49669
42544
40023
1903
4359
41737
33740
44703
28796
98
33013
145
19568
48862
3866
38730
31866
1666
25216
5143
15587
13498
19340
4175
4750
17150
36945
38824
14305
2573
40486
9231
10415
5514
17937
19406
43950
42653
8551
528
48018
31668
17402
10051
27500
13760
46021
3296
15009
39173
35212
42022
14925
41927
8423
2419
21454
42716
381
16434
42695
18566
15454
20341
44614
46415
31702
38019
3260
16994
16323
32288
33685
41595
17681
13995
30156
15627
8631
25690
13025
1425
18813
26631
13772
17877
10478
45623
16951
32094
39958
6485
12484
8114
34406
24630
15777
42216
35415
43860
14943
711
12672
31849
27579
12154
49645
19512
6173
9761
12921
42164
43097
42219
37018
19774
35563
22230
18409
2842
32929
33667
17992
6027
16772
16007
40424
44503
40228
35601
17635
6387
4985
27812
32961
32214
26924
33863
32523
9018
35675
37827
9352
26118
26772
38511
11952
27489
25436
24306
35113
16922
14256
21385
16858
16151
22964
17728
27234
1595
28751
1952
7670
19426
42903
33473
7283
49597
17044
11994
22981
40674
7359
28414
37345
44697
15990
1256
27888
18043
34819
45196
31840
19014
30345
20823
32303
10282
10706
9691
22720
43835
11510
42319
48399
45408
46998
30250
36032
9349
13428
24393
2178
38418
33115
17800
39690
20439
32786
30061
25871
21197
29152
35318
46616
21896
13984
46245
868
36361
24584
15203
12989
37901
33807
27014
1269
46778
29657
28407
24674
10150
22246
27946
46528
44689
10247
27479
26844
14262
11401
28522
26068
45938
3027
16888
