14
30
41
67
89
123
140
152
155
274
325
332
357
412
422
430
441
490
502
522
534
559
561
582
605
607
609
654
718
769
776
783
810
820
836
901
931
948
980
1003
1006
1013
1022
1043
1052
1095
1129
1133
1171
1176
1177
1265
1298
1342
1386
1401
1407
1469
1478
1490
1492
1521
1554
1566
1581
1599
1622
1654
1675
1694
1742
1765
1789
1805
1816
1818
1824
1841
1852
1882
1910
1931
1977
1979
1991
2000
2058
2065
2097
2098
2171
2192
2206
2264
2306
2340
2361
2393
2419
2493
2502
2553
2593
2596
2598
2602
2669
2767
2772
2797
2814
2851
2880
2894
2910
2921
2927
2942
2943
2980
3002
3034
3073
3084
3094
3101
3108
3113
3182
3195
3196
3276
3297
3298
3311
3332
3349
3372
3420
3463
3519
3534
3538
3539
3548
3556
3603
3697
3744
3747
3770
3788
3840
3878
3888
3917
3919
3943
3995
4069
4088
4091
4155
4175
4191
4208
4218
4234
4241
4271
4353
4354
4366
4400
4406
4459
4473
4481
4495
4508
4608
4614
4632
4652
4706
4710
4737
4759
4802
4803
4829
4845
4863
4881
4894
4901
4912
4915
4916
4926
5017
5024
5097
5100
5124
5133
5152
5186
5226
5255
5256
5257
5301
5314
5342
5381
5400
5418
5422
5427
5447
5471
5495
5502
5562
5583
5587
5598
5601
5618
5641
5749
5772
5775
5789
5795
5835
5872
5887
5963
5977
5978
5980
6001
6008
6100
6117
6120
6168
6174
6178
6193
6220
6228
6313
6322
6341
6357
6386
6433
6441
6451
6460
6499
6536
6539
6545
6558
6607
6624
6630
6632
6649
6711
6713
6724
6733
6743
6744
6748
6781
6792
6827
6835
6858
6902
6928
6955
6980
6981
7065
7080
7081
7114
7116
7148
7180
7195
7235
7256
7307
7371
7386
7404
7410
7441
7457
7460
7497
7530
7536
7565
7592
7639
7647
7666
7667
7836
7852
7925
7969
8021
8061
8065
8074
8076
8079
8083
8097
8121
8132
8138
8146
8161
8191
8226
8252
8260
8277
8287
8293
8336
8363
8367
8420
8433
8457
8478
8479
8568
8569
8583
8594
8603
8637
8654
8687
8720
8726
8729
8767
8768
8812
8845
8867
8953
8985
8989
8998
9040
9044
9089
9179
9277
9284
9326
9352
9392
9459
9481
9504
9510
9530
9555
9556
9558
9586
9609
9612
9633
9661
9693
9729
9745
9754
9845
9846
9869
9932
9945
46506
429
28561
49024
345
14787
2297
18434
16112
9149
2573
24035
4910
37288
21525
11036
28676
18114
1182
14664
42603
40171
21346
12307
41186
3283
14283
10950
25114
19118
1817
29489
38350
37741
24308
25803
26068
29939
2116
45869
30719
30551
37707
23525
47861
3798
35630
6943
15718
34589
26459
19047
16068
20978
34776
47257
15254
12636
49352
21845
30561
45381
43364
47305
18821
43031
31709
11862
16383
30589
6993
32731
8417
17852
15170
39703
29396
39977
41056
35517
45255
46824
47311
22343
47441
31290
41483
22018
45110
42982
11845
2691
37577
25675
9643
12663
23671
15781
19657
25992
27535
520
21254
2787
20060
41750
5225
2235
45170
677
38173
33226
3736
10299
34670
5902
24525
38720
32445
42080
3089
35250
2155
9791
3027
20374
41878
15683
10719
26351
45002
299
4943
30715
3464
44717
23739
36167
887
24790
14943
10167
15155
14019
1268
38511
6591
29947
12812
20553
1225
43758
3141
15348
28739
7035
47869
10419
35066
38701
35395
336
24236
34777
27596
6009
34939
19689
12106
28903
10913
9013
22246
15482
26959
6103
35648
8639
32201
20373
39202
20608
4301
38496
7043
10629
43351
23276
36793
15515
25292
30449
3908
876
24883
48716
3717
39676
44389
39541
39377
15406
16426
1385
38668
35185
41270
6175
34793
37614
44450
49318
16139
5790
7078
5909
14310
6173
46526
20782
12444
45410
21453
1624
2485
34638
32120
38454
38810
47399
38852
36084
18834
13310
6437
19407
40499
35324
29525
10890
35276
37025
20585
35175
42979
20470
22513
27547
11892
39481
24396
43584
22698
7052
32024
39061
18807
9285
180
40835
35443
33692
32756
14690
33735
4660
15253
29291
29202
33080
24498
16485
15131
20435
18664
16636
9452
44760
17412
25949
7595
42401
40794
45644
14888
29161
36934
16241
2088
35050
39126
27180
45729
36032
4286
35624
661
28319
4640
49402
8456
414
44061
22391
34504
1387
40553
42315
39945
6311
3176
29657
3133
17635
48812
43835
30132
21161
20904
48216
27579
1451
34193
41301
9569
38090
28160
39576
22969
14905
21419
13646
10982
6780
27494
4106
33288
6314
44891
20826
34936
12006
32893
5625
22202
38584
42059
29679
31588
20103
27247
8415
10282
14104
47716
48351
3326
26710
16033
9761
7656
34247
24369
23737
3559
31953
7963
27173
8915
10136
26890
8860
48163
9061
9364
32882
43808
6022
4032
9155
28885
5178
642
5486
31751
38465
15963
33725
1903
42313
37954
38598
18544
33434
42665
18384
12896
3797
6387
16135
26812
44044
44900
12484
16020
23532
19568
17049
14397
3219
30300
14060
41482
41766
46746
5227
40099
6940
28313
27812
10055
18185
15267
14699
37241
32069
45234
11860
28002
29528
22509
44171
28346
18011
29086
25347
21385
7058
12343
14090
23853
15196
28232
11226
37281
21354
28271
28246
45121
2304
14492
34477
46789
14385
3695
14532
15656
28823
29183
29071
10247
42314
44553
49718
18658
12511
17585
13834
42104
14038
34752
6180
1312
26715
17713
296
1221
3802
2899
37469
19627
17787
48513
47796
33482
12539
38293
47922
37069
49506
39942
15446
16445
1746
20116
19654
29184
1557
27166
41136
39698
32117
46145
24674
19032
45881
36345
7301
24829
29376
5721
26475
20046
36019
35946
24996
25301
44071
5754
27847
25779
14744
38661
12611
33667
19136
16967
12997
41268
27624
14516
39173
7274
32478
14853
23223
19197
25898
19702
28226
44994
39009
27366
22203
47928
6603
17193
49575
5940
39217
9967
40383
36523
24318
41820
32450
44572
35970
28904
29100
34464
31053
40650
30499
26717
6924
8177
484
3776
32930
14186
26653
48305
37996
45623
24377
38967
29129
49719
1349
43202
10350
46253
6569
30474
49898
4710
27534
14263
27285
9359
41031
13772
30857
40631
18044
32608
3999
12324
32593
30892
47855
8279
37342
10970
20772
45767
30826
816
41043
34418
19512
35308
6289
39284
9873
30638
44400
40121
42664
11254
23279
31434
36671
9500
41982
31167
21281
47664
4137
22996
16648
3460
9204
5029
2175
40597
43241
35868
42809
14925
23994
27429
7097
32657
37192
25313
2832
27852
46218
30869
21117
19852
33959
46511
40033
7954
16101
3236
4962
47798
9963
21666
42700
17266
38517
16481
13231
27491
11299
28500
19345
2363
14858
48878
14535
34585
31804
49154
1526
22617
3687
98
17845
25437
41518
49488
3599
40530
43928
23968
46778
3306
20049
12224
44172
37886
25335
29830
34570
31084
27390
11810
40299
7359
8688
40240
18493
4763
6234
38876
12022
46814
7557
5490
29098
31689
30468
37656
16672
29613
46133
32525
25436
23943
47867
2911
32260
25153
8784
48591
14937
9887
5051
22582
13134
31281
23022
34562
47141
19774
43718
11930
23743
40793
35777
19441
19912
1923
15730
13787
41824
31767
42695
19704
42109
13984
10570
46591
41178
22838
42910
36914
41554
24582
18032
49023
28830
41852
11925
6212
41726
16323
10166
47951
36317
45274
10904
36989
40219
25846
11384
24080
47318
36437
12136
6465
23133
8131
22241
33674
39618
31668
18099
2821
12672
14974
27199
8378
7903
32491
153
20575
37431
5844
43180
24290
12208
959
45609
10485
665
632
14235
435
39470
28613
10451
1310
15909
35413
43885
14490
30354
8137
19822
12179
32315
41237
48334
22352
41595
18606
39588
9507
26897
49597
28555
36817
33099
36855
12591
37775
33961
42350
37691
30841
49951
29278
43550
43586
38794
47576
12843
27935
29610
14051
46331
30326
19906
27303
14243
12333
34103
21173
21081
25494
6485
9562
31866
29218
49355
4773
38526
27649
35563
19215
19528
43231
43746
24836
45363
18977
15578
27990
27882
35526
38418
48394
27659
36442
9695
40663
31470
45515
47813
39561
1324
40027
23394
14521
34881
47064
14798
40473
8491
29102
7574
19426
11542
4043
24653
25529
19059
29128
45049
24241
30884
21853
35143
7119
21582
34174
25332
26946
30962
48407
24810
22743
49984
7155
42035
28470
10851
10262
3587
34895
17513
30242
36630
25636
33749
32989
6710
11982
5880
29361
49740
42702
34950
49564
31277
16216
23637
22857
28387
33357
27455
19746
6298
17338
25414
28600
28072
40842
32722
46460
22981
8899
8375
25434
32368
27063
33703
30225
1169
49727
9141
4642
22259
33290
13183
19990
19170
48781
4725
25941
47868
15666
13164
22431
46372
24823
4741
31843
3630
41249
4224
21066
7956
48172
22057
4182
48425
45136
41547
33279
32776
43172
31306
10477
20412
19711
10224
48738
43950
43567
20828
36096
11550
40846
38188
32645
30832
21327
30044
35839
30206
32929
6524
43857
5179
32288
1654
13466
37340
40195
1659
45683
1264
48505
38869
36047
12717
2122
11582
31679
22902
21417
1814
18465
30614
16155
34816
5074
24737
38972
21304
22098
10539
37627
29065
34410
5624
41417
33586
47053
9731
1450
47300
28590
22480
46650
42030
41618
42643
31505
41191
38983
1712
1992
28596
45712
30077
3945
8939
2835
31075
41033
33920
8732
29445
5405
2123
41669
3684
9782
34450
37987
23013
21303
39127
28255
48862
13993
32542
15018
5451
25635
22149
8905
22783
29265
1516
42512
48016
32169
7024
20785
1294
38019
32680
43683
14258
16486
48760
49251
35811
35634
24889
17211
48429
20120
8289
18272
40560
3354
4296
40610
27469
36294
27629
31033
28649
13196
36731
15399
39656
28744
46578
45811
29471
14251
3855
10694
30655
17083
13654
44040
29192
18437
23817
25834
13972
1934
27144
28100
30881
12698
14305
43228
17877
21629
9041
18455
24430
33523
39182
11871
2995
23252
39162
21425
26329
42750
10447
4219
45694
528
8208
29698
20956
19569
15917
38455
41953
33862
6249
17123
44465
25113
14041
10059
1904
20173
33971
2654
22361
15990
15530
33004
37839
20147
42431
44200
46570
20450
35774
13469
2450
44804
11118
35151
48484
16073
8066
23424
22284
9915
38395
33458
43524
45981
32280
17556
43957
48202
35397
49027
37237
1826
49902
19833
4057
21222
3383
46021
25099
44656
33095
48881
16294
17870
1388
49187
18115
41665
5631
22124
49974
23511
19885
27062
45689
39495
130
39866
18690
10947
5950
35494
45293
1870
36572
26894
25525
40085
6292
20
13210
26838
5786
12094
13855
32496
10196
34343
16126
31547
40745
26360
47403
15864
33359
22050
43563
45226
1925
979
14316
5038
19846
9342
23179
27105
44816
11927
1941
11807
38824
2904
24205
30630
25014
18251
966
13385
17161
17958
49645
31003
31464
17260
32268
32535
33480
28290
32797
47216
23337
48533
25402
5957
29496
43741
41623
34350
39005
43032
43448
27604
26417
43682
581
10973
669
7818
4666
38146
42871
28040
33597
28658
1667
10367
45239
29024
16674
2858
36690
30967
15243
14911
32095
15684
27135
39946
15009
14440
26273
4905
9353
31239
13636
26434
49237
18060
21789
10131
10051
12026
8403
21950
30173
1881
37530
674
34604
24405
4158
44125
39509
43694
41788
49895
46521
38543
40210
17608
21307
9049
30353
21341
13453
33373
12478
28289
49480
12665
6270
43714
31932
6560
37388
30942
6785
33827
10303
25346
27860
3393
47837
22468
15760
13427
38712
43296
7283
7828
32519
49098
32799
27412
18042
32050
2078
45132
8910
19307
4227
14644
40827
19098
36272
16640
20654
32518
25893
42636
20325
29466
44586
10877
34431
20363
31775
43473
3322
3985
28049
2444
16968
22972
39803
29738
25289
45139
18320
5075
4857
24265
37778
41148
14923
26378
3897
39849
47408
23985
43549
31849
28464
12921
10415
8701
17150
28167
5826
21912
40377
13863
32757
13769
856
33998
12603
29771
46245
45668
33266
3189
16503
477
14886
20642
48529
27014
17800
33302
18502
38248
39958
17507
37463
13472
10134
35611
33675
7670
40588
14670
27466
8765
9685
38979
29582
26512
48360
27227
2056
8911
2779
30345
15201
25498
35968
12505
17039
17498
20340
33171
1695
1269
48367
21868
6652
19742
21021
1407
23460
16709
47231
9633
47442
41294
14075
17131
35601
33383
17967
8473
10633
17594
526
21781
2069
16749
28074
42096
19684
36225
1350
21899
46779
831
21068
43222
49690
8338
36665
37053
26130
27276
43486
14649
25643
13319
10179
48961
15441
25871
45311
35180
26460
6303
3507
2144
48876
37465
19358
