13
39
45
105
214
217
241
256
270
272
293
317
338
365
395
396
399
405
422
441
506
517
549
587
595
614
640
647
660
718
725
749
766
769
794
832
834
869
949
960
1006
1021
1039
1049
1057
1067
1101
1121
1149
1163
1189
1196
1243
1319
1372
1377
1408
1411
1446
1467
1498
1533
1544
1614
1672
1676
1697
1709
1726
1729
1735
1743
1755
1768
1831
1873
1915
1928
1979
1993
2033
2050
2053
2077
2087
2090
2092
2098
2104
2107
2158
2180
2190
2197
2213
2216
2235
2237
2238
2242
2253
2278
2280
2284
2285
2311
2314
2318
2339
2363
2415
2444
2482
2548
2573
2579
2719
2790
2870
2881
2906
2926
2959
2960
2962
2974
2990
3069
3096
3098
3120
3144
3167
3180
3200
3204
3205
3273
3275
3291
3311
3410
3475
3483
3496
3499
3501
3542
3545
3586
3607
3635
3636
3642
3651
3693
3708
3715
3724
3770
3773
3791
3816
3819
3825
3836
3906
3924
3934
3942
3945
3948
3967
3991
4004
4006
4013
4050
4051
4097
4136
4144
4192
4195
4204
4261
4293
4301
4303
4309
4354
4373
4402
4440
4449
4489
4500
4555
4597
4601
4640
4666
4667
4695
4703
4728
4870
4875
4876
4896
4903
4928
4955
4972
4981
5008
5036
5123
5142
5168
5236
5291
5294
5306
5320
5345
5348
5371
5403
5409
5414
5418
5433
5444
5470
5471
5473
5483
5495
5505
5553
5563
5580
5592
5596
5607
5644
5687
5708
5719
5723
5761
5787
5805
5807
5825
5841
5863
5868
5882
5884
5911
5913
5971
5990
5999
6021
6043
6091
6104
6168
6201
6227
6230
6271
6283
6467
6475
6482
6483
6497
6505
6565
6585
6589
6607
6672
6674
6698
6703
6719
6748
6756
6779
6797
6828
6858
6955
6989
7003
7016
7104
7174
7232
7251
7310
7322
7337
7440
7457
7467
7478
7498
7503
7541
7566
7576
7577
7601
7621
7624
7724
7733
7746
7783
7784
7822
7889
7895
7928
7937
7951
7981
8003
8019
8025
8051
8079
8127
8132
8136
8137
8179
8202
8232
8233
8274
8297
8300
8313
8324
8378
8397
8419
8459
8472
8473
8521
8561
8671
8672
8699
8703
8709
8746
8771
8783
8785
8801
8817
8824
8834
8857
8886
8938
9119
9149
9234
9258
9302
9306
9308
9327
9350
9378
9416
9433
9434
9443
9460
9462
9479
9498
9506
9514
9566
9590
9596
9711
9737
49892
15349
41650
20935
8679
43521
5361
42858
4980
18532
6003
35017
34139
31780
8015
35103
13783
200
33491
23387
32675
37473
21362
25829
4546
3809
38122
11113
14906
22002
24231
34754
28540
7959
49039
13607
2871
5381
4659
48214
25416
27503
29846
40748
33687
47937
38020
28188
43459
16768
37344
19
4678
2494
23086
6442
34921
27843
17172
43461
903
25612
7341
26333
10400
38917
34740
11319
32497
2694
36947
37831
5679
37487
23878
3106
13776
43201
923
48947
37227
48983
13335
25914
40513
25985
41796
33364
40823
27183
13938
44163
34311
44041
48160
32993
5582
11215
27218
43269
20141
26569
48627
104
49949
48802
18910
23697
3192
6095
12495
49624
25793
13890
37219
10579
18284
9864
48218
25828
5359
28169
20293
5599
14241
20830
31598
16639
3833
43388
44428
45300
24800
16283
3010
12293
6645
7481
14884
37270
13484
24156
15484
5435
40038
6294
42780
24143
40811
27563
31042
9941
32082
7392
49804
31660
452
4235
28986
14027
44825
12146
12138
42013
40653
7638
33044
29958
30193
34798
10792
14411
25005
32454
33791
20238
22029
3530
21024
22885
15657
44626
33274
42901
12781
27389
19489
42641
16008
24992
18542
34028
37134
13117
46951
17480
43236
46915
46404
22640
45369
30666
18826
7820
22337
7968
33141
38137
8492
28490
14959
13432
18396
48167
39224
33069
4194
49621
37846
738
37625
23516
16367
29123
1403
24155
12666
40640
46545
9278
4077
36826
19482
25709
588
34430
17858
35136
32690
20098
18736
18655
31159
35219
20734
103
26415
42723
25229
39978
43538
9367
45971
15812
4234
46170
47465
38721
49307
47627
44989
28668
11233
38968
31108
14639
4324
4789
27971
42679
26872
21481
47914
807
3739
21722
22686
6000
31142
46050
46317
23451
30176
25680
30302
19692
48448
16507
15064
43155
15445
10117
38866
31835
47165
17952
16584
1248
32853
1016
30748
24117
28621
25169
34678
40322
49135
39190
27240
33402
44244
1374
1537
1327
29767
1876
9784
33298
9050
22631
23630
42850
4875
28820
4035
28060
44405
44209
8509
13049
17966
42948
38166
48057
620
6273
18129
2941
39226
5081
46388
24242
29752
7549
48770
9481
5900
14444
40364
1393
19586
25935
49296
43769
48230
31570
15569
12081
15351
44817
26339
31894
35213
2915
32970
40298
46193
556
28466
187
4309
41327
36111
6510
39559
48460
14547
9360
40921
40568
15651
47276
29847
3947
7715
5489
49200
23008
47464
3926
7701
16874
24946
33848
18722
45925
12897
27464
8709
35342
41707
36986
17596
38197
18025
46256
20597
19184
46320
29797
9764
27229
25500
42374
39900
35480
46188
38583
21084
1730
30594
49708
7967
46180
41387
4751
46124
13389
45730
43424
27486
6224
27937
38698
16611
8583
7648
41830
36922
26020
18308
18250
23370
5419
34594
29327
40927
45072
47976
34388
44128
5223
12887
36821
36274
30727
3710
5376
30918
24928
23230
14188
26478
2179
16913
249
45350
22926
43995
11044
44712
31656
41448
40337
38534
9994
8589
1741
20278
10012
2400
31140
17744
25841
22058
3437
7575
44248
25146
44055
9736
19128
15387
46009
23939
14231
18611
20432
33367
11110
40329
4450
39120
9732
7632
38973
42232
36544
3841
8069
41303
38843
17766
9238
41558
11981
19770
4947
10984
36396
1637
24198
32856
17796
13550
4966
2043
7825
48974
48542
30367
151
37106
1690
42196
31455
18208
27357
22559
45750
47870
25723
2336
11756
25704
3912
44597
38665
33091
28745
819
30833
124
11729
10364
25345
3168
11397
13162
23373
21019
4810
1484
2650
48463
43268
2239
29194
34033
44611
24401
2100
22353
28416
42484
28303
38662
11303
12684
24275
9112
43182
23051
29434
39134
32922
43026
5142
47047
41311
24843
49076
1760
49382
39159
6277
10922
31301
41088
13683
48400
31421
4217
22362
43308
46007
31784
27087
21937
43661
46791
12788
18665
33715
25844
46948
34674
8293
8170
5588
28258
44077
27450
44684
44012
5302
1101
7720
7866
29965
24519
12014
20885
22039
4813
8215
1031
7553
18604
10920
19268
13168
45638
30741
37890
22735
30953
2992
26190
34820
48582
914
7339
4430
40909
16844
38864
36625
47624
28776
28606
17751
45799
33405
49418
32390
7824
19087
46447
15816
45823
33123
34644
17153
5059
47764
31312
18103
44814
14830
28021
4824
45793
34805
12609
43501
19013
42610
143
22654
19798
17957
1035
4999
3091
6581
29465
20104
15534
35412
2542
20025
37380
6888
37917
17326
20541
35396
16285
33785
17370
11219
3754
36724
43561
28943
12305
45220
27385
12796
14514
47792
224
10909
8552
37933
8703
5206
961
41671
33466
36768
20706
20324
2625
43917
36656
14951
14864
13515
33738
29294
17925
43603
24510
2965
25565
7762
30576
24289
19138
18002
41965
22968
17000
40760
37261
42261
2475
34986
37542
1220
41515
48401
7232
33543
33244
26919
29388
11711
26409
25255
9416
44078
29833
41641
20717
10009
12906
21311
14755
10532
38845
45247
23144
39010
2111
15231
21475
21447
33173
25085
1013
37835
18585
22670
18976
32338
19019
24989
32521
39031
31972
20689
39994
34612
18334
47443
15023
9180
16883
32344
29971
3307
18090
49351
2222
25
17688
21698
11459
28056
8034
8827
39913
39206
34912
33704
42460
17936
26476
19239
21313
47546
28503
14628
42690
31984
2150
24354
36716
6810
48065
20504
15800
32345
18254
2684
22836
33213
28494
31794
12369
48753
45741
46340
40673
36110
17675
49028
48897
43070
16663
24298
44600
49653
12641
30608
655
29391
41593
48981
23390
39054
33557
15986
1579
31112
6918
23945
10025
43021
43734
2510
3686
14719
11609
43977
41009
3676
44422
17035
44131
33619
29214
49952
40316
39537
2970
10828
38401
41909
4417
14274
45009
21872
32966
48277
26517
33883
4440
6747
235
37140
10517
5718
22986
43114
12852
29241
32434
28692
21580
31451
46612
46322
33506
6551
15232
24176
35170
45141
24888
42888
2409
38026
18596
13452
44917
2252
10374
23458
12203
619
49996
24950
42777
13137
3656
16585
13018
22339
41924
40264
4805
9974
9142
25835
47434
45918
26513
17491
48067
44795
33967
9125
32569
11093
44915
49192
32534
35845
1743
11833
12218
35851
28722
7316
9785
25357
2786
36296
43697
39544
35950
2774
42748
37638
23097
44566
47811
25866
47760
11672
32709
23915
27595
6526
30922
39370
45693
47600
14999
46407
47396
17697
40664
39205
25999
26429
15048
29815
47302
48895
32710
23686
38125
26800
45765
34245
30877
40128
32063
28367
25121
46418
21132
37048
32435
34148
15078
39148
1085
41785
24635
26084
7044
7242
42186
39808
38061
6145
42527
38336
1627
6824
6101
6246
46066
49046
11748
19926
25032
32868
6107
12171
23821
27793
47979
14342
6350
23527
39188
19834
36842
44018
43688
35114
40551
19645
24225
37825
26492
18172
36576
49516
15390
37033
47752
9029
45976
48565
27478
18338
31564
1819
48396
32746
12302
45806
34762
5443
6148
9356
42079
48941
42447
164
48267
8021
13403
39133
15719
45607
23593
5661
40879
20514
44492
31734
13603
30864
31135
42671
33769
44486
28032
1053
49862
20527
3994
31408
27678
36304
48154
19303
44258
5148
21763
46052
23542
40514
19420
19421
49533
41328
12199
10939
32828
46403
3458
7226
17908
48525
34035
7084
3631
8545
42742
1596
32949
11191
1536
44779
39046
6473
34829
43284
31416
47634
5680
6536
30100
11358
49874
770
41552
12604
31963
15218
6035
16789
48593
2602
19456
6179
5263
12933
21183
15107
34795
38751
27767
13844
21730
4843
20193
20950
327
38738
23084
35261
8937
36613
1342
43820
26228
49034
47653
3655
38181
31228
41491
11539
40142
37851
13956
39759
2152
30685
11657
17597
38747
30842
36192
48325
25469
36243
34157
29357
34706
17554
20113
24701
8763
11204
11875
25340
42380
35716
35131
15116
34264
25645
41603
15804
21155
37481
39680
9233
49119
11369
36645
34288
35830
18990
35222
27126
43426
31857
9197
22863
21514
19562
48723
10908
16916
40438
39874
23412
15846
39357
37188
10938
1453
36241
12804
41142
33425
7041
32958
46846
21958
40323
1237
27379
11381
37351
4870
11432
13213
16760
27414
46429
30033
18050
12168
37956
23469
26025
39639
25025
31315
24187
1959
19705
2019
4682
680
24966
6172
26921
29385
22082
27567
21620
19823
15771
18924
11287
29217
20993
33948
44417
13365
18540
32859
23520
49636
37714
7265
20482
15050
48747
30706
1635
20666
32422
15410
46602
32396
6545
12066
20003
4130
26537
21800
9847
29279
36620
29164
12508
19646
34643
2556
1222
20480
47878
26199
31577
33086
47096
21146
1733
14003
30481
19230
12550
14508
35119
9339
8436
34443
12587
8734
26685
5745
24955
6672
15052
4685
9414
7250
41969
33366
437
48103
25134
40874
2267
14845
19322
9706
9381
47191
24577
29097
2713
14660
5182
19511
14133
48710
39258
30621
10029
4082
23411
31500
27667
31942
20225
9977
209
44733
36493
20628
32536
7843
34861
18256
23339
46765
39678
18936
35903
6893
728
29640
43869
10200
18353
36460
24886
35565
17759
7143
232
47116
17087
9828
40767
3122
16442
22947
7975
22502
3861
49623
10985
21811
29253
6506
49311
17060
13932
1161
26611
31928
10510
46492
44255
27741
19715
36176
48483
11687
26319
4937
387
44274
8514
29749
34602
25406
38310
2777
25321
17317
40824
16500
45169
28630
36602
9839
38834
16784
11651
41029
22795
43439
13988
1989
4752
12411
9457
21908
22277
34324
26122
48072
15071
46495
10431
2407
30249
755
40894
35600
45826
47454
34211
35591
13180
15001
43407
47650
19272
32397
30485
27362
48229
20362
34849
22356
33595
29223
24672
29736
45155
10026
22328
5374
37593
9198
27095
21673
10600
28749
36069
1371
16499
34922
44708
4452
22534
18903
4911
11439
35099
12850
36380
45751
17389
10563
38318
4377
9320
49655
47474
3683
26192
23680
19419
49834
30800
41709
45796
132
38251
25234
10176
1360
16106
34725
1529
3435
3323
14131
6517
28382
18895
25397
22488
33468
49776
36463
33278
47809
38612
47858
935
42027
43691
45164
22157
35672
28378
17427
47497
37796
45474
38771
23549
45944
24649
23606
24646
40836
16546
