6
11
41
142
276
291
328
377
414
428
456
469
479
482
484
500
515
536
543
574
589
613
623
627
660
678
688
691
701
713
717
723
742
747
760
800
808
819
825
826
832
854
870
881
920
1023
1048
1064
1066
1125
1154
1167
1171
1173
1202
1230
1240
1244
1247
1248
1249
1264
1268
1296
1322
1342
1346
1350
1353
1356
1362
1413
1490
1524
1542
1554
1567
1590
1601
1604
1616
1621
1682
1739
1740
1741
1803
1855
1866
1874
1888
1931
1966
2031
2035
2056
2096
2115
2116
2169
2200
2209
2217
2225
2243
2265
2289
2294
2296
2408
2436
2454
2468
2495
2546
2561
2601
2634
2658
2682
2737
2756
2789
2793
2795
2819
2845
2882
2892
2965
2998
3006
3017
3113
3117
3132
3133
3164
3190
3235
3255
3257
3318
3328
3433
3460
3492
3525
3535
3557
3568
3598
3624
3692
3754
3763
3799
3811
3820
3848
3877
3932
3943
3954
3961
3978
3998
4001
4021
4046
4071
4156
4201
4251
4278
4304
4319
4349
4356
4387
4436
4437
4479
4486
4535
4540
4547
4562
4574
4584
4635
4642
4659
4660
4661
4676
4681
4689
4704
4757
4761
4762
4767
4779
4790
4810
4832
4841
4890
4941
4947
4958
4965
5013
5016
5049
5052
5067
5101
5171
5279
5323
5337
5350
5391
5408
5418
5446
5527
5549
5600
5601
5623
5626
5637
5644
5678
5724
5735
5752
5765
5833
5849
5866
5926
5970
5972
5991
6005
6061
6070
6089
6100
6152
6158
6177
6197
6225
6275
6278
6279
6283
6296
6304
6316
6350
6379
6416
6419
6431
6480
6497
6498
6518
6544
6573
6623
6633
6704
6712
6768
6800
6807
6809
6813
6838
6844
6878
6946
6954
6963
6973
6984
6999
7008
7015
7032
7033
7081
7087
7099
7120
7134
7151
7172
7179
7211
7262
7323
7341
7351
7355
7370
7377
7450
7472
7478
7531
7559
7584
7590
7653
7654
7726
7745
7789
7808
7814
7817
7838
7877
7905
7934
7937
8075
8168
8195
8200
8211
8229
8243
8252
8268
8273
8295
8314
8333
8346
8368
8414
8475
8496
8503
8531
8579
8582
8614
8681
8684
8713
8759
8798
8889
8895
8900
8904
8916
8931
8969
8973
9053
9058
9073
9075
9090
9092
9117
9120
9140
9165
9184
9228
9240
9256
9258
9284
9341
9356
9369
9408
9424
9428
9473
9553
9559
9613
9625
9646
9691
9700
27177
20666
49862
20972
41940
42186
9732
43676
31430
27329
3593
11821
40016
39954
34762
23592
24424
13607
15484
5718
11690
37907
23888
28252
41983
11041
45622
14241
45080
30350
30057
7264
40710
5679
41549
30427
45978
41260
3742
33528
25448
13188
38438
48396
48600
41074
19092
14629
34823
31118
25406
25373
26566
21125
25067
7918
39464
24888
31448
16069
11113
12122
37725
28663
22356
12765
16696
15424
37654
28275
20803
13847
48941
32904
3530
38707
44187
33663
13723
30877
18903
10460
9381
17603
23945
44626
35977
25229
40128
41552
39562
42873
49404
931
48895
17248
3754
35340
2831
8344
21673
4077
6267
37356
14999
27606
5921
41969
21970
30033
30222
47434
28139
45796
24864
13306
45453
6647
22631
29831
6003
7001
42562
16883
42145
18172
23795
9200
12491
34564
43390
36720
28355
11239
17796
43661
25892
19239
7003
47369
47734
5443
7084
34643
2998
13046
7092
5402
37518
18794
43736
5381
29339
14200
17204
1191
47937
38428
48218
32381
44028
38122
45300
14628
22354
8091
44478
47600
47874
37206
41341
6367
11466
28504
46144
37887
41188
27126
36642
19184
40425
27127
42592
5268
44379
2871
23881
35845
204
42660
33044
42291
31784
5785
11699
42525
5059
43022
26428
33799
1730
10936
34362
4663
46311
24231
40929
39087
40804
40677
18103
2296
29797
38831
25139
6745
6645
47595
9758
14694
8679
48650
23630
2100
40811
40153
30813
39680
33402
3621
5398
25815
10183
49265
14414
15211
38181
24843
48511
46447
27567
22525
10007
34211
43461
13806
4546
26611
36826
15805
28061
23251
12885
30334
33769
31112
12168
17025
1613
7267
46921
39657
16386
15445
29815
37380
9321
16475
33551
49771
45369
8474
6826
41004
26448
48974
40094
4404
47752
45753
3111
11675
9742
22721
3912
7257
44917
31353
19138
22362
38141
25940
33091
31928
47580
32063
26685
49382
26841
5723
10176
24852
49279
12000
34141
47407
7975
1248
19230
36060
27474
26698
42079
22242
1023
9320
4409
13500
17172
18085
45925
27486
43538
35208
2566
6262
31564
4094
17858
44128
12596
19077
29833
1485
9360
47047
38189
21612
34230
12735
27648
11408
36816
23387
42859
34432
6795
7968
24646
42261
31238
13916
224
39756
1237
10532
24552
47352
42614
18070
37851
22384
26476
45794
34443
20293
44489
18742
16778
7341
38612
49747
33436
10357
899
16670
26885
33687
43688
24418
49353
34652
36486
46912
23152
30074
40696
30920
27183
19087
1766
350
30583
6526
27164
12359
29550
40755
47873
4417
143
17847
11331
19675
24423
43028
18621
29375
2159
587
27353
46948
28236
22872
16668
27937
6925
40031
34265
32345
26247
3098
44387
26782
49804
18736
48401
48855
9521
36111
33069
39997
1420
1159
16862
25999
5318
18884
20755
40993
9414
15385
28630
17574
19511
2653
9808
47888
34805
46539
40760
13495
10815
14231
640
7964
7638
29408
27082
27834
11212
2407
1628
738
35103
43302
23764
15497
43027
30812
19692
117
7133
18217
28277
46404
12508
11780
42956
5066
10345
3809
26502
45140
4082
49874
37764
9198
45248
26618
12458
26478
7575
10218
45730
40035
25475
9980
15360
42404
12824
11687
26542
14236
48203
8958
39205
5169
21311
20093
40313
21132
44733
6486
45350
19959
6824
3139
104
14719
9416
20113
46418
43268
27741
25344
44817
29847
14660
18050
4959
28542
40302
29878
33212
43697
46256
17766
45638
8942
2479
30800
33557
3783
18250
26537
49655
10400
9839
16960
755
20106
37735
34861
38843
16059
1642
38336
16097
25569
44342
14625
42923
34775
9233
5583
24049
1579
1371
12101
33627
44522
9050
30828
48448
3403
18870
25835
807
14828
37287
6545
8069
36263
11729
22909
9125
22100
32581
21941
38310
18033
22092
16337
9814
31963
31681
1874
31197
7277
10001
28859
8053
48956
23269
20332
20135
32871
6854
4190
11651
20609
36661
4899
32637
14959
41444
16762
40316
10199
15513
29427
20950
38845
781
35891
6523
13367
228
42013
9170
4590
29846
29216
3470
33468
17208
29931
1085
42616
3994
48463
47870
10939
39200
8703
23678
19281
36348
6941
24156
20921
15945
11647
21292
23066
8545
40468
48627
43250
28194
41311
48241
11219
28869
10922
36561
38298
19366
27687
40824
47474
29294
38674
3631
3096
10200
23683
8763
37487
36821
30481
4911
31299
9756
13176
33967
10025
40823
33536
15904
1436
41965
2796
22559
3435
37149
45686
47790
19705
5429
20504
45575
32435
22786
3095
17173
32193
14352
8877
13184
25456
16546
12138
42049
46336
28222
9554
49200
16970
19420
7020
39637
27563
31852
32975
41632
6297
45429
49171
44209
29749
25723
42136
17597
30496
21560
41887
15986
35848
13076
25709
1842
2955
37701
24886
23339
13432
42819
48188
29360
23956
11233
1013
37789
5745
15076
17295
42893
1228
4678
2631
49192
1635
6859
39963
44015
1627
41621
48167
47499
23458
9197
39814
38856
42232
39057
45141
4948
15489
45958
26793
13484
1484
33924
16398
6537
49621
44573
3341
26205
18282
49512
8442
30212
2400
1318
18126
26025
1246
37033
13802
26966
48298
3729
22502
49095
45524
48229
40544
40455
9256
46885
35930
16887
2925
9653
25294
12193
5419
23366
14906
23878
23082
11602
44417
32710
40653
23762
1194
19646
854
39295
49813
27134
18090
36192
38677
6025
46979
2618
11358
32922
49210
42167
23
42540
12641
4105
3192
10908
22709
47451
10019
49550
8633
43912
21572
30100
31984
34621
32752
48753
46123
48925
44684
12804
26151
21580
5682
31342
9994
9530
46379
2299
15026
24950
25500
18330
529
5338
4130
3290
24275
745
44650
42156
9941
27610
47650
243
49948
985
23706
32781
33517
6095
39305
9706
46191
17583
19489
25747
4734
24186
31356
47135
48940
2112
14838
6926
27240
31780
4152
25935
39415
19984
23469
39020
29253
33696
8949
23413
18342
35455
19109
34288
31622
42009
22885
21636
47115
29720
5134
11310
34798
45751
44314
37457
36638
5000
11634
34311
44055
45862
41921
42888
12238
2150
19482
31405
2602
29691
17282
34942
7175
38559
46050
14845
24673
26798
43917
18665
27051
17342
19941
32074
45180
7242
32397
29327
2369
16064
33012
32198
32314
17748
15664
18895
36164
14513
19685
30748
48214
15048
39086
12996
5474
40047
10311
13440
34920
34142
5796
42529
34075
19308
40850
22947
36596
40946
17596
15064
15071
43439
29572
32197
7315
41431
38864
14604
40323
48947
22828
17417
13956
6581
35303
49412
46073
20003
12077
34953
46558
14178
36613
33364
19107
16585
41088
10563
45078
43837
24556
22277
36687
8603
36576
43298
3369
18024
29506
35439
49088
33885
28722
32828
16863
41801
47671
13965
21435
47965
45247
35221
7754
43597
38786
15536
14916
22787
23876
48519
10938
41331
32412
42748
19477
23087
6294
5376
17351
46257
20027
46429
13335
31857
23570
4064
13414
21965
12897
34338
33595
8335
39091
30724
40959
17577
22351
23618
17072
326
18909
13049
39617
31931
1955
20789
19303
40357
200
5230
35136
36823
9924
30576
46105
16333
24635
3528
23208
43117
29752
9339
23154
6768
28177
34242
13120
2411
26054
12171
42380
42565
6127
49704
35971
47361
23050
40202
21581
23370
15592
41443
36808
48771
43426
3636
7538
33848
34725
32228
38534
22488
2874
33733
47161
24531
31301
13140
15722
19927
49061
15038
31508
2989
38372
44675
10984
26355
42460
9736
18965
2203
8983
37865
651
49853
4015
38548
48065
14678
17143
34926
46334
38959
9901
14830
2043
39000
12445
48373
4276
13734
39842
23130
47934
18308
15035
2836
37256
6804
10009
2684
2556
48913
10600
4391
30336
2774
19019
22860
32746
16129
32918
40628
40096
16621
14084
34467
33086
12524
6179
16844
14411
37097
8431
20935
25985
38751
32855
47331
12632
37603
48206
31228
29107
11833
39697
11369
44612
31133
8256
9112
6750
5708
29802
21719
40513
23328
4452
48819
43308
44999
47764
22670
43388
15193
25793
7254
1402
38297
38148
47545
14443
25844
28492
19855
37077
39544
41537
40466
29538
17285
4430
34684
32699
35872
5497
46550
3682
31457
35117
19430
21588
9764
24781
16287
3262
39224
7632
27464
41672
22087
25704
18820
3567
44018
40551
11381
24717
24973
11318
33541
43431
34602
34272
6101
44248
14994
17715
32237
46208
21621
46042
18676
18554
28501
36986
409
28490
33791
26206
33381
7705
40298
25913
37956
37574
27830
27680
21698
34740
24394
23451
48483
619
36012
20310
4877
35222
22767
36841
29965
36788
23051
19275
1537
20225
41327
45799
2124
45823
692
44131
7650
11070
19823
7967
40991
23955
26192
36285
1035
33178
41203
10676
30922
46052
3775
10554
7278
20487
33565
14639
34542
16685
13920
12684
38409
48575
6554
11048
38490
24145
46469
7339
7916
17966
36625
29913
36602
49135
46835
1531
39639
5636
34552
30001
4937
21475
26800
46009
25430
24312
4907
31558
28760
33497
41870
164
35900
6932
27362
20927
43820
1637
48103
38769
15232
42209
47096
43074
4668
7458
37748
43488
30128
7239
32694
8171
8084
46307
30682
34013
2729
45452
13077
5582
28644
2681
44023
39323
14457
34932
32907
36688
44795
3730
29372
21800
40982
20372
31842
16283
40557
10379
21359
42093
35219
836
4167
34033
40039
24155
27767
35261
48142
11406
39337
29687
36645
37473
16611
3266
15657
8734
32599
49214
16663
27102
49209
1646
11917
36842
11090
40748
3986
48802
24232
43888
30594
26516
43424
43236
43995
31752
38069
19272
20771
234
30603
11412
6829
28565
13635
10920
33256
32191
36913
2252
29292
1101
18904
5907
33213
16574
31753
25152
25298
7867
7190
23135
34696
17738
8170
41297
4095
20437
41064
26335
12254
42742
15879
25291
7541
10374
46122
15040
38462
48047
15479
43905
33247
13162
35332
14480
10213
31071
9142
18655
16440
286
29731
28374
17105
25904
10774
25645
13844
8552
35781
41650
14188
39197
26309
15726
29456
33491
7073
27295
13261
8436
33405
41476
20775
42311
19322
12736
41534
473
30143
3826
49667
1327
10909
17604
3716
39939
34322
35903
20503
249
36176
13066
17326
45719
9084
3943
5361
667
34951
21846
36607
16499
44068
43373
36522
32339
