10
29
32
84
131
134
202
225
227
246
273
289
318
332
354
400
430
433
456
529
548
724
764
782
799
821
833
858
872
875
906
916
933
942
993
1002
1020
1032
1128
1129
1131
1158
1178
1203
1237
1248
1276
1298
1398
1440
1495
1511
1512
1526
1529
1548
1556
1589
1646
1669
1684
1707
1776
1778
1791
1809
1835
1851
1869
1875
1902
1925
1928
1975
1984
2041
2043
2111
2114
2144
2147
2156
2212
2216
2221
2304
2330
2386
2414
2419
2430
2439
2458
2469
2508
2585
2587
2597
2624
2630
2636
2656
2659
2754
2799
2805
2813
2825
2830
2839
2855
2856
2860
2869
2958
2973
3012
3027
3029
3040
3087
3123
3204
3245
3247
3286
3287
3288
3296
3298
3365
3370
3377
3381
3473
3482
3497
3503
3506
3512
3528
3609
3656
3666
3700
3718
3723
3735
3742
3767
3782
3816
3825
3872
3885
3914
3938
3965
3978
3992
3996
4007
4022
4030
4037
4045
4068
4117
4135
4174
4220
4236
4290
4335
4337
4353
4387
4394
4428
4453
4546
4561
4565
4650
4658
4662
4666
4678
4680
4725
4743
4764
4782
4828
4839
4863
4881
4928
4954
4960
4991
4993
5002
5012
5027
5045
5077
5119
5139
5151
5155
5171
5298
5305
5314
5351
5375
5379
5418
5487
5498
5506
5531
5548
5549
5583
5611
5626
5681
5683
5696
5720
5736
5801
5846
5853
5857
5862
5912
5920
5924
5978
6008
6043
6052
6072
6075
6100
6111
6115
6118
6132
6172
6185
6192
6205
6218
6244
6331
6337
6368
6404
6444
6449
6471
6514
6519
6561
6565
6574
6584
6599
6608
6628
6648
6656
6696
6719
6723
6726
6765
6766
6779
6844
6855
6867
6872
6898
6936
6965
6969
6988
6994
7016
7030
7061
7063
7113
7119
7152
7193
7218
7229
7244
7246
7289
7300
7315
7321
7346
7386
7396
7423
7428
7448
7489
7513
7535
7538
7588
7641
7644
7646
7661
7680
7684
7686
7720
7742
7748
7761
7800
7811
7906
7937
7952
7969
7988
8027
8036
8093
8112
8114
8154
8160
8172
8192
8229
8264
8273
8302
8317
8326
8343
8369
8409
8472
8490
8495
8498
8516
8552
8579
8698
8699
8704
8709
8715
8728
8741
8759
8762
8776
8812
8816
8887
8891
8894
8898
8908
8917
8918
8927
8957
9015
9042
9064
9087
9102
9110
9117
9155
9158
9175
9194
9234
9251
9305
9306
9311
34822
19468
41918
7180
6079
44745
24775
17641
45947
13928
29263
44944
36707
20346
44819
36973
43385
39634
45752
10454
5492
9135
18422
5321
4072
29685
40506
48808
26624
42773
13941
17614
28698
13001
38304
46080
33691
40907
4791
24071
26797
25802
36157
43626
41349
46841
49819
17920
27136
1041
46657
40511
34901
14089
32725
25570
29834
28563
26534
31499
41597
8067
22402
22049
7318
46231
13986
26558
48907
23261
46432
32134
3801
26106
20639
11205
48999
5848
46882
12370
29235
13971
24135
45389
6108
4657
36870
46555
2162
20571
25179
35368
35960
9185
1426
7498
30461
42029
13748
25378
6847
42252
42496
14289
24571
33894
11492
20344
46801
47204
13541
28433
8255
9830
1496
46604
7852
20117
43411
28554
21749
24148
47196
48331
36809
6402
47683
7928
25490
41713
20714
15471
36761
7869
22913
1864
19496
24551
36320
41914
49430
27796
12096
49614
40891
26688
20121
29201
33925
33914
8710
45454
1608
19589
27441
26657
26711
40726
40577
46262
15876
27108
19837
22467
15397
16296
29960
6883
17214
30338
16449
14340
39289
15083
39599
43438
11119
34297
44120
12033
33262
49576
15311
26535
32843
43730
3792
39885
9248
16872
49742
22593
44276
14605
38209
3475
26160
37194
27779
4243
9371
42752
10746
36609
23715
34330
43123
969
18180
49975
30571
33318
43551
29247
30318
7789
32998
42522
19140
34486
34658
22512
22463
13330
41594
36725
48183
2432
49545
15053
39375
38390
41334
38275
34768
34055
36014
7268
6466
5046
34498
24910
44152
9173
10752
37236
26813
26609
41168
49822
1603
16366
6914
12091
43877
25447
28631
15217
21655
9399
29028
42008
48409
2933
18486
20626
8609
38377
4288
26036
28331
35307
26736
18584
33301
47717
23189
861
33879
34000
41917
20425
19647
331
38648
10942
684
29488
29780
10937
6507
49762
38472
12045
13811
29050
6351
21962
42474
37773
4073
23702
3813
14702
3763
23690
1363
14936
20091
6619
46855
5277
7519
7474
2530
23857
45249
23996
45152
27246
40852
3190
31978
35976
18663
43773
13254
39152
10021
46682
7603
7615
34510
25277
42195
35532
12076
19544
5713
27152
17768
32695
7539
4083
31603
24922
17658
11339
19249
16932
27297
20413
19881
45857
44913
28029
12216
6758
10501
49083
18283
24727
13297
40249
4720
9609
36145
28864
4437
2947
37769
37912
44953
13602
41497
42646
27270
41589
11047
16157
32416
18389
11357
30986
26126
8635
12316
730
5578
882
36779
479
9291
25305
45216
41372
24871
32222
47132
9008
28356
4531
15834
11293
45066
2307
35163
35994
7205
5445
39294
44507
39919
43922
4558
13533
41734
23465
28028
48039
35583
19847
35772
31065
26770
48507
16243
13202
47721
18487
43233
8467
45754
16119
22105
19913
26260
10948
41903
4835
46424
47478
3472
25633
7906
43751
19838
37584
43013
45783
11320
20367
32558
16405
48719
27662
20593
49970
19344
37998
42657
19327
41514
48952
6462
4569
12155
44693
22453
49775
47819
22638
37271
49233
35595
37951
4829
869
40737
7460
43845
47973
19061
11724
8507
37109
25953
46459
49982
9817
26559
6162
11653
19387
25504
35009
24518
26302
26202
7551
48638
28608
35755
8908
12882
34980
42382
12681
5963
3110
18147
12966
28190
46571
38171
39074
35154
39410
39608
36124
33132
22517
24779
21640
6913
2137
11052
19853
17184
8122
15954
36113
47217
1002
49855
47044
44103
30866
9300
45931
44390
23018
1208
36000
26690
43720
16987
48798
34042
32630
21174
25769
36474
9794
14070
33169
32043
3355
15614
21914
16452
37135
7651
36601
4010
15269
43105
42011
9973
27766
18479
955
22413
27012
38652
40668
29950
15448
32304
43707
101
8739
32389
46653
41998
46437
29583
1823
998
34452
22411
13830
16438
47467
10441
4179
26123
48506
9222
20917
29337
24490
12329
11680
26253
17567
26665
31081
5553
3551
23584
17451
46155
23048
18954
31940
8790
14685
31676
15392
45151
20520
4796
22489
39158
35525
22793
46862
49918
27233
6868
7749
3003
4405
30159
16536
11199
36503
32596
15860
24991
476
18186
6649
33043
4836
11623
47439
314
29979
32451
1723
31712
20882
41719
26716
4025
41493
2406
21544
21574
41871
40226
49609
1076
20488
20624
29038
27115
37662
28149
2025
11855
48758
7946
42827
42997
22294
37640
21017
11231
22922
13857
3762
3340
13552
17660
1252
40354
5856
6729
30848
31346
48045
10418
11419
846
37765
43749
41569
32702
42949
25686
34606
27165
38338
23314
47654
1685
5945
20648
37804
23948
8918
45949
41872
25254
27826
21459
31975
32139
27586
48346
38887
8153
22979
40326
13590
9943
35141
39979
25765
40847
11079
15361
17321
36240
24330
9738
6980
3385
36219
26575
43295
14313
13976
24565
16209
36812
2892
35007
30975
37415
14575
18469
23094
48834
1104
36772
21326
49298
7680
17919
36043
9100
25639
19455
19234
29215
21415
7065
42189
11668
4799
26675
3654
42056
11011
45282
28731
24868
37091
5725
41527
36222
1358
36422
20196
33275
37357
48572
37733
1321
49299
27203
30476
11131
40404
11055
34155
25950
35629
25773
48966
22620
5128
28477
44621
12237
36643
9976
47902
26009
9600
1961
42865
27673
15854
19221
41066
31527
12595
10506
7230
36714
15129
34851
1449
11617
41285
48402
22239
26
9656
39659
37965
28808
41020
38697
949
24443
5455
17096
7532
7812
45778
35500
38445
13914
47327
27475
33582
39175
38982
40712
29861
45012
45117
17650
48452
14315
23807
21122
29449
42373
32825
20932
334
20345
41937
27628
37756
13439
6430
31463
11998
28091
22919
30113
32527
10565
12517
9564
46196
20569
26626
7489
28880
20397
4855
3447
23913
548
44893
48170
7122
46815
4266
22868
46977
20338
18412
16130
42914
23353
16131
23998
46425
30817
7803
30779
48946
11025
39865
13502
4745
23378
23862
41271
14373
17836
29460
26883
11760
3552
7593
25664
4110
8183
6700
1888
42084
34005
38829
30288
3787
23083
27876
22778
43971
10745
38093
28712
7924
23974
1025
3429
41027
7228
37410
39151
31861
41108
10749
17496
35479
48144
28050
42806
41658
47995
28308
8029
21049
34490
41353
20301
46325
18187
48326
28587
36511
5319
16014
7771
27753
6714
41446
21864
41461
19799
23590
33841
49218
23824
22364
8385
31844
7412
39604
35697
7411
26323
15106
21536
9421
18998
44409
27298
24154
1487
17446
13201
42129
15313
36800
22809
35287
19422
25663
7307
15305
30624
24124
10044
7290
12618
30266
9694
30737
38761
26029
44408
6186
29011
37812
15265
17137
11324
26928
40155
15057
43843
23589
38879
6936
16301
44802
36159
792
2326
26906
11434
36990
43257
33709
15739
4128
377
16522
46503
46745
3351
30541
2154
34865
4934
33211
25218
49143
43110
7235
19871
14148
43573
25640
1897
1098
31731
37863
3749
4302
43430
18400
37983
30880
3100
22406
16635
23417
7566
33972
41057
47146
17024
35246
5478
48957
45896
22923
629
42547
17505
49934
36087
49626
8162
2197
3172
14623
44084
6185
17401
21873
31406
47553
34649
41738
18798
20390
5918
7343
27210
38912
4519
19113
25535
37429
49478
47812
43339
20929
22850
22125
15335
5062
15421
22523
36275
27208
44383
17803
27540
18446
20007
4329
3218
18286
691
11105
4439
49544
38931
26849
18233
36518
2164
49792
6404
3594
11040
6732
5733
37785
32371
42548
20577
23536
36418
29871
26064
5966
48315
2042
47737
44455
3365
32108
22914
41306
19183
4033
8420
23700
19808
43799
4087
42074
25273
32160
3194
12956
8179
27331
5023
4481
5876
9914
40603
27967
39045
18109
15941
9051
38127
45362
10809
25771
26862
15298
39910
34361
36961
17664
43722
25705
17978
4630
42417
39272
20131
45467
44576
24707
4310
10430
42757
35899
9926
47313
47997
17413
6618
24961
43779
14647
32230
28838
29643
41511
22562
18474
33443
41389
37350
10557
7999
16401
24751
34345
43716
41384
36226
46056
29654
40086
1461
22565
25359
44429
28792
31913
27938
4020
13287
48243
43490
33714
31016
14972
38429
33955
20255
21991
25073
4483
25547
1965
42187
37120
10587
35298
38068
16817
49448
38521
34379
7006
37304
48368
13601
11353
47643
32715
24411
17543
39903
39187
32520
29021
10595
41116
6658
43704
18787
25983
7689
809
33393
25559
20215
3125
8962
38193
24335
7584
16360
42766
30122
35205
34647
36664
46371
21567
15682
47603
3795
17879
1534
18335
5329
25667
12886
24031
38649
10182
9846
22110
14161
24869
18867
806
17646
32510
7872
49563
38945
33358
38557
30015
23443
31078
19151
9737
27993
4672
45082
19381
29467
49832
25899
39751
3302
2668
42708
39150
21783
39300
31606
24060
27619
21712
15169
17828
41213
24705
12707
32293
40756
2944
10048
16495
28055
15659
21501
31179
42086
33133
32400
19607
16808
44768
28457
11960
3870
8133
35541
6596
29423
46411
39024
6030
44562
4737
21250
1100
11477
20522
13813
21277
47138
42845
19787
20378
6905
28330
19099
44039
14924
18619
24538
10929
26525
2443
26111
4449
34159
42737
6540
37370
7517
47970
11564
17912
37399
15016
3287
29569
27772
13931
30339
23218
45631
14368
38215
46230
266
41694
22701
44513
22273
9856
2181
15829
8760
2452
13688
38504
6855
43456
23995
17930
38976
22634
31698
35296
34047
29154
35100
43254
44550
13205
37967
43701
40624
17104
6812
30059
11476
8974
17195
12671
29848
32517
30022
11625
19994
12436
5147
35024
38706
41826
4007
22794
2565
11739
43493
19433
8598
21368
15154
27658
38360
22662
36077
41639
8863
34360
35794
10653
10508
32826
4349
46515
29662
38903
36
10999
17863
43744
32621
28773
1055
17814
39665
24560
12007
15807
20638
30204
1839
34999
19771
42801
47998
39644
27222
43065
9163
27407
48830
17785
30777
25256
33092
29260
32155
32982
45568
24065
9081
43981
47684
36431
25971
46417
45897
35770
40057
49922
36709
14321
29607
32350
13259
42545
20144
6902
45330
17541
8645
10462
12450
30055
39461
10189
16228
6348
28592
40216
49619
12904
7493
48599
20525
10731
12304
8599
22826
8139
15856
33371
10488
9591
28423
16703
33387
31503
45351
15470
26399
6089
48585
31868
23063
20447
39761
26462
41182
41060
