30
31
47
63
88
114
135
201
225
240
255
267
284
307
340
364
365
368
468
472
483
497
531
572
608
609
612
685
695
696
720
725
802
866
905
963
1078
1081
1102
1151
1249
1251
1306
1319
1337
1376
1385
1440
1499
1543
1582
1639
1733
1745
1751
1776
1787
1796
1800
1811
1812
1832
1843
1902
1904
1911
1935
1975
1995
2000
2001
2004
2022
2033
2068
2076
2084
2131
2151
2320
2364
2423
2455
2463
2465
2520
2532
2541
2548
2564
2582
2588
2590
2591
2636
2672
2679
2797
2817
2834
2850
2881
2888
2897
2932
2958
2962
2968
2982
2998
3002
3033
3039
3090
3096
3111
3146
3191
3215
3222
3235
3237
3249
3288
3300
3305
3311
3316
3366
3411
3413
3438
3546
3553
3574
3604
3628
3733
3738
3751
3775
3780
3853
3885
3900
3908
3961
3973
3982
3995
4007
4026
4039
4060
4125
4166
4242
4291
4327
4330
4334
4338
4349
4411
4442
4547
4549
4551
4557
4592
4611
4646
4654
4700
4729
4733
4766
4799
4808
4849
4865
4873
4883
4887
4906
4945
4953
4978
4985
5158
5273
5275
5322
5325
5331
5351
5402
5413
5489
5542
5570
5579
5598
5600
5669
5673
5689
5691
5711
5752
5773
5828
5840
5857
5871
5902
5923
5934
5964
5977
5999
6001
6005
6007
6017
6028
6038
6050
6059
6070
6073
6085
6100
6108
6114
6133
6147
6178
6182
6188
6257
6283
6287
6337
6341
6372
6376
6393
6404
6418
6430
6456
6487
6528
6541
6552
6565
6569
6584
6713
6733
6734
6763
6786
6795
6847
6858
6866
6883
6895
6909
6953
6966
6973
6990
7032
7040
7057
7105
7127
7151
7154
7169
7175
7264
7271
7273
7276
7331
7356
7397
7406
7409
7415
7515
7538
7551
7571
7572
7584
7590
7617
7624
7640
7701
7714
7739
7774
7790
7869
7910
7918
7961
7969
7973
7983
8013
8057
8095
8108
8125
8130
8132
8135
8152
8233
8255
8263
8264
8271
8322
8395
8417
8431
8455
8501
8524
8526
8528
8536
8565
8567
8570
8605
8615
8618
8686
8692
8712
8735
8751
8772
8794
8808
8816
8826
8827
8839
8842
8875
8892
8893
8912
8913
8934
9012
9054
9056
9102
9134
9155
9202
9241
9275
9336
9352
9395
9413
9463
9466
9474
9540
9546
9605
9613
9684
9692
9709
9714
9733
9756
9765
9790
9793
9803
9832
9839
9844
9872
9888
8980
9981
6734
21371
13622
21083
7191
2669
29824
23867
33636
32414
18468
33659
37292
3432
46368
11321
49162
4736
38875
15283
6676
17050
31764
48166
22741
22592
28184
16944
8508
9964
47406
28111
31331
48153
13566
49037
23988
23753
38252
43579
39888
37055
18227
41655
14044
39667
22036
23000
12163
32399
49763
9486
6538
38653
12677
6363
23167
40541
40141
24970
19555
18636
26811
41854
24472
7923
47185
12695
35784
898
16764
43230
25584
49047
12535
25227
21025
35241
956
25213
23928
34412
3317
3481
46283
35407
22116
34844
30036
1857
3611
47027
9834
48307
16996
28468
34446
24088
45224
3543
21820
43247
4119
27682
34904
28087
7353
44413
25865
39633
15720
11102
4747
26056
499
48386
43036
13219
27054
28637
1900
3606
30082
1577
48438
13645
46400
39111
6601
17005
43915
9637
48923
20356
366
22725
16224
18195
15547
33995
12658
3592
7986
14430
32282
35093
24794
20392
12984
37716
11068
6573
9504
31389
7895
14561
21784
8115
1896
43309
20018
41416
31980
5114
42751
10422
33191
5258
40064
32347
33559
39328
33981
33660
23627
2554
16026
20218
3637
6696
6460
46860
47417
21995
34161
41001
20819
35122
6677
32382
10858
43449
44135
46672
49470
22846
545
45343
913
46518
16879
31589
48695
3622
12437
39251
27568
18975
45276
15271
18828
6876
28639
23873
37496
26401
44406
38325
19431
42593
9072
33583
13376
5357
28262
19909
28951
19960
26086
11214
5047
32911
33496
24004
320
10347
27565
34915
34126
3251
37556
33855
41370
36589
11281
10081
10540
46719
22309
14596
43580
12463
47438
38500
17649
28257
26165
43876
21069
7101
10552
18428
26397
35987
12547
46117
9082
48857
23543
24815
8907
994
46364
35908
29081
22128
35812
44326
10459
12633
33495
44567
4582
35005
22405
15712
12713
25873
15055
17872
38176
15037
5774
19349
8921
42259
954
19951
31847
48927
4247
14910
39136
44796
33949
19591
18781
7955
34308
12579
1825
27113
41195
10034
19396
47466
27043
9548
34559
49293
26606
10580
422
2912
42550
31206
14191
4238
8615
24853
25226
38604
25601
24573
2783
10308
35062
18152
38440
35020
23344
19779
35631
38425
15970
36203
38243
14503
16666
9590
13977
41506
34544
3651
35426
45281
44457
18139
47275
40689
24856
15613
3958
45000
46103
41438
30199
26670
23773
25594
12985
20567
47983
29667
6979
34648
6291
25890
4178
42268
5982
19973
16876
23599
24941
35002
9571
29957
24050
20016
16251
2651
48773
42075
26133
13709
7304
16941
39758
31518
10386
16504
29355
23970
1412
27123
43393
3824
22069
17605
33698
42118
45376
1094
11867
21394
41584
14741
18010
321
2980
46557
13900
49728
14757
46211
4886
31436
37100
48581
25927
23778
28264
9186
21508
23131
34151
16192
35067
45758
22052
3473
13193
40308
22136
5989
46172
20780
20992
28905
25271
41065
37744
48060
2397
33877
30803
5436
26683
30805
35316
13950
34782
2560
18447
41700
821
6939
17575
37767
7223
19436
23993
24427
3050
10884
26692
26752
5279
44348
48420
18484
48649
38550
15073
9456
13741
38767
41660
31444
7833
12271
14822
36256
41205
36820
49809
24422
19206
31217
37267
24207
14261
17467
20429
20893
22730
28201
4705
20741
15599
1197
5802
36034
4325
7577
29800
38539
48486
4333
43305
1854
11926
21833
38042
34584
3877
5447
40837
38512
21324
45846
43130
34807
18701
18641
37635
9133
30845
15769
45530
2311
43144
10562
41780
14449
11781
5044
40025
33349
18601
34357
43066
9587
10816
17499
35108
7568
28853
23828
11669
20903
16826
30296
42485
28884
25539
43256
26669
2724
33019
44935
16582
38553
17095
38249
36239
20417
15579
7684
37489
46783
4076
9778
40502
33712
27116
12502
31789
47184
46228
4499
43320
8596
22444
43931
35818
7076
19155
22739
6194
12759
19642
31958
23236
13516
26494
47308
28197
28759
14531
33805
37683
7400
40866
28256
31468
41791
32440
11840
32995
8360
32531
28243
41430
39088
28198
24850
4809
17997
18058
42255
29823
16040
1275
4793
45630
17181
24012
3573
27936
7613
21225
43556
34046
13775
49529
42117
39727
17886
15047
38113
20309
45432
8129
6764
7565
29305
20744
15290
18481
5126
40999
12244
45682
10538
45724
39711
7420
42355
48714
12018
46754
45939
4241
13732
10371
17439
36513
22958
5116
49939
36248
22526
26687
3146
19519
48041
25637
21754
20436
3284
16096
31350
45722
13888
28366
178
12838
16870
14947
47575
19791
24892
46348
18500
30030
39064
38737
16750
48343
18323
647
2889
27952
3035
27161
46988
30599
11154
43242
16477
15194
31154
2608
34591
24698
11046
48527
38220
36346
33026
30004
22896
68
47924
12464
30265
38798
42466
45851
44440
19507
38367
18823
2969
47056
46025
28473
12845
4686
15079
20175
41626
21378
43706
37971
35176
19962
27327
11057
32485
32150
29326
5328
26166
13119
23844
14980
4134
25889
39708
47082
4480
22291
36328
49038
19940
20399
35710
7219
12994
27775
8595
8369
39755
21108
32177
25485
22344
42668
267
36394
9789
46640
36775
5991
28923
34044
34583
39421
789
39345
3135
14742
44982
14202
28969
30919
38938
1489
7273
22381
31624
33382
22201
7598
30651
19383
21876
19542
4556
4554
41397
29211
6032
14489
38538
22120
21718
36407
17378
43227
28369
1764
29702
40464
10695
21641
8481
25598
43316
7606
19089
23600
23204
14989
28145
36535
47382
8642
48596
15796
3343
9957
6164
18079
12770
2366
46266
47249
6633
30671
7845
40306
32154
23259
28573
31822
20230
25033
15208
21113
4939
22359
8845
14771
15120
1582
35284
5804
46067
3013
25343
23561
21410
27006
5995
49264
32162
26903
14333
45589
29323
10573
30167
30187
35527
3844
42366
48576
32148
6197
32638
45459
13276
11749
13299
28801
10466
49413
21576
17636
1927
6497
27086
9795
1445
48767
7204
20550
43919
48490
10073
27248
31952
37423
19244
13378
24913
16877
41304
24593
30447
4075
29124
28578
759
21001
21822
23835
8818
10813
41185
2620
36562
17910
7922
3649
46816
40497
26983
37520
19288
30184
36718
13026
37230
4088
27294
42886
41050
15325
44610
2611
18405
47673
11350
1469
18843
40731
35890
32317
31215
39378
43774
11990
29937
32640
4671
9086
21787
3427
42052
38109
15459
31364
7758
16260
26464
15859
42626
46454
37908
40892
15132
26673
24233
8646
43791
46184
2290
7558
739
11059
24259
44105
47590
23718
24995
6822
9891
20971
33904
3450
20614
17521
8984
18051
28398
35003
24612
9243
12941
17537
17563
31924
13409
24141
9271
21100
37573
28152
10127
7291
23547
49019
38915
11278
43491
1369
21388
8430
10823
10214
45858
30397
24054
6653
45230
45407
42338
1898
40637
4833
32579
8996
45563
19026
17643
44578
14196
1149
37019
24715
27756
2049
40563
35275
31156
31368
35329
36677
34788
22429
32211
537
43902
31491
12272
12402
45336
20879
32561
18517
47246
49241
825
40238
5930
46129
32507
34253
36364
29026
12899
12269
3400
41596
28150
27929
1441
39304
41479
40461
8064
14775
45643
30075
37202
858
28771
49309
13373
48948
25329
42598
40630
41974
30581
4650
32633
33439
26270
48717
26810
40447
8814
37448
38195
28914
40119
35400
28868
114
34113
14215
40300
2201
1650
21622
20848
382
33074
30568
746
31357
42909
38474
43952
46849
15933
17477
329
43270
6117
30987
47996
48272
17177
25197
39812
47272
386
42381
36999
2563
37624
28965
29644
42555
30274
36433
40208
16229
5935
20251
25741
10643
18339
29622
19259
39485
14780
48177
5498
20364
26553
27827
11502
37802
26533
8372
5577
11300
9741
2492
35385
18941
47604
39354
24267
17587
6372
27782
40709
31482
41496
8724
14808
4996
45669
37787
13450
27840
13192
23364
4216
5368
7011
31944
40374
48697
29671
14066
3151
10734
49183
6077
44858
4883
43625
1835
44115
48029
13706
37930
2244
40916
29614
21493
17668
45476
38203
43544
38833
36784
36417
23506
29588
7725
40440
17956
20576
31873
29526
32241
38615
3988
31093
32704
6850
31818
24858
43532
34719
5934
18620
6793
5784
28638
35341
48382
22942
9329
43445
16187
37655
33220
25365
49139
15543
11974
26067
25788
5887
27849
29886
3348
7863
34613
41898
26345
42082
8572
44642
5927
21557
5542
6449
46941
19212
15550
29461
44694
33592
34826
4544
40426
16706
6157
14493
35158
9725
48688
37306
46161
11648
40912
8640
43246
34918
28015
4513
14862
19968
20699
28385
33524
31326
27038
37608
38955
1808
47864
9315
47887
9768
5863
33773
48551
4016
39351
20299
27774
37001
11656
7809
28553
5976
29062
10162
5628
32568
20989
49846
6059
20979
12482
17524
32185
11167
25917
26991
44123
36839
43510
37082
12998
37472
22574
39231
49760
25154
21255
10584
2474
15098
8708
40517
26163
37273
26702
25109
35962
40672
19816
12733
37159
8391
1549
6992
49695
24026
19956
49524
47003
531
18124
30190
36957
41111
33150
44921
21101
19747
12751
1118
23621
35986
27078
40199
16025
18292
31082
1365
44453
952
27998
29365
6423
24508
28073
42421
15070
22569
1135
289
5846
722
43792
49850
19560
33469
8316
30556
42874
28156
35682
3213
40295
12474
18916
38934
4613
26697
14653
41784
11393
14301
27763
33844
6283
37898
26851
33591
42304
41805
8238
16032
8142
26901
191
37660
41129
43782
12527
23124
27635
19832
35164
41575
13333
38142
49175
4433
10529
26451
4264
16334
15824
5778
13353
14363
32597
31800
38279
25804
18108
34228
21902
22457
23676
44845
24901
36619
30121
23098
6335
3544
29652
48960
37859
49986
40829
12099
35689
33397
23909
38104
13631
12787
45365
38394
45034
3726
1341
10507
40330
35793
15878
48099
16665
14611
30760
6072
14109
10481
10502
36831
4729
11284
22934
9369
11377
10687
45468
7402
1997
47087
7201
4114
21120
14349
11621
17822
16144
30032
28566
30549
641
13430
49341
32000
12705
46709
13039
36776
32408
37150
21244
2701
15999
636
40203
15282
9735
11
18165
11788
47844
1583
11951
9956
17951
15317
48111
44514
29499
17678
28569
9225
23484
8580
45540
21904
35922
21344
33036
49943
41197
41881
7817
37800
41877
44702
28446
13628
