29
31
53
88
96
166
176
184
229
243
263
267
274
276
280
327
342
343
350
437
465
471
481
540
569
607
666
673
676
695
700
708
755
770
773
804
811
833
869
921
954
976
979
1054
1072
1084
1101
1158
1202
1219
1225
1232
1250
1291
1336
1360
1374
1385
1400
1406
1417
1419
1421
1464
1487
1492
1511
1534
1546
1566
1581
1587
1594
1619
1634
1635
1656
1682
1685
1737
1750
1751
1782
1803
1891
1947
1963
1980
1991
2032
2090
2092
2103
2108
2203
2209
2215
2239
2253
2257
2278
2280
2295
2317
2383
2439
2465
2467
2470
2491
2500
2518
2621
2632
2634
2656
2679
2693
2704
2746
2796
2797
2819
2825
2868
2893
2906
2923
2965
2974
2982
3013
3020
3061
3104
3110
3112
3224
3251
3295
3324
3343
3390
3397
3438
3451
3559
3573
3622
3668
3694
3700
3702
3721
3792
3831
3840
3851
3858
3861
3864
3883
3906
3912
3919
3941
3943
3954
4000
4009
4047
4053
4090
4110
4200
4215
4254
4309
4408
4501
4514
4526
4538
4568
4571
4652
4662
4694
4696
4710
4712
4716
4731
4753
4763
4813
4846
4875
4957
4979
4998
5075
5109
5136
5205
5209
5243
5287
5302
5307
5315
5321
5328
5336
5388
5397
5458
5494
5508
5531
5544
5570
5605
5613
5665
5670
5714
5730
5770
5800
5825
5831
5867
5871
5938
5951
5979
5984
5985
5988
6005
6022
6025
6040
6053
6066
6101
6153
6190
6197
6259
6276
6287
6324
6402
6424
6432
6487
6545
6563
6592
6606
6609
6622
6634
6648
6649
6653
6669
6686
6714
6757
6767
6785
6820
6828
6912
6929
6939
6954
6956
6972
6977
7019
7029
7086
7124
7132
7138
7169
7178
7208
7225
7239
7292
7302
7318
7341
7345
7363
7397
7408
7425
7428
7431
7457
7483
7500
7597
7609
7659
7667
7698
7757
7772
7775
7781
7799
7817
7818
7833
7874
7875
7915
7958
7971
8000
8021
8070
8106
8111
8112
8136
8155
8169
8187
8200
8255
8257
8266
8279
8298
8322
8369
8394
8407
8436
8460
8484
8512
8546
8560
8588
8614
8645
8649
8655
8663
8695
8708
8713
8734
8800
8832
8864
8908
8928
8932
8937
8971
8990
9047
9076
9099
9119
9158
9261
9331
9381
9383
9456
9478
9499
9510
9543
9567
9606
9611
9622
9623
9628
9637
9721
9764
9786
9817
9825
9845
9846
9875
32375
14646
26169
19376
17689
26792
22587
10438
9114
17212
5571
28788
17695
38007
17064
33849
5386
15068
11241
9716
15477
37820
5892
48101
43523
18855
9827
31223
26999
17308
37247
15369
21442
49449
48553
4453
1207
32291
4620
38457
7525
20700
5712
29728
33412
4138
30786
7616
17070
41538
49725
23159
30778
17206
23095
37572
23038
21284
4777
12161
6963
35022
16900
46244
25302
27192
39390
421
2550
44427
31707
10289
18138
47563
11455
13879
41619
45662
48906
26990
15065
12471
3274
30224
36330
27072
18757
42267
30005
975
34971
4811
16415
16662
36494
41231
8957
44207
30470
18210
21452
23508
33042
22931
33121
27744
9763
6917
31002
18149
37339
11884
19296
41401
25743
6210
41681
32127
36141
14192
24902
14174
49395
45200
31045
32289
13154
25295
22726
37374
44113
11923
22215
37315
30025
31495
41721
23716
10412
41342
40212
27356
38622
40020
39145
30478
17362
14588
10240
4896
25174
44736
12317
44766
4367
30451
25095
4679
1768
49700
43287
28594
7962
31687
41458
38349
6836
6369
37941
42696
4189
22864
37280
1995
32151
7068
34463
27049
25455
36441
4183
39882
48589
3074
41562
40231
26425
42839
2702
28890
35874
4306
41790
45738
47932
20660
544
9757
26058
1267
46291
12958
31813
36408
9067
49016
16472
10567
27498
9011
22987
1189
37198
31467
41143
15189
49274
2340
11349
27517
44797
27825
42144
37368
46909
538
4511
22869
12678
49684
335
20908
34907
7275
36700
15940
32419
9588
16690
40342
37934
411
11382
8112
35721
13042
17262
1024
12519
29812
28399
14756
1440
48703
15398
2217
49159
11915
30241
38096
16783
45006
26956
18241
48989
13250
36025
27800
32951
23188
14739
38704
10160
24857
15505
31705
522
30602
13340
43572
3299
36184
16349
19695
7696
9038
40112
41346
33152
12141
34203
30317
33448
45320
49724
12423
47850
9341
44203
18164
24403
18269
12346
11202
38502
13177
46522
36756
48364
15869
25038
10582
20580
40017
47500
9986
31704
796
27980
22375
423
32899
18661
16319
15982
21240
41604
24835
44174
1523
27877
21090
16790
33834
23670
49069
820
34413
28834
38170
48222
49538
15230
5226
32482
29150
8100
30894
11813
49956
31850
15034
15621
35519
5836
29354
22618
6802
38722
41145
49331
47260
37343
36801
29042
21403
47450
2867
9330
48414
33977
45953
27110
2698
33777
23014
33580
49106
6228
1641
48530
48392
34466
19998
44783
33303
13418
19225
31882
29902
11641
47719
35311
29779
1438
35096
46216
43990
17955
27746
49991
13837
4526
17915
35503
41972
3210
27328
22279
21849
8411
33234
39687
6648
12070
46887
20266
41925
36825
16290
21748
9089
1040
20621
2816
45229
474
41999
42394
15094
724
10241
5535
19806
5166
6156
20038
35616
2126
48095
23222
27555
37645
29658
34449
42158
6757
26758
1705
28452
48480
7449
47956
1146
36994
4370
63
8010
22535
34325
43571
12694
31743
28628
46813
32308
23552
42947
41947
14640
47695
1792
23495
6
283
36423
43469
43823
1884
48531
20572
39960
22486
28112
37615
28646
41661
14294
46467
25757
46089
39887
43898
33535
46315
5189
34377
15899
45969
25366
42227
30513
40225
34346
11816
32437
13300
31090
31280
28281
27696
27149
40009
5064
47010
26414
16695
42302
38830
2869
14752
47252
9484
31173
11354
18234
5647
29503
42746
33842
26864
9053
8967
3708
25543
49275
3569
34393
21040
38480
39368
14154
5415
20703
16266
47584
7410
26795
32059
42942
35723
19205
4888
39540
15910
36699
22843
44644
13640
10417
5248
33836
41308
6547
42472
425
34086
35887
19888
26390
44542
1501
16786
48893
34218
9790
45015
26242
43162
40244
36727
47122
23209
10671
34262
13141
11084
29988
47452
28176
3506
32047
90
15297
38439
23519
8092
4902
13036
7713
4116
14899
21663
28403
1756
39655
37781
11882
7942
35353
34088
5707
48064
22014
3259
46686
46405
34996
6801
13492
11433
43702
37485
33300
9093
24734
43422
16581
14228
31469
35363
36468
6772
6467
402
45489
44595
22729
46584
14843
47491
6390
22287
18464
14013
31999
1838
34398
42601
3629
17380
15212
26757
2966
20842
28802
55
49800
1800
7664
22074
13107
47718
21365
9194
32310
14500
19672
9463
22738
9047
35488
11385
47587
42020
45272
37511
47601
33084
25665
3692
41667
11006
45803
12693
37586
28564
21906
4293
34789
29650
15576
1677
32642
27737
29612
13243
25125
18510
31721
22170
6063
34396
40327
27197
10660
40398
34414
6412
8798
13648
46053
49357
14062
9503
41174
4806
13659
17320
36920
11478
13759
1008
17487
4482
35940
45328
22275
35482
21486
27314
21973
3847
3368
31475
46642
29389
47742
35841
7026
38030
23347
14814
2372
24061
17561
23289
1084
10700
16441
34102
22376
2098
17559
47171
29595
5933
42107
35834
4168
42062
20138
46214
38016
41498
38705
43286
30974
7586
120
35010
14175
47903
24457
38996
35771
3119
5537
38352
35216
49969
48259
43361
30145
32071
35493
16050
45277
42856
35596
44861
44867
17981
14094
22797
8713
42661
3349
18466
2589
26279
15054
30887
47589
3484
37166
20880
15972
29989
45244
40911
8418
35936
14439
30584
7974
37947
22563
17188
39178
8726
34166
35111
1307
31501
30111
3331
1285
35350
44634
16208
33204
26265
38592
17657
36006
40787
37855
1219
3662
9803
31041
21139
14021
35337
17373
13179
39535
30003
22539
14675
31454
5901
24379
6414
38991
21668
21433
33531
5871
31063
39528
46832
36162
7146
10474
25602
21521
31493
39312
9249
21841
14602
48270
26541
36752
47498
24771
21925
36651
9078
30572
9333
6488
3436
40428
23493
36410
35792
25022
17267
13556
12107
26961
10591
28173
47872
44765
34925
47335
18364
10807
2090
24706
41767
25274
39594
42480
33932
13415
8706
13901
2744
42043
2163
20284
22250
25671
21162
8264
35711
8585
28521
37626
13639
26750
31785
13275
35348
30690
34266
6884
39248
45893
18049
7184
34071
17504
39857
45967
35255
33649
17892
11606
44523
5686
48323
48384
4038
45681
31532
8536
27201
8055
42928
8627
25400
18086
10280
11452
9858
44279
7745
4755
9144
36349
36675
17217
32045
18756
1830
39407
9455
11348
2033
37488
36450
5992
18053
38407
30493
33708
32477
2789
6359
9215
17347
14296
11362
49549
45460
33929
9900
1478
44535
2759
24623
18747
25367
13853
1184
40084
25822
13081
33107
7741
30081
41591
22810
17712
15173
9989
40133
49268
35420
14988
12860
41157
33442
808
11992
49342
29673
25734
19815
34497
37943
23138
26274
44660
4228
41599
44327
45522
28124
5410
23147
43873
28927
41198
14842
16165
12191
28970
46016
15404
16053
2557
18819
43856
3889
29907
5087
47958
47632
31770
49329
12380
2682
47194
45558
25830
9921
3626
7688
37503
34885
6976
22571
849
7151
37560
45451
47816
15419
14930
10083
33699
19241
2983
49297
30139
30402
18360
40714
8322
43966
48194
24576
24643
45414
23441
19874
31058
12748
45342
16232
45838
21167
9876
8321
18385
49053
35597
36261
28618
27874
4776
34735
12720
20990
25929
2346
14327
15820
38055
28933
33854
12616
41454
48146
40236
47282
17403
2704
5118
5299
38150
8218
30021
2291
42230
47152
21145
108
2875
42986
28227
1752
21860
20077
15091
16028
16406
34254
10027
13047
1693
48
36883
43745
46365
44302
48735
35959
15929
15913
11962
6704
18635
21746
10742
16571
3012
21063
36616
6886
36125
8182
19985
21247
5219
10802
33270
5290
13007
30237
646
41890
25052
30403
6069
36885
23241
14688
35681
2878
18242
18376
37686
28551
7807
6323
39019
649
46733
36469
23165
16875
5967
34827
21031
19295
44905
46724
12651
13114
46810
48944
6774
4880
47668
2927
356
30791
7056
16644
37185
45703
2907
5252
41548
20317
7298
26648
45042
43190
42588
19439
22020
39765
281
41104
34115
30023
8874
40217
9917
26442
18198
1530
40720
19204
13232
45119
5825
21750
8275
42774
24736
12472
38058
44670
47172
21836
37578
34181
34373
9446
26176
22006
11630
2007
38573
15303
27721
19052
9579
35146
46563
48282
44480
34663
8234
32430
15522
24569
6081
43319
31941
47594
10461
19558
12784
6799
42468
2860
957
12945
47353
20818
38398
25326
3235
30287
1609
7397
1291
32106
48873
17651
26572
45951
3325
3402
22441
39436
49870
35862
43738
4471
20212
20737
33030
35673
24074
32257
13341
27587
1492
30102
48117
15673
16761
4518
19057
41459
20125
2237
24885
19267
4056
33890
24210
25496
14308
44335
26400
31684
43192
2191
14761
39610
36122
39881
36245
8148
15765
24535
29885
49881
22877
24555
16498
24500
37127
8017
24798
14360
38558
36860
14085
990
37232
15356
27704
7477
31026
3372
28856
39744
29379
25130
34293
15852
13035
40392
16372
29532
46931
33286
12574
44885
28327
7658
10217
14304
7783
6549
400
6408
42542
36355
25564
48300
46665
31773
12200
38186
19236
22676
28641
7452
47034
26527
47948
1288
27399
6448
42120
19359
32387
24980
41199
29079
46527
30672
27560
25064
49224
48244
36481
5818
15593
2387
8776
21102
23293
17887
36598
24115
13477
43672
5660
41223
11137
12924
37925
33361
47411
41084
23388
46895
12892
27480
44539
36465
12338
47800
27578
38476
11467
23950
16693
14860
33493
10624
6362
17832
300
37816
21189
15134
29433
45041
46879
2708
22639
42427
17339
24919
21900
28026
30391
46661
20547
15896
39632
5638
33871
3760
4895
7308
2870
30365
11518
37009
37435
24322
790
42993
48092
5165
38750
49282
11030
7330
32544
49068
21590
48694
23653
16312
18995
10406
39055
18287
5773
8736
1670
28458
23414
25341
5746
19220
36972
33518
44186
41024
6558
24533
30144
46509
39686
16045
33032
17598
22602
2537
20793
13397
36094
3673
34503
20286
1789
20589
19270
6614
36510
39110
49683
13413
38655
12703
12250
29709
8362
46933
1295
32028
14715
23315
14157
15584
3339
46702
33310
39931
43285
23343
13
24935
12188
41474
36137
123
35347
48870
2812
16462
38032
6542
8528
38509
40372
26223
29448
29374
36778
42271
9420
17127
9016
27863
9033
16593
14569
24777
9191
13226
39998
47133
29814
10428
40583
49527
36524
16906
32141
