73
92
105
114
159
172
180
184
195
205
238
282
291
344
349
416
426
432
507
543
545
590
591
613
668
672
675
677
682
756
768
823
826
832
898
910
921
942
992
1037
1063
1064
1130
1246
1264
1265
1277
1311
1373
1392
1410
1432
1471
1479
1500
1503
1509
1524
1538
1553
1582
1593
1594
1652
1664
1665
1701
1728
1745
1751
1758
1763
1781
1838
1878
1915
1924
1947
1960
1973
2001
2015
2042
2071
2088
2092
2106
2127
2132
2156
2238
2257
2258
2276
2290
2313
2388
2441
2468
2506
2511
2529
2555
2628
2656
2677
2688
2723
2753
2784
2786
2807
2841
2901
2974
3003
3012
3083
3111
3116
3120
3122
3147
3154
3170
3173
3227
3245
3262
3292
3296
3308
3326
3383
3427
3450
3453
3497
3529
3567
3589
3604
3645
3670
3718
3722
3723
3726
3821
3860
3974
3994
3998
3999
4020
4029
4085
4101
4108
4116
4153
4203
4209
4210
4230
4235
4241
4278
4290
4292
4306
4329
4336
4372
4381
4413
4430
4437
4560
4567
4596
4611
4632
4643
4645
4655
4684
4690
4711
4720
4747
4762
4766
4830
4840
4861
4863
4869
4913
4933
4979
5004
5024
5046
5066
5078
5101
5122
5145
5170
5173
5183
5196
5277
5332
5353
5384
5414
5420
5421
5497
5517
5522
5527
5574
5583
5610
5624
5696
5703
5706
5718
5767
5771
5820
5891
5915
5943
5957
5963
5965
5968
5978
5992
6030
6083
6116
6156
6189
6195
6215
6236
6242
6245
6253
6261
6280
6304
6344
6359
6362
6364
6399
6404
6424
6488
6506
6516
6525
6547
6616
6670
6694
6757
6820
6857
6903
6932
6952
6959
6975
7020
7028
7055
7102
7129
7148
7185
7207
7217
7248
7250
7299
7368
7374
7378
7431
7435
7441
7487
7538
7574
7585
7596
7608
7639
7691
7709
7738
7816
7831
7843
7844
7846
7860
7863
7865
7866
7895
7898
7902
8039
8042
8062
8119
8137
8143
8227
8235
8267
8269
8273
8291
8301
8337
8359
8369
8391
8462
8664
8696
8697
8717
8773
8779
8785
8790
8796
8822
8874
8882
8887
8891
8907
8931
8945
8946
8963
9044
9156
9171
9239
9298
9388
9405
9456
9484
9516
9523
9526
9575
9588
9599
9600
9618
9622
9641
9663
9693
9750
9803
9804
9861
9929
9950
9959
9974
9994
10028
10102
10124
10195
10198
10203
10228
10236
10258
10276
10298
10333
11660
19333
12948
45573
17765
20915
31490
7414
3381
10467
6150
21775
7170
11747
17945
45008
5772
23961
12086
39984
24477
41895
41079
34625
40855
28534
14401
37349
28567
42414
24924
41683
16394
44013
1343
29574
9425
18205
8565
4291
32495
10331
12955
36734
37544
32552
4708
32158
24530
35127
16480
30966
49785
3045
31605
53
17987
12061
47278
71
40801
42214
43377
8226
3363
47083
44949
10996
41468
25285
5244
24086
13779
14361
28415
30580
49917
46345
47007
6258
18860
45463
42343
39741
44651
5306
38742
16016
25994
41149
19801
34078
10261
20472
5611
47501
18963
40750
39063
7980
33547
34645
42627
38863
11771
13670
25800
27395
4246
30462
18817
2547
12895
8506
28365
23841
14902
3858
2935
26600
12562
14112
38871
49842
21801
205
49779
8413
22756
46221
38827
27058
42395
28329
17228
22538
24133
38379
20657
38117
28959
20519
13003
25476
27668
10658
49911
41503
16488
2206
2273
40819
28974
33208
5654
33144
21562
31962
5688
22694
24214
7608
19266
40042
900
23422
8838
39434
8896
49003
2880
34713
26136
45813
31210
3628
24938
5191
14626
37427
5868
147
438
10118
20765
35358
31772
26496
16591
49123
35233
36291
10533
13767
7556
28656
20943
28123
8725
24149
45231
47577
4638
34774
13199
43839
32355
17109
42208
34073
35749
39699
769
30118
23798
643
19796
47187
19053
27551
2357
16293
15373
47420
13657
39600
7943
49125
47429
27112
27523
1171
32940
26852
11152
44901
3983
39839
38378
31096
12162
45401
25883
12288
11984
8561
13962
32249
208
23023
12116
12654
5496
28915
10799
35379
22038
23840
45101
49385
23957
37314
46774
21632
7904
31905
35625
36271
17875
44547
49206
29431
45984
28527
30051
48705
2985
37447
4457
37326
2024
27707
43960
39673
19620
32664
42994
13399
14892
32039
40168
19953
45577
48308
34072
44066
26002
31771
22033
48210
12385
39280
24408
40414
14205
1638
28960
23569
7583
30898
27040
4826
49073
20296
2214
28199
35795
15495
32096
33736
39611
36697
10762
768
10943
33856
15782
4690
25867
45829
8575
35331
17215
29301
22475
11360
44515
24343
3648
118
2961
22935
7854
46662
46181
26209
3234
34908
23575
34395
40508
5002
43785
20213
8308
39137
8290
10198
39548
13588
27151
46705
186
15784
40735
23426
18000
48509
13665
828
48633
49287
2495
37220
316
49477
45943
30946
10930
40923
39048
13160
21968
24483
38585
45063
17108
40229
13265
18094
48654
15101
19669
41494
47405
24627
31
950
36918
1379
19597
12035
49634
12715
9447
15252
40181
20901
6365
46559
6268
35829
16347
12793
39806
18796
6480
35288
6937
27343
14985
1112
48387
3838
35574
10659
40312
37667
36684
1572
16117
31291
29238
36754
15221
6171
16307
45640
11230
11555
12314
34991
27133
18343
10056
7069
9812
42689
49036
9971
16317
33404
42346
8310
38168
19289
39801
26222
12262
33672
9598
27719
1201
36099
9676
3846
12555
14467
6934
19072
12392
41204
44812
42406
27435
49889
1105
37539
35981
38071
42890
23471
12644
28229
23383
10421
13780
14326
22196
10144
42025
13063
28949
18789
44155
3137
35257
13211
25978
17990
48809
5300
47238
40063
43614
35592
4345
5077
4335
48178
9026
1190
36458
16454
12745
6525
41611
49284
34903
23141
40174
30758
47592
46611
3820
29258
17229
14
41698
11232
6845
40338
47086
31287
7040
6057
16329
47537
12497
36223
14970
41261
42703
13827
47967
26021
26218
40742
6666
146
34409
39894
8441
11700
39955
27524
18488
49405
24604
30215
41904
6861
49997
11388
9115
27483
27299
2437
40059
2
39841
38516
35717
33444
32878
21213
32164
43137
2055
31768
42971
49228
24324
22718
50
1893
11104
42369
36165
32742
6043
33886
5013
20552
10743
17068
31618
13771
25297
34502
8811
11803
25404
37392
2158
31385
18930
5071
21129
42128
27249
31540
39320
16717
36179
28166
40734
26159
49064
5040
30785
33157
19688
39041
23813
37157
48345
14545
6991
46225
45593
24296
1075
44287
11210
43384
25393
31524
45055
18301
9501
5974
37575
7694
15090
577
39572
49057
11213
22482
41427
45059
21065
102
42764
5968
48284
3766
36834
13531
40753
31613
21658
44638
9146
17176
6087
18878
4970
43141
46104
30180
12680
41906
16769
4842
22333
48623
39493
8951
41128
2919
39876
44511
42941
48329
22152
15921
13917
20636
19661
33668
22433
37132
32292
7891
35382
28004
34423
25560
2302
10163
2853
45905
43539
13475
5819
12312
10291
15976
38933
33024
5532
27917
21592
49360
41926
749
21713
37571
30578
202
32163
28674
15586
12729
22497
19840
7167
47296
47073
44065
6201
12259
3666
2347
7960
4593
8758
14564
42385
32254
25036
10030
29045
29122
9608
31453
45539
16728
27593
39784
34205
1827
49908
3923
20693
29721
2793
21291
3722
24603
7892
29224
9959
13342
25421
11472
3542
12709
18800
30056
14599
3596
48577
22016
39688
23091
16359
5461
42441
7276
5133
45426
48292
4069
43218
9654
17895
16943
38483
34348
31885
2303
15274
28778
42704
17579
3600
47569
29002
46278
15180
25319
46090
41634
1290
8435
13343
31811
25510
17341
45495
41245
530
20683
22802
5351
29435
44352
33147
31538
23657
11085
6708
46186
25461
10793
23299
2086
36674
26654
45093
6083
13782
30873
16413
4215
17261
16205
8245
21887
48231
32176
38602
7471
122
38740
40719
21537
3705
17905
30558
8003
44640
26635
38357
22140
28701
7249
42420
45802
16055
37782
34572
34772
27752
36529
33316
21516
31909
1115
15616
46752
42454
47637
10149
39856
15190
19687
33778
6195
5140
34355
19248
15119
13421
23019
14743
19290
34024
15150
17433
31744
47036
47066
44190
24474
1906
27785
15005
11814
14868
40237
35886
10829
19377
38752
43780
43739
16354
28189
22199
48987
44391
28351
34863
35545
13034
26908
340
21401
43903
24027
49502
45975
38928
4289
36042
2032
25907
34390
48455
22598
37824
20912
46356
16911
40845
35297
17468
5881
27899
26227
2676
25506
34475
34730
24310
45356
24152
17982
11607
26888
14825
25647
45405
32439
49398
8743
31216
166
8510
19923
44698
22367
756
21519
6012
35262
37407
40215
24730
26817
42263
34427
10038
13370
39837
2671
17968
23464
32072
27041
9919
4684
13599
26041
4818
44315
10405
6034
34474
26972
18498
17280
16523
12972
16094
40166
26674
24182
18244
6293
15690
17590
44056
33413
45671
35984
43696
5388
17359
45056
12008
21406
3719
16142
1073
45871
18749
19549
17447
41284
18213
7415
31283
21628
28753
38018
11801
6129
35476
43578
40599
34640
49783
3479
12637
13906
45735
42140
1714
5591
41276
14387
44860
34034
2477
2636
1390
27622
29978
28547
16396
16641
18439
35542
36797
4131
7791
24162
24964
8959
11127
3489
16688
11865
5056
38663
33794
36504
21133
37739
26759
48405
29356
47574
15785
45287
541
14020
28888
26347
38820
46599
25936
6111
15588
47875
38280
1078
20402
12718
2706
21954
20013
15501
15841
5104
48662
26756
45696
26880
15570
8439
49086
16595
2585
22921
49208
38324
43560
7752
43108
25010
12789
7692
10806
46646
2908
42452
3702
34177
28019
44873
44521
5668
48450
23325
36109
32489
8327
48544
25945
37819
11170
21895
19323
29116
45465
23400
38986
5511
21273
40898
11601
28483
42149
15384
26039
44683
4545
27085
39025
20894
43326
42857
22186
17470
7453
17928
8061
41044
11292
10287
40050
11139
29926
27111
17639
25991
32133
13869
39199
42157
36381
23783
34916
5595
44952
21999
13609
13214
8992
26805
4028
28120
16681
19674
1610
12979
29972
35461
20735
7990
18113
9028
5691
44964
12835
46390
13255
4913
34402
38777
37088
33431
19114
26625
32104
10312
48116
27818
46645
6163
5938
43938
28714
24493
39331
44554
11883
13669
319
45145
23904
43281
22366
2219
6286
3700
14523
44321
8323
34800
5499
8840
19841
29472
30796
23809
17551
3099
39731
16458
41135
21496
30954
16725
3129
19367
40698
17679
29043
8517
38561
31095
24107
26655
22950
3007
8539
40102
29938
1000
41504
48672
219
14179
48151
22643
35218
23129
6438
35702
37961
38402
43900
8783
3006
19703
48648
5839
11312
27471
6539
42326
9606
8728
21289
27184
7571
44052
41640
21766
22220
42362
18648
34271
31441
45791
3545
428
32879
44460
1648
15993
34867
17907
39585
37751
42213
49904
17187
31664
33077
29604
2920
27979
33219
40079
49026
48278
13491
23608
20955
46401
5851
32110
37413
28119
20947
40040
45241
25325
32550
24066
26832
29580
35231
19243
23427
18310
13798
38005
49637
7292
5693
48503
28390
36029
36717
668
38759
47367
36541
7554
2572
45497
21045
43803
39510
25604
9869
9513
28259
4115
32266
19073
46656
22995
20231
12085
18260
15540
20944
18430
49442
36713
360
28141
31114
19679
12404
27784
48408
7594
33344
12456
39816
39879
10178
32965
44722
4538
33887
12186
29514
19976
29094
14458
30764
28371
42387
31690
45090
37201
15033
31989
13070
37723
9880
41905
30565
49461
8886
3930
43311
7114
798
31296
19429
7917
32605
21559
40072
28783
1117
22091
12816
38998
45435
20578
22442
16884
28932
36983
23284
43131
4865
10523
11311
22959
35085
4587
24723
38405
42632
6870
38277
12840
28406
39713
3706
16999
16885
14323
39746
43815
24770
17973
47521
11453
7760
9728
30364
14189
39775
5650
29956
14475
22182
35159
24372
32841
44289
47025
9302
28899
24009
3127
17452
15965
23979
39736
45183
10075
17139
29642
42560
37115
32242
35116
1773
37067
41395
15825
30161
19190
27146
7856
20380
22856
14525
15507
39804
34386
41408
12159
17393
44410
594
49664
39117
35607
11931
26610
1247
41228
11430
34290
9996
32591
18850
2886
22956
47692
22162
47269
29739
37454
9673
42306
37857
9721
6579
44786
31106
47154
25091
17406
4473
17090
46024
18020
38848
322
29349
19299
20420
47896
23001
27420
15123
41383
26435
10351
41181
25542
42900
14436
4407
2351
10219
19055
33028
20855
48652
37444
35043
34175
44469
48385
13724
36807
28886
2728
26117
27025
49211
18580
8650
40101
47315
35384
39830
19050
2097
16975
34507
4749
25051
40291
21478
7902
21300
32925
23271
32064
