24
39
40
66
81
93
106
115
116
118
122
125
130
142
147
151
153
185
203
252
271
276
289
303
350
373
374
386
388
389
408
416
438
450
461
469
519
557
567
612
636
738
748
766
779
784
842
864
898
937
939
951
968
989
1004
1021
1147
1152
1176
1249
1267
1268
1280
1297
1357
1369
1386
1411
1424
1426
1466
1501
1503
1604
1610
1617
1637
1653
1667
1774
1788
1789
1822
1825
1924
1942
1947
1950
1970
2000
2013
2014
2046
2056
2064
2105
2117
2166
2193
2211
2283
2286
2318
2358
2359
2368
2370
2415
2421
2489
2498
2515
2555
2563
2566
2586
2600
2637
2678
2682
2684
2696
2701
2724
2728
2733
2734
2737
2745
2756
2856
2858
2867
2878
2879
2880
2897
2908
3018
3029
3045
3062
3083
3084
3120
3128
3144
3188
3260
3297
3340
3353
3358
3394
3400
3443
3479
3483
3491
3498
3514
3556
3578
3580
3685
3686
3687
3696
3727
3732
3757
3817
3848
3864
3871
3878
3883
3895
3913
3951
3988
4013
4045
4080
4123
4136
4155
4178
4260
4308
4309
4311
4314
4321
4332
4338
4376
4449
4476
4513
4522
4557
4594
4613
4629
4662
4675
4682
4688
4695
4707
4728
4766
4825
4858
4870
4897
4923
4937
4966
4974
5016
5031
5054
5057
5085
5116
5190
5222
5227
5280
5292
5295
5319
5320
5328
5329
5345
5349
5353
5377
5420
5457
5504
5517
5535
5576
5584
5629
5638
5701
5715
5726
5729
5753
5856
5883
5899
5917
5919
5938
5947
6020
6032
6034
6052
6062
6067
6160
6164
6166
6174
6192
6212
6217
6224
6232
6237
6245
6271
6309
6382
6427
6450
6465
6474
6482
6507
6524
6541
6542
6573
6585
6602
6612
6683
6804
6826
6832
6872
6876
6906
6937
6947
6980
7100
7106
7109
7152
7159
7163
7182
7195
7210
7237
7243
7277
7297
7347
7353
7418
7433
7471
7493
7514
7540
7541
7548
7655
7708
7710
7711
7712
7748
7753
7763
7796
7801
7811
7823
7844
7847
7875
7897
7901
7909
7935
7938
7960
7979
7998
8011
8016
8028
8029
8061
8091
8101
8102
8178
8193
8217
8317
8340
8434
8443
8465
8469
8519
8521
8532
8537
8593
8598
8606
8623
8630
8679
8686
8735
8744
8754
8783
8815
8868
8869
8888
8906
8922
8945
9017
9039
9071
9074
9107
9141
9170
9182
9233
9275
39754
49917
39600
49945
22252
1379
28511
41244
30843
34456
23368
7240
27045
5662
17218
42667
24493
7917
17052
24372
26832
17687
19538
28390
42632
29784
10845
43839
37126
14332
23303
22166
13255
25308
47577
4684
16143
41408
46861
38928
7114
8310
22182
31971
37295
20944
24458
1233
42624
48672
9177
24009
31989
35197
25010
44678
37452
26869
35807
6036
768
15637
39199
25404
26627
38873
44332
11940
428
16737
25186
48577
27899
36559
31613
24474
24604
15209
4675
26766
15368
47307
35184
35520
29025
37139
38357
20250
49926
33077
27965
953
17849
5562
12182
45173
41580
1467
17139
29551
33588
39699
41204
5511
3974
2645
8560
3090
31388
31815
12259
4407
5351
10331
11504
1652
9447
24116
16664
28406
12902
21375
25548
7042
37606
24530
43903
44969
10751
472
9843
16343
17429
34572
18749
17600
42253
36807
43901
37723
36753
769
9598
46629
208
28702
42420
44723
26769
3977
46225
18467
6288
28931
5772
36461
28567
49158
35260
29002
4690
1026
16237
3983
44515
22199
37490
29672
26868
13421
5861
6997
11296
480
88
29168
15375
10309
10078
48646
6038
16203
49546
43376
7262
14880
34995
42733
39879
36283
25960
41245
36705
1241
32595
22024
45735
23819
35737
43578
36459
881
33075
21688
25303
9211
8575
10934
44280
3545
39635
12613
37793
1343
19826
32838
39043
2032
3719
17928
29805
44786
26209
38569
20402
30369
29867
3602
16769
8567
5654
10080
41631
31010
47896
22623
37819
5569
18689
3633
15729
2308
42025
48165
43200
14515
4913
22311
44588
21159
27111
39331
19034
23679
24550
31618
23961
49477
5394
46485
9065
5453
27815
25736
36117
11258
48276
25604
41977
15758
40130
3479
45673
35984
48471
5382
45658
41494
2347
8951
970
29753
27249
1572
40117
17336
39831
19290
35019
31878
23651
38153
32266
7391
11599
29825
40795
48751
23877
42154
71
1099
21507
2357
49911
33679
42973
14895
42841
8290
36878
6282
44793
8402
32476
43596
43721
11659
34386
28949
36223
5199
22127
16718
30658
47076
31870
10178
37242
15033
15420
32495
1744
6746
11681
35636
7692
47340
18760
16999
4457
34129
6016
38139
30215
14913
24331
47121
10056
27784
29580
17359
34409
33671
41089
31453
26817
43558
32810
41505
39327
47692
19111
28601
39137
2845
21520
4436
8416
19380
27616
24788
21714
23868
8999
44952
19549
2332
40885
44710
30223
24570
9996
48385
11230
48449
15588
48033
36590
47262
2313
10533
5923
14170
39427
44669
9787
45781
9869
37552
29926
37607
3463
10187
8303
31385
17406
278
3722
14083
48568
23841
41539
48868
24960
48769
10781
39084
29401
30861
19992
18943
9739
23047
22181
29697
19076
36827
28960
33786
40915
36504
6178
127
22346
29529
22186
45825
39274
39816
40711
15382
3409
41605
26647
13343
28543
24987
1263
20955
6002
19801
44182
29238
49074
34883
15204
21713
48816
40825
28886
27997
35330
45174
8298
122
23645
2671
1326
10473
20720
12976
7763
30998
31811
13003
35670
29224
37600
11592
7069
44945
32209
34872
3895
42471
7571
48231
6811
42994
30127
5693
22208
15096
14564
273
49278
21542
31186
24063
13078
48544
6357
37709
30936
26445
36967
32439
5868
38056
23089
30546
1422
25486
40734
10129
45464
13917
34285
16568
408
44902
17987
357
29972
32115
48987
46623
39359
24601
48455
32129
36519
38687
22016
41226
2495
36794
23358
10092
4667
16735
31771
48652
22959
49238
38752
15150
12085
25483
14059
39837
579
39238
47159
11889
45287
14970
34485
8568
38277
30771
7608
12972
13962
37509
10448
49908
46645
40540
33913
43938
46302
29956
1433
37155
17435
9971
34863
21518
10743
11227
1718
42264
890
27360
5300
17590
28888
35521
43121
37249
36165
39859
40742
20825
49385
915
14179
36088
42106
2655
28259
22095
29335
31095
37975
39570
18715
21618
28572
8388
42140
43008
39440
16966
3079
512
17906
13739
8327
32653
21799
25433
48129
48121
27979
4071
3648
49266
22197
22466
24175
39870
41261
30697
38986
9242
6610
36115
9608
40855
12116
16911
22475
4603
42586
38759
30764
45860
9654
4340
26955
4454
48662
10791
36797
6625
2585
40050
6951
6264
7902
16413
37737
19873
13172
15687
48226
34073
9270
39572
30675
39418
10252
31096
21289
49295
12793
14626
1714
30722
21334
47177
19841
10375
28901
35183
12162
39746
35043
8318
4215
21489
21801
38132
16458
10208
25393
14177
7657
13096
46611
6937
16614
43695
9513
31566
30309
18120
32407
49026
21478
4416
41169
27483
23990
25297
17434
28215
39522
7891
18666
32301
34800
27162
39813
27198
33736
49284
11901
2352
43679
45792
41173
48766
48061
24657
49694
36198
36834
49460
29073
11541
35676
29186
2380
36321
34290
25319
44683
22935
10161
3489
4970
49823
9959
9715
48106
25421
27058
679
21496
7594
3006
5793
27148
12063
11828
24246
18226
34515
32925
22206
47405
27041
26347
13070
10261
37225
26597
28549
8141
16354
42843
24345
42042
14099
26121
23427
48827
45734
22134
31162
109
40494
46844
5801
28459
43141
45539
13869
14743
17270
17990
15180
26828
27917
46752
46190
3424
34532
27622
27818
18539
30161
32965
30555
2
3363
666
5851
16234
30558
49123
4701
13399
19876
26439
11984
12680
43689
3737
25800
42473
18789
46685
20854
35618
2016
46351
28233
14562
26625
16046
27448
39672
23333
21485
42495
3312
49878
40237
42246
49300
27168
14271
10859
32112
23410
31545
21960
25832
40414
5668
49287
30027
44460
12715
41276
26468
26039
38426
36458
4169
4587
8506
48921
27694
9025
8955
16226
38117
17607
22637
19050
6644
33774
17716
14954
8226
49596
7583
46163
29504
46236
46723
1102
22033
7854
11865
23846
7687
20518
22051
20248
36674
10494
49065
2551
46296
12760
13160
46280
41395
43652
39731
37376
38926
2636
1078
3596
25021
4069
2219
46986
25973
41560
39620
28778
2676
14436
37020
44339
22366
1112
21411
32666
45197
3930
19053
16519
23726
13807
18337
29169
31509
12413
34633
47187
20855
44287
21290
10626
10941
29054
35844
30462
26989
12745
25542
45116
41504
32096
34726
42173
11678
22442
22140
1725
29985
35886
5591
24107
4541
25708
12312
12878
25361
5865
37088
20472
16523
32164
26136
39014
21993
34205
19469
22815
16396
7167
47084
27083
27299
4865
22917
24436
14902
9541
4536
21690
44928
32612
46559
13963
46808
33417
25060
2214
49425
30615
47767
37575
48238
12531
5612
22091
16917
42591
42741
15750
9626
30785
48633
47743
10504
18786
46039
32039
295
26574
47420
23770
41503
6365
7838
17228
24494
8510
39156
40790
10467
5031
29739
28159
756
17827
35358
1114
3921
8532
17216
22921
6887
42704
19289
39984
46178
47025
29938
39280
32575
3239
34395
11834
11104
15976
26374
34077
44247
12008
37739
16517
5231
25112
35251
44722
3820
38378
14783
3179
38082
42289
25387
45740
35813
15159
13384
2218
38393
6903
27291
39546
21470
32442
24011
28019
2548
8087
34535
45671
3086
11777
32945
47367
11430
6150
23926
31174
8146
22685
44013
8213
47013
25590
21907
20296
11152
39806
11700
13625
33433
43104
2919
12729
10717
27311
23009
49086
23397
17974
1612
33887
35720
12608
28451
16681
6083
47435
30620
37539
26847
13705
10996
1000
34628
8539
1384
35331
28783
44606
14198
25965
44640
23550
6171
37349
41361
8561
37195
27196
12358
27040
31790
13669
16803
15373
3032
635
1353
35981
46004
26483
42055
30343
18030
20552
15280
44651
6268
67
24542
48278
39361
21170
48648
22152
7441
9277
49405
15874
28656
16054
577
15197
22605
24477
46195
22898
44908
47583
35203
45528
20765
33413
49997
9990
16480
32984
34557
26852
41840
2157
265
25867
11311
44810
35852
18235
38300
26466
3075
14008
31287
32176
27668
26677
19893
19100
42911
25317
8110
22452
40215
34366
29045
26373
46278
2524
34843
33856
6426
15930
20224
1669
76
39839
28129
5881
43539
22989
32841
24408
33637
27889
7414
20894
18369
1217
22220
49398
16592
26218
21237
24253
32735
25129
35127
21045
33909
46356
38314
42262
19474
18963
17313
27350
8788
5974
21988
19751
43271
49816
25009
5332
3175
10559
33224
15901
1947
38430
21817
23749
13910
38621
23751
1972
46327
39050
43226
36064
2251
29207
10312
24152
13798
38406
18692
6579
46189
37667
30648
2609
49732
41611
30412
17968
4638
44065
15652
43802
40229
27548
11422
37132
46186
20172
19709
2758
26013
5316
37582
41920
4131
16382
29112
37050
26596
43218
28071
9244
12654
29157
24188
40072
20462
23875
444
16885
26159
42157
35749
27569
22162
39890
41634
41280
15616
34314
36512
19365
39048
18357
6111
22296
40166
13364
41409
38985
31483
3137
36277
39930
20305
48329
22925
40508
24310
34049
41181
44511
47002
14077
615
33790
9704
42406
21559
49502
6066
49844
33806
24523
43785
18244
28544
2448
27133
4623
8650
45431
31637
44479
36381
25648
31252
24709
38267
37540
27570
22017
27030
48919
15082
4889
7570
22802
12483
47429
4150
27791
11213
47876
20665
40605
44372
10421
9026
38793
5893
42139
5083
25094
10943
41161
5172
42343
7040
41166
37536
5071
5476
1796
30796
49125
5884
8716
24149
30064
45844
26650
9728
29085
32605
47269
41310
4992
34271
20456
29843
48171
9573
16373
44201
48442
18759
30619
48682
21445
11096
33794
48963
40750
36837
30420
8501
43522
27245
23291
47512
13503
49360
11658
3600
14323
40029
34916
49540
10388
26384
47569
17428
24089
26932
35073
17731
31905
2935
2624
20241
41278
48654
7244
316
40257
27018
14387
30364
3774
24296
5056
6413
29642
42213
5783
11360
34154
43552
39625
2437
21219
19661
33739
16262
43559
26668
6237
44554
8323
17945
21926
2880
30051
17356
18947
40970
42714
13208
13577
45059
5383
8458
19590
29628
15331
29221
11128
11472
31106
47036
20787
37782
27439
29193
28547
26600
40102
2215
530
43377
18817
19203
31662
25631
4618
32879
10246
35379
31298
22995
27287
47085
15263
22077
17371
36143
13320
20430
22187
33200
1906
11604
28781
45906
1456
49580
24273
8012
8992
17526
47831
14462
29990
39016
14357
19174
49766
23809
7111
