67
128
130
136
151
208
214
221
309
326
331
338
340
342
347
357
386
426
444
467
480
491
496
545
570
571
619
676
707
751
780
793
803
816
821
880
881
936
940
974
1006
1007
1014
1027
1065
1130
1162
1168
1176
1178
1208
1227
1302
1306
1319
1329
1362
1385
1413
1425
1436
1468
1472
1494
1495
1518
1539
1543
1588
1590
1617
1696
1703
1714
1774
1784
1843
1864
1926
1973
1976
1980
2049
2051
2059
2078
2088
2111
2155
2178
2208
2225
2299
2424
2446
2464
2471
2514
2527
2582
2596
2601
2629
2657
2687
2700
2750
2780
2786
2802
2824
2865
2870
2877
2895
2912
2918
2981
2985
3033
3035
3036
3067
3094
3157
3209
3248
3253
3289
3331
3373
3400
3439
3441
3446
3452
3484
3519
3536
3558
3576
3585
3597
3598
3646
3661
3663
3681
3701
3703
3725
3727
3752
3780
3791
3806
3812
3818
3858
3875
3901
3917
3935
3981
4127
4138
4151
4182
4239
4318
4325
4381
4385
4425
4496
4552
4558
4563
4600
4617
4621
4663
4667
4692
4696
4732
4792
4947
4976
4982
4984
5042
5057
5115
5135
5148
5172
5177
5180
5207
5229
5238
5302
5319
5339
5349
5369
5370
5372
5438
5482
5533
5578
5593
5604
5616
5621
5635
5637
5647
5677
5702
5706
5721
5740
5817
5836
5882
5924
5970
6004
6008
6010
6026
6067
6071
6080
6096
6104
6107
6108
6116
6124
6126
6156
6185
6189
6232
6234
6235
6296
6306
6321
6356
6378
6409
6432
6516
6518
6519
6521
6550
6554
6555
6579
6623
6632
6641
6742
6757
6802
6838
6839
6866
6876
6881
6932
6938
6940
6957
6958
6987
7012
7045
7085
7087
7105
7116
7127
7128
7148
7149
7170
7172
7228
7328
7371
7377
7380
7383
7435
7441
7517
7590
7597
7663
7666
7683
7688
7694
7711
7719
7728
7787
7794
7798
7835
7843
7846
7854
7948
7995
8014
8032
8034
8038
8047
8079
8082
8094
8095
8131
8160
8167
8205
8224
8241
8271
8274
8280
8307
8322
8327
8378
8389
8437
8439
8471
8481
8487
8495
8503
8520
8521
8565
8569
8571
8587
8625
8627
8635
8676
8680
8705
8715
8751
8771
8773
8778
8779
8788
8794
8803
8816
8835
8844
8845
8857
8862
8920
8921
8953
9003
9012
9027
9061
9079
9115
9118
9190
9208
9231
9281
9307
9325
9363
9384
9414
9415
9423
7929
6305
10280
17702
30396
33777
11705
25174
27874
11456
32829
14435
41661
49736
37878
48694
9350
6691
39019
45218
43478
42928
3586
16093
38655
5333
48232
35764
1295
2966
15563
41085
28645
35294
31546
35069
19384
47803
38480
33846
34408
34930
5686
5096
14903
15789
24496
21513
7521
34669
22211
12421
22459
6317
21208
25064
21247
13698
23102
34734
47936
28646
30572
49969
533
37754
31475
27895
48549
24465
4257
46457
6648
19330
40480
10767
15658
15109
36242
47589
38234
27097
26957
34985
17249
36173
6638
21316
48095
47281
19425
35460
30596
45709
46887
12533
4930
22114
10433
17308
25415
40487
14619
32406
14752
27845
16790
26570
37941
27091
33300
630
33544
31469
25528
35337
21725
14835
13985
5550
4342
49179
4755
41125
30232
16415
38032
11220
24610
22988
23742
48739
7596
42427
14270
13042
2041
6146
13435
6772
25591
40661
6073
46733
5204
15765
5824
31169
36845
46813
24166
19981
13007
17127
48300
45341
30669
21623
44739
41947
23492
48082
41211
14602
5660
7336
14114
22448
16974
3869
9114
30791
11362
8092
3338
26873
16165
3074
3331
31636
24643
7739
14785
28518
45428
32480
47248
46665
33276
4703
40791
41972
4633
13936
3558
41157
17887
24165
33445
34466
5240
7840
28705
34503
27484
14172
18757
8418
16804
36492
11241
6427
18360
8172
17481
35824
21240
24210
11335
3708
15314
16900
30632
12180
49104
44241
33932
6963
19914
144
19901
5384
35638
45359
46642
30454
7136
1065
23395
32570
7178
47123
23537
24272
48064
23237
19158
1800
17818
45494
25929
42803
47500
47533
13955
24835
38907
36367
10412
29090
33205
16176
12166
47224
45411
1478
17850
18419
36382
6520
17980
39847
33291
411
28114
4518
23632
1354
12720
35959
47194
33616
26400
2007
41198
9992
14839
43443
48242
7661
3771
27542
23642
12399
17900
39646
27557
33047
24
13250
46798
33708
31090
9631
12043
43631
42168
36009
41308
37243
49972
18275
35405
4853
5131
5618
41104
20859
37446
32499
43607
11354
42743
356
9348
22966
22155
28872
37166
29682
5634
22960
28238
42615
45662
29531
10926
28521
48090
39233
46819
49817
19373
34373
2702
40385
37990
42180
35947
40444
36398
35722
38216
48800
45200
14285
13448
37185
37321
33829
41321
4209
46564
8077
24016
30117
11779
42098
29269
9016
35191
18053
48288
3339
39308
21168
40392
7275
36385
11730
14135
30480
32587
13853
35860
15380
21145
30437
32642
39185
46877
23074
39747
37626
7741
7882
30731
22279
38129
19217
48504
27555
25671
17267
39991
30531
36699
27046
11923
18746
11915
33379
34836
24777
46115
1009
1609
20526
30070
34735
33090
3253
35319
24366
48480
33793
35673
8019
12423
38996
18234
47199
41834
3372
49224
46389
8819
28827
43738
787
48287
42821
41362
41667
33977
20996
40281
14829
43173
20589
1981
3101
16895
39729
15054
15212
43177
10438
40911
7209
18075
45803
31020
6390
23705
4616
47142
17669
20959
23315
4426
11106
31823
37352
25912
16690
6634
15144
47730
11193
16288
3693
48885
18225
3205
36423
35849
43987
38883
41333
2393
17955
29645
32167
17086
17538
22014
46874
44648
35882
36583
38060
35955
49784
36657
4841
7962
39237
26837
15940
6359
22672
45131
20226
43118
37127
38058
35519
32291
40924
36598
24432
26271
10860
27737
28856
40566
29033
40736
28867
3673
5540
19280
41619
46326
23919
15522
22297
43593
42197
33811
41775
10940
8862
27980
11746
40704
4525
35957
402
39744
17695
29243
13154
44491
29714
10807
13814
6542
827
27373
41273
17774
8032
48366
24742
42706
12669
35643
37397
40189
46728
47631
17239
2291
36355
22511
44113
27001
18457
26396
19888
18872
16050
30181
790
35360
22770
31467
14012
37615
42234
9272
32730
19392
6448
5707
18882
33481
37336
39951
16249
27049
6315
15230
31411
33564
42995
16691
17712
37054
25038
32741
19044
1936
8157
39786
32059
33054
34413
40860
28173
20797
14472
16747
6414
41214
15895
26426
26287
11326
44090
25859
2759
6011
13970
15975
30157
29532
38750
43135
33587
4620
33448
2315
21018
779
26588
42045
14840
29403
24033
22931
3309
8967
45277
26390
23441
36441
4012
36785
21476
20712
35347
19963
17363
2537
2833
31887
24773
32289
43216
23656
31882
28673
14206
27328
31428
9986
44208
18720
39407
47074
30700
15139
9577
26695
19287
31705
42158
11115
48545
2641
47508
18210
12582
14756
5290
2091
24264
34600
9313
39520
34396
4608
45335
38451
27201
12058
7146
14314
35466
21746
10991
19057
9921
26234
25052
46214
43763
3786
48282
21973
36778
6956
34166
47727
16379
39412
40994
42227
2093
5758
21399
36261
48169
38623
20061
44277
7194
12958
44216
35721
15981
25593
14439
48259
18788
13059
11436
45342
45120
25183
4211
7868
13819
1497
20468
46242
36095
48873
18198
15731
33234
16406
46766
13671
45748
5575
4418
39309
1180
31721
35841
33263
27743
39528
17382
43823
35857
43469
27368
45864
30312
28944
16644
42746
3254
46258
34053
32981
513
5165
32332
32166
15913
12137
31684
48553
5417
24772
38457
5773
1995
8585
30139
42428
35958
32858
3161
29501
37821
40213
4014
26663
11959
25884
21452
11050
35740
48222
31550
19576
40727
25203
30878
12519
38102
13677
8543
13891
30214
11630
40244
49756
11606
11816
43122
19737
1990
7662
18464
46410
6917
43503
34377
47304
2846
31035
23181
42267
21491
38573
11084
8043
44238
18489
20538
48498
40126
35616
43856
7942
3274
26593
3675
8528
9368
25149
23241
23653
47411
29942
6156
19359
31280
49093
17657
10457
15922
39242
849
41143
32956
2538
12651
5150
20724
22708
28593
5299
22122
1614
32604
21090
2138
14496
16761
24069
37560
2868
32071
41459
22691
38182
12200
16743
17291
4776
28545
9903
20545
14843
35834
40115
22248
27823
36450
10417
18027
13492
6041
30654
6026
32470
43078
39693
37232
1527
7658
24074
14658
33851
37848
25341
8010
15443
45489
15929
28611
17117
38096
31614
42605
12398
31501
12387
22667
47594
22733
45893
30688
45606
20125
32697
37684
31074
10742
21532
218
17212
18952
43904
36585
34307
37485
48417
24461
34320
36681
44523
9552
8874
12782
38520
40212
46125
4482
20941
22515
19700
37374
25887
34624
16980
49099
4052
13228
43822
43574
9408
29433
45079
16102
1440
24935
34529
18241
18964
33513
37128
35259
6063
46837
8888
45967
9798
13433
49432
40701
42217
19439
8736
22974
39675
21403
15430
37797
33649
10976
36125
25200
30287
11087
7877
32257
54
18088
43365
33412
29658
19108
7897
6028
12748
25426
48499
21099
31785
18855
18727
31005
709
25901
45238
24313
46589
31999
24399
27470
24980
31770
4186
47956
3982
20845
42020
29814
37545
32705
13418
7522
9175
6836
1929
9033
18084
4085
14180
46810
10901
40032
32278
49558
19932
31519
37298
24655
36152
28479
19267
7410
23495
6884
33083
41802
22835
28031
9078
24699
31045
31884
4367
23347
12317
21224
32106
28291
21637
29906
11156
8166
5016
20212
29563
14421
3291
29180
9093
7380
8304
27399
3662
33293
22313
3446
46183
22845
45855
28564
42568
36994
20850
38054
40968
24911
26500
23414
36436
26215
17981
22602
13130
23496
11500
42043
16739
12074
23508
36635
42430
21487
3901
4220
9585
27884
32030
36245
26568
37315
46450
39925
34266
47260
11198
44181
46724
12638
10801
46179
27314
24218
38007
17817
37947
13506
11885
26058
35718
44467
15977
7644
37840
4228
28594
32816
20318
36726
20009
15852
10360
33183
18040
5836
41454
31361
30229
33836
27685
23951
36622
23159
33871
33135
11221
403
13278
42947
5309
6927
29989
13837
4880
21031
39515
18678
12212
17419
47565
31495
35940
32996
13341
19270
9940
42155
42848
8314
3299
12501
44540
3440
646
26990
10093
7552
13727
3416
8750
28327
13485
35477
9858
4748
22810
16319
40236
23918
33503
14175
5554
21490
21805
18143
21750
25822
13035
11006
35306
37932
39732
33107
35126
17582
2467
46907
11256
23289
34873
47957
19694
18466
8148
34996
40515
20490
41474
24798
26572
830
33032
13
11017
27865
37645
37337
37353
26175
2126
32763
48002
39222
7586
25354
22032
10505
36639
41662
7858
22376
45795
33911
34608
34457
1921
46832
18529
20272
45588
23138
15477
38560
19473
2957
49331
36154
12323
48251
26630
25734
45060
13524
36468
8438
14120
22287
11811
49987
16266
6614
21040
40225
43507
32136
22797
38766
15068
37578
12504
30371
16207
46118
4122
45346
34268
34609
421
21906
13794
49700
23095
19157
23911
20308
6488
40527
21135
1861
1050
28225
37333
38072
17138
12694
47632
34219
47371
24168
15529
30096
5903
28948
43285
41767
34866
9579
33286
11385
48250
19789
21656
29079
47872
15124
33108
46826
29249
22275
37403
9386
742
27197
34363
14478
38219
42601
14146
49538
13398
22373
4896
48194
20633
2719
16402
12471
15468
12060
14595
32951
19985
8192
30740
10155
30402
34178
24633
41716
18101
43314
21285
9067
39834
28458
26019
35146
8536
9333
39765
36092
13431
46244
910
16569
14926
45229
832
25276
44622
14860
27309
4700
29728
2988
26730
48427
15910
44595
35363
33081
43361
24636
36316
21063
17844
25491
4113
20842
3037
40049
34187
11934
31237
41512
41548
25175
39901
17693
48137
32809
38399
28667
42854
16875
6177
41145
43959
43106
1501
5166
5527
20065
3856
990
30612
31058
28116
43263
39753
43080
9989
16439
2826
45328
2894
49527
24064
15310
33152
13424
11123
21504
9518
1258
5531
41538
19295
11175
40687
32353
46933
39794
10624
30893
25295
3297
18880
44539
45533
36410
31997
45654
48015
34062
49888
38349
19558
34071
25222
1146
383
45367
41991
17380
19163
3068
15593
5340
559
36213
14720
1752
27521
2163
45785
13437
29988
35787
8321
19337
38939
36756
2744
41562
28164
24771
9639
39687
37713
32377
27121
7330
40084
24734
2784
30025
33776
800
35493
14814
24500
15890
23519
45006
3511
8178
9802
39466
20737
29076
27704
14769
4902
25921
11884
44736
400
15398
39928
43465
423
42412
31308
2983
27984
14899
34885
7465
42891
39382
36305
22486
21167
889
44005
5817
26757
4677
47958
5370
