14
15
29
52
55
63
65
96
161
165
173
177
180
212
216
243
273
281
287
307
319
323
382
408
411
424
437
465
466
474
490
530
560
588
589
604
641
644
650
663
680
705
738
767
889
903
907
911
924
927
930
940
960
976
1000
1009
1058
1071
1115
1116
1118
1130
1183
1226
1250
1251
1255
1265
1266
1276
1359
1380
1382
1384
1390
1432
1435
1497
1502
1503
1505
1526
1532
1559
1622
1627
1629
1675
1678
1711
1713
1717
1723
1756
1782
1784
1795
1827
1835
1851
1859
1861
1879
1904
1908
1985
1986
2028
2099
2137
2162
2202
2207
2216
2235
2237
2243
2248
2357
2401
2418
2467
2477
2481
2485
2495
2513
2520
2537
2540
2583
2607
2611
2782
2788
2796
2901
2916
2918
2933
2962
2977
3037
3058
3091
3117
3120
3129
3135
3144
3205
3208
3253
3257
3301
3312
3317
3342
3414
3432
3453
3473
3486
3580
3588
3691
3735
3751
3785
3790
3805
3819
3826
3833
3843
3845
3850
3857
3860
3873
3897
3936
3969
4027
4094
4105
4109
4146
4157
4234
4244
4258
4277
4315
4336
4340
4397
4435
4460
4466
4481
4539
4559
4583
4602
4616
4621
4643
4663
4685
4691
4711
4713
4741
4747
4751
4763
4799
4827
4829
4920
4935
4949
4959
4989
5066
5096
5120
5124
5210
5273
5281
5311
5365
5405
5459
5477
5487
5497
5501
5536
5574
5575
5578
5597
5637
5672
5677
5735
5740
5777
5779
5781
5855
5928
5929
5934
5945
5959
5972
5983
6054
6065
6149
6154
6172
6177
6181
6186
6264
6281
6308
6320
6322
6378
6439
6527
6561
6605
6616
6658
6660
6676
6679
6714
6717
6724
6732
6735
6796
6806
6807
6812
6851
6896
6914
6916
6937
6976
6997
7045
7060
7091
7172
7198
7214
7233
7286
7343
7348
7372
7382
7458
7469
7485
7532
7537
7539
7578
7589
7590
7605
7619
7624
7637
7648
7679
7689
7728
7748
7773
7820
7823
7835
7855
7861
7962
7985
8000
8013
8082
8089
8099
8106
8133
8184
8217
8276
8303
8337
8363
8368
8388
8419
8428
8438
8505
8529
8537
8601
8633
8635
8679
8694
8703
8716
8729
8730
8785
8863
8901
8953
8976
8992
9047
9079
9093
9129
9138
9169
9194
9201
9211
9224
9300
9303
9306
9307
9329
9365
9368
9391
9483
9522
9548
9612
9627
9629
9645
9682
38100
1803
41853
11067
45514
23483
16421
9034
38338
45931
32261
40973
861
42783
19093
9846
17567
44530
10960
4912
15603
13824
3472
25706
28700
20953
16341
30784
36604
32813
31065
4827
26210
38999
37973
38956
3084
48285
5553
43598
33131
14239
10587
48368
37584
32686
43336
36080
25688
15523
49298
31383
9591
12440
12289
28157
38292
2359
40611
42547
41269
2130
42865
13941
41826
4177
3551
41917
33940
41738
21517
47014
12255
12956
31503
6070
46230
34099
48346
27761
7389
11386
39194
6207
13235
20329
45542
36728
22662
35772
18969
9856
28964
19249
31934
6945
6658
29074
25384
36425
17699
40058
47217
7489
47541
15818
21315
42737
19613
41394
30624
8864
11680
28020
6185
34741
15279
13189
12475
48052
31544
37095
19455
27702
26721
22453
27608
38040
5838
45175
24562
35937
44897
2606
11366
24696
48814
29780
29395
28984
36511
27665
969
4102
19099
32052
45947
34011
24803
20326
45948
29701
5741
36043
14580
10508
7665
17137
21909
34136
25219
6348
48849
42008
3490
21873
1252
47737
43043
7142
15642
1025
27165
4963
43565
43430
37812
44173
15467
7839
32021
15016
25563
26525
1737
37120
7478
8288
39021
16335
49840
48957
28237
26558
6306
7566
2770
36476
41513
47049
6590
41734
17814
22171
46402
28312
6030
12211
23376
48037
17478
40404
33422
35427
36273
23018
32392
31479
29834
31886
30305
43464
32527
47683
37271
20638
10809
18186
9892
33925
4921
6855
42930
12595
36211
38485
13612
32358
1002
9300
17505
12454
14344
39410
15876
941
23270
31923
42496
49906
29247
4519
16746
33301
27142
35296
5088
39384
19750
6607
33880
14253
9399
45789
8370
8380
19447
30753
11668
10310
46500
10534
6961
7171
32725
46805
19101
15872
39665
44142
4887
41594
7753
2739
2270
34490
14962
47196
33876
23995
10931
39300
11498
24910
27351
40996
25667
4950
39552
10558
5800
9783
9298
8302
14730
9135
42801
33964
37105
41057
31402
15954
44855
47292
16363
9343
26690
26974
27021
23065
42650
38931
1864
22456
47494
10854
21015
1368
29887
48409
30389
20144
28135
7065
21459
717
4302
3105
22223
24147
42336
37263
49448
45896
26711
17641
23735
9485
15741
40584
44197
17340
46080
39165
37187
29154
11357
13313
17785
46712
35154
27786
13202
43690
36145
9995
12966
23475
2432
36036
30013
30424
25084
18356
35464
21835
43978
38620
1528
7835
15311
33607
22402
4007
21640
43843
7180
16627
2082
4087
20760
35557
31337
11025
3052
3201
21991
35380
18259
33642
995
17768
6649
14543
4110
141
25194
26408
49227
34014
20151
5080
24666
17385
2165
15996
39013
49444
46290
37939
37562
35205
35292
23136
15228
35092
32936
37753
42654
15122
41914
11192
4628
9670
39108
25281
25214
730
40249
4392
20034
639
3758
49979
28786
28717
42474
24335
34498
19799
48830
39506
22905
12436
41815
846
35790
1511
47741
2337
36948
43017
49692
15412
7367
41581
42708
45217
36599
47970
19864
9927
2521
33049
13590
12278
35313
5128
39616
42646
1076
28725
2383
9394
28029
1059
36709
37829
28361
11211
33484
9024
18942
15246
5678
5914
49492
27880
1057
32510
16740
43456
34853
1074
22923
11625
10993
31584
17337
13552
24118
23353
13221
13329
19427
37161
36477
46037
48762
45783
21952
22855
19795
29084
39220
48296
48019
41597
25958
34000
8520
48045
37765
33007
42551
27069
28813
44408
11752
3594
13811
32085
11294
27540
23389
11534
6402
4197
1769
29177
29464
5610
21827
15266
23372
35581
30060
1568
14993
45908
32685
32923
1856
32400
1070
16583
25006
36567
31242
5502
28657
15807
38673
29643
29015
17041
41446
1496
13725
31178
40954
32075
23498
14920
28609
47467
32180
8381
34330
38171
8822
17051
30772
47801
31094
18949
34806
14605
8656
15829
42153
36157
38229
36027
4402
45439
23306
44677
44313
48761
31380
29442
24751
12450
42949
29848
45454
29255
29096
37904
12971
3391
18188
7483
33092
1427
19580
33810
8104
1696
30386
5942
11434
33393
41601
33601
48162
40506
28554
31499
7230
370
27779
48331
37662
20632
43784
12886
39071
4630
43573
28835
45075
44707
43749
39294
20344
33801
25246
45433
46141
35994
6847
17446
33691
5065
13463
31560
1879
49079
24189
5218
18286
41102
49366
59
19902
24047
618
24618
24317
32524
548
37215
31136
39641
26559
18582
32371
23250
23122
45928
37475
10869
49384
42134
20571
10722
48118
30789
11805
865
40314
33043
1772
31868
30113
15397
20469
15224
21106
2452
10463
22695
6496
3575
11011
6284
47667
13830
14575
21501
9613
22891
15856
36725
48426
4166
3650
6635
44020
7719
10518
34016
8153
37548
36269
33955
45192
32982
39644
39751
17803
22542
22826
13259
36930
49970
31978
42252
49466
15640
23922
27424
47204
1958
11052
20601
12391
10439
32774
27938
3888
26482
10341
41589
9357
40354
5319
25019
42738
41993
10192
41412
41944
49770
9107
27467
2223
1700
8000
11902
15305
40155
22701
26097
11632
20721
37785
18362
32881
4020
41903
1655
36676
16018
42408
17655
1658
46757
11105
46958
9794
13281
8105
43123
37644
5966
20968
39609
48088
23589
4672
19929
45634
46085
27993
24704
17401
2696
29050
10981
22273
15138
39761
3289
14373
6351
37906
49791
33976
37173
21552
46688
3057
41874
11512
40378
4117
24092
29324
30266
42012
19752
9944
49786
44513
22406
13458
5389
6493
9909
27759
20378
5492
446
29273
43744
21055
41306
20215
39640
13918
241
3242
20431
11874
31797
17451
3286
20281
29451
16864
34496
48112
17835
31078
35697
44383
31567
48170
15392
23120
49054
27544
7837
27152
41715
34865
30838
7460
11344
40307
31844
992
46443
49500
42411
41021
9334
15470
49855
39150
30346
47478
15453
48914
43845
11040
7519
31016
33635
43411
48517
39187
32938
42744
37304
46841
16722
1553
40863
28067
27275
955
7427
9228
38697
19837
29488
42845
7532
41343
20117
26642
6913
44802
11353
24991
26535
14578
14527
22507
38429
48315
5823
1358
5507
44139
22611
14647
5664
33874
32145
14171
7906
5896
42433
43953
22105
10999
14702
26009
27317
13688
19352
12780
22664
11188
32682
18833
17698
13931
12045
10949
35293
10418
14014
4072
18111
32826
35960
38472
49408
10135
32649
34822
20524
33275
27156
3376
18499
22460
23913
48686
45752
35629
32215
34170
10883
36588
1196
2986
34536
25933
43034
33526
19920
39972
42548
30777
8183
2518
15372
11409
49280
10770
46542
24611
19566
34492
16536
1265
37038
26707
24411
6596
19673
3016
8056
31103
23942
41511
26883
43490
26876
48561
40086
6753
44267
30213
8030
20577
38
22851
20639
30933
150
21652
24364
12329
17530
26675
1048
17455
23824
13396
21686
38048
18283
27753
20525
28891
44192
31535
28078
14820
15545
28864
32914
4772
39865
15341
19061
45091
31437
27772
14386
9182
40634
21049
24842
31603
26904
22143
7734
34360
10182
1041
44355
4073
3927
21728
6837
7500
34835
7469
21351
17067
41060
2376
37162
47306
44657
48262
41421
1556
48062
14972
46894
14232
21277
47812
30022
22135
29923
9129
42129
22919
6981
20330
16528
37091
3864
28942
3172
18006
42084
33952
7128
20630
5877
8161
40362
7063
21724
11364
33
23690
7852
7771
33262
24606
10731
12853
24065
23417
18867
36554
26399
16837
35478
1603
18771
6394
42970
34647
33653
45854
9612
47736
34779
46919
31414
36230
38648
20418
20929
43850
33113
49896
16780
7603
19496
5479
21022
38829
6602
49983
30868
6162
33717
5354
34623
23986
44957
16635
22008
14064
12988
583
25769
24726
37350
4350
33008
37110
20007
13089
42604
42122
16301
45552
35428
44376
7474
36275
48132
27233
8164
42682
46468
42206
38825
42997
36685
17441
15345
32732
26111
6585
26564
14269
14491
9841
48506
3818
24154
24705
38215
34999
29523
15714
25062
1449
3125
10929
22413
13793
18408
45458
16070
25492
6319
11419
47462
9345
33612
26862
2930
19994
3222
45949
36051
23322
25633
25627
11339
33788
27012
31261
44704
38679
44318
19808
39163
25073
11231
37236
41673
15555
42258
32230
33318
15156
44399
6199
4428
28991
18684
13205
19872
15335
3188
10143
2581
8645
42545
36664
18371
17214
28308
43626
36000
27722
23526
43562
15300
6492
45057
13287
28772
20346
14032
18638
3328
3552
35287
5430
20583
31527
20335
34197
33814
10454
33972
25825
46989
16987
45275
25559
11938
19913
47848
30668
38147
43233
27208
805
11387
31632
9291
42131
7313
46825
1916
26965
34160
8943
1815
6263
8162
43968
251
23996
47313
38945
15739
35919
33956
44507
22748
42037
28563
16308
4108
21914
26939
19617
8918
37924
25447
30476
14536
8151
21347
16228
6910
18373
1938
7369
33159
26907
40624
43800
8761
19514
8790
17369
3220
34914
46493
40353
17098
46109
44893
35449
28477
35271
27673
22832
17912
18497
4855
1841
37133
23326
16231
37510
26064
22278
26912
34581
1723
25315
25802
15251
31542
4472
27559
9752
23998
19414
24099
43716
29865
47851
44944
11291
44322
25640
16418
10501
14122
8011
14941
42806
38193
47918
24112
14237
13085
39482
35832
16209
30541
30338
44663
22549
3218
33917
19381
42086
26283
18780
30866
4033
25673
49872
27138
11120
17155
7893
878
44868
16805
44576
22620
6309
33346
37415
48402
20626
34465
19245
23715
47475
49940
26183
21373
46838
2505
36812
2947
22517
5329
26556
691
7268
25103
21578
32555
17251
21739
49819
8259
18570
47198
14574
14297
6169
35715
22216
20505
36605
35463
46231
33031
24707
48248
39822
26253
20196
1823
49197
23688
43726
46399
16646
16628
30461
3457
45625
19631
34682
3787
25138
17413
10255
4481
2525
30574
22523
32134
43313
45909
29839
46062
24071
31460
38085
49443
39885
9222
24652
32520
6574
34061
14779
8606
34172
31366
12241
48410
41992
11556
36767
49742
21744
19151
26462
34055
47008
30459
27585
37167
39313
28253
12425
32222
29607
9976
17864
25713
25520
24598
49618
18520
17046
14623
46411
12776
47410
26154
45053
32451
35541
33894
21415
31740
23536
25676
2738
44084
5445
49599
25943
7121
5541
22125
21147
16751
17578
3190
29685
9166
9982
35144
25663
4361
