41
45
118
125
145
183
221
253
273
316
336
365
377
378
399
415
420
446
460
552
639
672
676
686
725
750
772
776
804
805
817
828
839
867
907
911
1026
1062
1071
1094
1098
1121
1135
1151
1167
1189
1228
1257
1272
1279
1314
1324
1386
1405
1413
1457
1494
1511
1512
1526
1535
1558
1564
1566
1576
1621
1628
1728
1802
1805
1811
1838
1851
2006
2093
2110
2112
2166
2173
2179
2234
2258
2262
2266
2268
2288
2299
2313
2379
2434
2438
2444
2454
2455
2469
2470
2482
2541
2546
2550
2561
2596
2598
2602
2635
2642
2697
2749
2759
2761
2764
2767
2781
2824
2888
2900
2933
2951
2975
2979
3004
3016
3022
3129
3133
3134
3157
3180
3186
3190
3218
3259
3264
3276
3309
3326
3350
3387
3398
3415
3441
3459
3483
3495
3512
3544
3573
3576
3626
3636
3649
3683
3774
3809
3821
3827
3873
3888
3926
3932
3947
3968
3982
3985
4115
4128
4168
4187
4189
4264
4302
4343
4374
4405
4414
4418
4454
4574
4585
4596
4624
4634
4645
4659
4674
4678
4709
4745
4751
4767
4785
4800
4815
4819
4836
4882
4897
4902
4903
4944
4947
4948
4963
4968
5006
5016
5017
5037
5066
5082
5190
5195
5198
5228
5231
5238
5318
5350
5384
5397
5425
5461
5467
5471
5488
5522
5531
5569
5579
5580
5596
5643
5645
5676
5680
5683
5789
5848
5914
5929
5936
5955
5958
5965
6010
6029
6038
6048
6057
6068
6069
6148
6213
6231
6238
6242
6262
6327
6375
6389
6423
6424
6460
6483
6516
6542
6555
6559
6575
6577
6635
6642
6656
6723
6724
6747
6749
6756
6761
6809
6838
6845
6846
6911
6958
6967
7049
7066
7112
7187
7207
7211
7237
7248
7251
7258
7272
7284
7335
7346
7354
7386
7479
7484
7496
7530
7586
7626
7664
7680
7691
7692
7780
7781
7852
7865
7884
7907
8022
8035
8044
8084
8100
8108
8110
8173
8208
8238
8286
8290
8313
8371
8378
8401
8416
8436
8471
8488
8525
8534
8535
8575
8584
8620
8633
8664
8700
8748
8750
8756
8780
8813
8851
8922
8951
8960
8983
8994
9015
9026
9041
9046
9070
9105
9169
9171
9187
9243
9308
9355
9365
9400
9442
9476
9481
9483
9527
9566
9610
9690
9778
9799
9809
9826
9827
9876
9918
9921
9924
9962
9993
9996
9998
10041
10060
10141
10180
10185
10195
10212
7409
43657
10365
26060
47446
467
5719
23786
16100
6543
16963
48254
18659
45621
29732
25189
9533
48778
36357
43754
27908
18677
22970
22317
42165
16903
48979
46632
4498
1195
4368
25838
35883
36981
21440
13549
40896
38748
25431
26162
37083
17353
1454
47560
30158
3304
15827
19753
20682
23035
46277
12749
42069
12029
9058
18630
42804
49656
19332
44956
22408
13876
13902
16160
32744
5015
9801
48428
37867
29348
40910
22847
10686
42379
13459
11029
26743
468
16497
47061
47337
40150
21064
44017
38885
26764
49930
13030
10470
5249
28311
13507
30609
35286
15863
31127
43924
47355
32592
30084
46843
41848
16552
5952
405
10212
45010
14128
47456
25457
27147
48350
34109
21798
18383
17115
35434
18306
29274
19015
18073
7788
9799
9657
29540
49557
455
12149
37729
40294
8453
34568
27862
13436
48291
26644
11642
16219
14708
44778
20758
22350
40245
27444
25624
7792
12754
21217
20790
35859
7757
341
7599
22641
17196
49837
35343
19277
9438
28270
15623
5843
41274
1935
8249
43592
46480
16137
38029
4080
25746
27202
26207
30730
24144
39815
43998
25786
22449
23077
3665
401
47215
47685
20105
39504
36286
23245
2949
29881
48968
28724
21158
22648
16567
22924
2720
13348
19807
36007
18538
42399
47862
2014
11835
24834
3049
36627
7808
20127
26571
47579
41167
1811
2959
15871
40482
48295
35927
25420
9362
42883
40125
47689
5928
34259
22993
47865
14754
39138
17514
2617
20349
8660
24605
24163
28179
45516
39927
42435
14615
15900
3884
29724
965
19210
30426
29338
48257
30304
45546
49091
16637
23776
42283
43907
32874
47271
8746
5414
23754
35149
26493
23010
3334
23732
38980
27522
40542
6113
12079
39521
5432
37324
29225
10061
18192
3951
30048
5094
4202
8858
27516
38937
7093
48024
42759
18203
8118
49018
31757
628
14080
49067
38943
35548
10205
504
26341
45035
30595
8898
27639
1481
22684
17743
28014
42039
28469
41460
1428
26045
48458
2824
1831
36119
32173
34234
28354
12808
32905
21144
48317
29748
47404
1626
48777
29190
25167
28512
24750
44653
6761
19573
32934
9314
27562
18737
38753
15735
20902
17257
37240
11424
5391
4027
31029
47912
31086
23155
15689
20622
24543
23610
27552
24104
28930
31600
31955
11963
36886
5955
17026
40159
36482
11682
40504
42298
44618
49339
45096
7530
16634
11100
39037
11014
7537
36927
17383
17076
36155
34037
14216
10990
31369
37165
32206
43542
46113
8443
48492
46706
18424
46523
34101
46782
40807
28921
36356
9510
8072
43664
2780
757
27749
42019
14056
43266
25460
48105
18782
8062
3903
42934
28966
26565
17203
36862
16420
45525
41233
47379
10812
6743
16836
27873
17969
20265
44035
9449
37178
2675
35327
15494
41882
27638
1424
748
45800
11919
10675
35089
9499
27962
23171
25502
18508
5973
20355
13084
16213
24557
20743
12056
37646
37279
34724
49672
17488
497
9696
19894
4314
31521
20723
43077
49734
40890
21043
33003
47645
41414
39049
18436
22713
25762
10516
12967
48130
46770
7445
31201
13473
22200
36287
49863
5103
1598
33386
7784
25644
41929
2142
24365
49303
49651
24844
10151
5194
22907
37704
44299
34938
40343
29977
21869
47220
12764
983
39530
13420
43479
8810
39914
37276
30709
17917
25712
32058
43288
6187
11151
11425
19697
10197
22608
34040
39201
22692
16004
20002
10130
3011
41432
33700
15318
39431
32831
46987
42105
2808
18105
43814
23016
41222
18735
33831
30052
9464
22080
10896
29289
21815
38586
35713
1270
18831
22777
29940
26296
29189
25023
33558
38683
40818
28320
30521
23659
43698
29140
7826
13578
39386
25243
27497
31098
33999
43831
40479
29244
37039
22881
35846
13419
41030
8200
24319
18249
41800
27155
1708
8392
38770
41762
29364
29772
8478
14958
16632
17762
45438
30257
34964
34125
36415
13860
42456
48416
30116
38847
16048
34022
44045
14856
42618
16624
16529
48560
26361
5346
24361
28699
47834
13629
39628
14138
24690
10043
1601
29232
6919
9525
21865
1755
48986
2066
5533
33694
25220
41907
20658
42248
31904
24021
7581
25097
14124
31015
20916
2692
13324
45666
24753
46486
7543
46831
17963
33711
39241
16313
37693
2233
38576
3609
18803
4919
10761
11612
7865
19011
43279
7081
42573
1434
5314
40806
45186
37079
1589
21522
47267
33864
35377
28092
29
21803
4060
30604
22773
17458
22557
11356
21386
43709
24795
8797
25571
18315
8444
18955
14341
47691
30378
34417
20980
47418
44443
10617
20574
28558
30160
11416
14023
45656
30643
14460
4601
40652
14190
48677
19237
25244
21071
28716
14898
27071
36289
4282
33683
25288
8102
43949
1740
16686
7174
8833
1376
41863
45190
49507
48546
43944
16918
14434
284
42844
40746
16186
45652
17133
13357
44320
47651
11176
5484
15831
12802
24851
25538
28273
11216
29888
37690
19492
37334
31119
29099
42566
14499
29380
27940
39121
7015
5696
47106
5457
29735
12375
2322
48635
15452
13835
25270
24791
41040
27623
8578
34150
36163
11946
25880
44145
34783
26722
116
16892
47332
30487
16113
29518
439
40802
16196
42446
7991
48470
16866
9493
3536
12991
43324
13181
7925
12355
35963
17633
3329
49868
38551
33819
9859
22799
24333
21647
4523
44178
15893
906
14550
46614
29854
16838
15333
35750
4018
29880
8963
36052
40639
32721
42272
30467
4176
45763
11762
2035
4162
46553
45445
10301
38321
15949
47048
39601
12131
12062
39486
16521
17490
11802
41345
49735
48971
42808
12553
21404
35608
13707
8355
12993
36693
41324
39080
18925
47599
22622
5266
43289
10855
4249
40525
12910
27338
9819
19633
5341
2680
25251
40635
3443
29884
6015
39329
13716
9413
2950
4774
7377
33011
9094
27931
2718
45373
3066
26656
33179
31087
31391
26607
38519
8083
47104
34270
22190
14441
38783
8296
1757
39213
10796
4470
6013
3204
12165
13110
33950
26311
39170
22579
8376
16115
19982
44749
15866
46603
24859
626
40275
49671
20862
17015
27460
5604
18231
4240
19041
8748
49921
46513
32016
9905
27855
23738
20910
32062
43993
8437
17253
49276
17387
40607
25581
46338
18358
37065
25083
42175
44545
43811
9910
22875
6190
26092
3042
22258
3063
29879
22674
37022
13260
18697
19480
18763
21195
5883
2967
46935
6735
45242
12477
43829
29513
40346
32401
47398
25070
41664
37182
22962
24720
10574
38043
6617
46897
40317
38782
5988
3263
35422
37322
34705
34190
36623
1338
9767
26412
28300
40379
11721
5956
35414
8994
23024
23377
26985
16245
10732
35279
6440
34558
12740
32629
49100
17140
35973
14153
44630
20393
11732
5472
18624
49528
38574
47298
32217
17932
4048
21248
871
20817
41818
1709
34750
48869
2287
30963
8147
49263
19094
25422
42235
19493
2034
36312
11400
47557
26144
20568
32631
36254
5163
42674
37377
47585
33516
21892
7505
264
23491
45089
3214
18951
40432
30271
12095
1470
39477
4387
2427
2330
40873
47431
38536
23997
12634
10215
11475
28380
11671
49205
34949
21275
20759
40830
38518
48246
21825
5770
37160
12209
1759
32661
4163
22062
12414
24793
46872
23652
8549
48100
9328
21874
39926
27059
33160
2714
46689
28231
45182
7320
6503
3721
9983
24356
4420
37439
2512
38387
38913
2613
47693
32398
33461
31165
45113
40349
6640
32954
17717
25419
25462
9140
3701
41131
35798
18391
6650
14534
10650
44709
41546
11772
32573
13434
15030
37181
47991
31648
4651
9373
34318
4543
1243
4081
35201
11280
24360
10729
10777
5530
41600
13841
10332
37456
17355
527
21639
31591
35196
28138
20928
15707
13334
18857
21360
15548
42754
46936
45297
32318
9292
39883
49346
26332
30429
10493
10141
24583
3852
23507
35544
11008
22716
5210
15473
39666
32538
564
1522
10024
13747
41238
39826
43989
7847
21997
3375
11283
44719
24642
36325
22844
25578
43092
29505
29468
4504
48424
47525
637
36363
41557
36038
28487
10334
38312
35929
43219
13238
38580
18445
34019
30267
11107
7801
3332
45390
11912
39153
26724
12133
36819
19961
42543
33130
20257
16554
13712
30
34250
39606
14712
3964
44165
185
37841
28912
24592
34341
35263
44805
49497
12777
40320
29295
42649
7243
40535
35373
18271
35731
21044
33478
42148
17677
39716
29623
29587
29173
21721
23822
39899
48318
34313
32775
13613
40618
9059
19444
30517
1607
38772
16511
26693
4552
47328
39409
40619
30564
33058
37062
27358
46343
32369
21345
41457
31593
9985
30497
20834
8365
25605
28570
20471
5516
19082
26000
25092
30744
6400
17101
12078
3585
41300
1306
1664
40241
44552
44619
28444
44116
49891
19173
6972
8383
21564
41792
12265
36018
18368
27706
47473
555
41609
15097
46625
44599
35456
47089
29413
41266
25763
35633
18713
9895
2804
2264
33584
31635
6312
49856
7444
41636
48252
34460
42376
18603
29596
12435
27170
21761
46910
2355
17093
39230
15113
25106
18402
11018
2365
43980
30520
13230
29060
30635
48653
19004
36621
30002
407
14867
39149
6479
18935
12030
6687
22506
44470
33922
4689
6142
34787
27278
17237
13594
24521
28208
35039
33127
33315
45313
26322
453
38179
7328
13880
1234
8971
16423
4509
46224
39026
2435
25789
27286
34106
46631
2859
28009
25797
27760
33647
44582
3962
24113
29174
28917
26049
7464
24881
37747
21166
15767
4787
11474
23254
9666
27216
37672
47802
38466
21467
43342
30383
22026
30636
18979
41975
233
41452
7423
12429
30355
45457
9566
40516
42972
33229
30695
45344
44463
43458
19318
34168
38285
42493
28302
35788
7979
4270
2423
48174
14520
27681
39793
33255
44794
46655
24587
11887
29578
48059
9031
38618
14169
6682
49525
36231
17947
25261
39113
21760
27267
276
16460
8099
25748
43277
46964
32903
1123
25807
47617
21092
38635
35281
293
9253
8774
43303
21633
41068
9934
21054
39877
44546
4717
33638
45507
6553
11224
49556
36573
38633
19329
9014
15436
1887
39664
38849
46802
17396
4311
21881
11374
44243
19945
5557
24058
2421
41121
30539
41212
40679
31048
18710
36901
344
43564
8813
6370
11238
5529
415
45357
47253
5954
49006
7014
23386
4925
40872
21413
16912
115
866
5521
48908
34799
26778
