2
5
26
34
39
50
72
92
212
244
247
255
293
302
303
366
399
400
415
457
476
505
516
531
555
556
599
606
635
671
672
687
689
709
724
735
817
874
888
924
950
1010
1068
1069
1075
1091
1100
1128
1189
1191
1198
1211
1223
1255
1306
1342
1381
1397
1404
1409
1440
1467
1476
1482
1509
1511
1581
1583
1596
1600
1604
1633
1634
1652
1692
1710
1718
1739
1761
1775
1787
1814
1823
1852
1874
1878
1887
1890
1925
1927
1934
1944
2019
2040
2043
2069
2091
2093
2117
2134
2136
2137
2158
2176
2206
2208
2226
2233
2236
2250
2269
2284
2321
2334
2350
2356
2397
2423
2453
2488
2533
2619
2621
2633
2680
2688
2689
2695
2699
2707
2734
2751
2758
2789
2852
2857
2935
2942
2948
2958
2984
3029
3038
3115
3120
3143
3162
3204
3224
3242
3258
3346
3364
3414
3419
3438
3490
3543
3574
3587
3603
3638
3640
3644
3717
3733
3734
3735
3821
3849
3921
3934
3940
3951
3953
3971
3990
4043
4048
4070
4093
4108
4165
4192
4195
4205
4240
4266
4311
4341
4361
4403
4431
4436
4458
4471
4478
4551
4576
4577
4585
4605
4615
4634
4679
4683
4723
4766
4855
4931
4956
5016
5038
5045
5058
5066
5137
5179
5210
5258
5284
5285
5321
5345
5387
5398
5406
5439
5461
5472
5478
5481
5498
5543
5597
5605
5607
5621
5701
5717
5864
5877
5921
5941
6008
6011
6087
6157
6177
6230
6237
6243
6269
6298
6313
6314
6323
6340
6396
6445
6483
6486
6531
6539
6582
6588
6598
6642
6658
6669
6711
6728
6733
6743
6800
6832
6833
6850
6857
6881
6922
6973
6980
6994
7000
7012
7014
7043
7075
7158
7161
7169
7170
7183
7220
7260
7264
7274
7358
7361
7382
7405
7425
7471
7503
7525
7556
7584
7613
7635
7676
7704
7705
7795
7892
7895
7932
7946
7970
7986
7992
8026
8168
8174
8203
8212
8223
8229
8232
8244
8254
8261
8294
8313
8333
8346
8381
8390
8438
8473
8513
8541
8546
8579
8590
8609
8626
8653
8665
8679
8684
8688
8695
8699
8730
8733
8773
8818
8839
8853
8867
8869
8874
8913
8998
8999
9024
9042
9047
9073
9119
9120
9163
9195
9196
9250
9252
9261
9285
9301
9328
9358
9365
9431
9450
9456
9462
9466
9575
9578
9628
9656
9678
9691
9706
9718
9734
9765
9823
9839
32877
16291
14963
36259
47103
34702
44330
12884
29769
15764
18516
26194
7908
38503
48274
25740
44740
33606
21029
10566
28851
47209
21325
36411
45960
7515
33628
10715
39229
33629
36392
25333
48566
26996
19889
27925
36954
11330
17278
41798
14960
2260
48910
30718
36487
45991
4319
38306
6642
3456
25702
37462
29921
1801
40957
49304
19176
22999
35680
24353
48992
29454
48573
39929
39228
7545
41082
40443
11097
40813
13067
42064
43868
46690
31028
47090
16949
15724
31994
374
4188
13990
43347
40489
11153
25252
8140
15449
25057
10082
36796
48422
44532
13930
1134
8500
48666
19071
11949
15233
11826
26030
41034
34383
19652
23556
18174
28757
29251
20794
36540
3714
33116
35390
30134
35497
27679
41475
24648
28691
28999
49052
35237
29858
18729
21198
48454
26313
28870
43213
32425
11328
19362
15393
3153
34704
45989
25610
49472
14001
31129
39558
37046
16166
1419
23092
5367
46112
5606
4635
46916
25053
13948
43071
45636
36191
13375
37369
36958
45469
42866
25287
1061
23721
14366
45422
35386
37852
34839
11285
46096
34207
11536
36022
10726
5561
30189
10410
47463
39587
47602
21858
5265
2242
35905
22912
10206
34411
4808
26251
22879
22707
48155
24947
24314
45705
33017
18087
21436
26504
3580
22412
10878
27806
20387
31574
44407
2877
46720
15365
12726
45043
3163
45557
26388
33199
35410
30393
41069
22650
47938
39845
23268
8662
25894
44781
26738
20043
39779
34074
8793
38021
28460
24023
17376
34884
22715
7677
23641
44687
18074
18643
28079
14034
18552
42745
43866
38582
29342
39403
7260
43590
14530
17358
30248
15219
32946
27835
16578
22666
37914
29006
27094
49259
47781
49017
6698
734
38199
33891
431
27912
40868
11245
34476
22895
49565
1474
46084
18441
42405
14650
7082
43962
46667
19022
29649
45321
47629
40239
40773
32393
27032
20415
42005
29382
31303
56
24295
21740
13246
7864
45973
24951
16047
34054
2794
47080
3047
38108
42513
12649
22407
18748
22757
2755
3966
22830
25727
23457
1911
30847
42537
30126
44196
24489
27053
988
8457
3448
43009
46927
27653
16494
13411
31543
11622
31248
44847
8134
19612
3171
36830
25205
9563
9707
47725
38859
18176
2788
8731
15347
18427
44284
26987
37366
46035
19606
16043
10555
42222
32906
35822
43156
18189
15606
14965
19096
16079
30871
2271
16210
46087
3264
21009
11694
48437
996
47954
49422
26033
24953
36301
41442
43038
9642
41210
4920
3459
81
4882
45207
30579
42170
20207
46621
851
21595
39591
3803
5090
5849
44085
26237
9899
39551
37125
23206
37899
3249
32079
47662
35452
26686
29896
25775
26167
47493
14792
36362
46095
31650
29969
19800
25707
34732
26705
24105
27223
25677
12514
46483
47054
20320
5372
44623
260
27377
5613
46793
38114
6352
49848
46734
39456
42919
33989
10503
31960
5100
8452
16701
42393
14437
36206
12832
20185
23756
35604
6443
30201
35606
7870
20361
38896
32910
22893
8050
5780
33333
29836
25903
44665
21148
16204
17871
4692
12082
49675
47647
35193
5049
28602
44990
535
25870
32093
30260
18262
35200
30763
5379
11753
4862
37184
22870
729
918
26775
43129
44914
8320
28854
10424
17619
2266
11928
18016
28652
48328
15861
27633
6248
7815
24028
12825
44293
4662
26543
39569
14033
14669
47757
17518
39029
22890
34353
6033
48004
919
48077
7454
33154
26349
45501
18981
18634
47183
44441
49938
47225
2843
36016
3747
45545
7446
48510
42538
49682
13805
35389
24196
45125
37086
28069
19863
45627
24130
15301
26548
8167
39381
23947
16823
19338
19319
48006
5832
9531
32924
47107
41743
9871
20348
22853
16496
1726
49380
43053
49482
9748
10471
10258
39695
31688
46494
1865
21944
34186
5872
45519
46925
22590
21379
29562
18511
1411
70
40561
48220
37623
14841
48754
6615
32747
45278
9337
22338
44312
36528
44265
29883
28404
34192
1423
5651
42461
35639
45828
8917
26808
46165
29816
35906
29491
173
31568
2984
38807
23554
28536
5544
37732
48828
30735
39394
14119
18061
9190
1805
41692
11072
34003
20952
19623
14276
26679
15499
35000
25056
9586
26153
42698
38600
40632
4316
8502
31977
5593
21186
28741
33927
32530
34516
48708
40662
29204
37169
25918
20733
23146
11953
27443
47203
5965
47544
22224
42218
569
1224
41232
10924
9444
21318
22737
17236
5547
41037
15362
3794
40272
24380
18212
11376
33246
42174
5905
29398
4067
24838
1066
20484
6088
27903
25589
20083
19029
4968
36435
23173
28845
17315
4259
49797
31867
31973
8902
31856
31302
32978
24819
20037
18319
36851
46209
15733
29566
26486
40430
47065
31180
31376
28946
27422
25875
37795
6575
26949
15798
4990
1091
25015
32055
36912
21494
14760
34790
29757
27590
23238
33757
16835
11145
7031
3896
40373
34216
29832
21046
18913
6878
47739
40417
2371
15019
17833
1133
47012
4716
44593
30342
14465
49271
23810
10709
49722
6232
46853
29110
39282
23404
20090
49493
18758
26857
15894
681
11165
26277
12851
12390
47038
18946
28947
46997
16626
19515
17079
15476
26473
9793
27941
46901
10514
43345
6444
8586
29624
3156
27892
37331
33765
26581
18626
28341
45819
45581
27770
34812
14734
45942
36988
4956
26330
13679
20164
33354
43056
48330
9835
42092
34763
33986
26747
23392
9174
37441
1979
450
45698
19506
9948
3746
3632
7181
36196
42243
19154
18919
19459
13245
21910
26143
18347
2748
21179
37096
29031
45814
32667
5108
7938
5039
30063
36354
34841
39920
28321
23207
6279
1198
14259
26845
37768
16896
3660
31611
3198
25751
38555
37310
48660
14802
9677
47447
38860
33747
45129
19754
35053
44150
27224
18082
6561
18708
47810
22158
44290
19624
35775
28900
48083
47949
23316
11852
7241
2416
15898
3653
48362
41928
48302
47884
1015
29302
39788
48444
16236
11905
46316
30689
38784
38695
34931
25249
33269
43115
7189
45941
27316
1111
48301
27720
42782
38165
14875
24126
38253
45653
15089
28976
49920
31222
22305
40380
32944
45554
32919
43651
48199
25372
46422
8742
19191
6807
23184
7164
21077
2059
12068
21465
18280
11062
26739
13057
1330
25656
12962
47160
33193
49665
16859
28247
18440
32352
33504
47899
21689
42256
20451
33931
215
6436
44337
17547
8601
6797
14992
8795
41915
9470
19350
40477
34391
26363
39975
36653
25777
30231
13840
9301
19271
19437
16081
7160
25854
39718
36378
21737
12908
14929
49964
42721
2117
47507
49714
8398
32641
16741
7157
7780
24503
24473
24452
48674
43315
7021
9537
28516
38990
24056
18151
37708
46071
46973
1503
19003
7901
20732
33873
31200
12974
10692
19708
1482
11317
33622
26171
35944
32118
31149
7518
38839
5981
11790
35602
16873
40857
9235
41564
4641
30793
17495
32227
11933
23874
20092
33878
6220
18064
16009
39332
11795
34935
46017
45579
46010
1280
29631
33035
167
27
22731
25845
28831
39733
47911
6215
34105
21682
26728
34541
24415
22289
4255
19610
6042
20938
22188
14026
27598
32805
19320
324
1998
11267
21734
30889
29775
35892
31047
8866
6533
1983
19483
47134
16610
38507
49333
37622
44788
22445
12696
19595
41367
38636
7208
9205
49531
35125
32031
33079
35898
6689
17293
45482
19835
25552
37834
44227
42041
47070
45007
29422
25597
8198
28746
14932
20692
18399
49866
34755
30042
44823
4822
19368
49547
8051
3271
32342
20860
18083
41360
7697
29817
46201
33423
49957
42518
30283
14320
10744
27991
22079
4699
11725
14004
19693
18574
36453
999
37900
48685
20747
9030
4275
2120
9264
37621
10033
3173
12621
38305
3492
45746
25272
6094
41425
40151
1922
46767
31620
24822
21127
35234
39869
6519
17006
4160
3495
14015
7729
7195
2500
42937
48683
43133
1618
49172
11217
29857
41318
26365
4632
17612
38172
20076
23557
49867
46169
6155
47221
44581
22671
45290
16321
26354
40779
31494
38954
43991
40538
23782
27918
22119
40572
28997
20809
28217
22547
23318
25248
33645
8353
46984
25171
27701
44403
30965
12532
24763
10072
7158
19211
49541
27269
45184
11575
31442
17152
18685
25735
35842
22493
46239
34382
31646
8591
19683
43418
767
36556
42966
37521
35752
11988
18971
36673
20478
34887
13203
9035
19487
39042
42838
25390
17638
2104
18294
15915
17189
156
45728
44903
49612
41376
8954
35964
4850
42776
24877
20178
24702
47357
36075
37272
5626
22742
43058
6707
48711
491
15319
23233
33259
32516
26954
5830
12518
11004
22423
10521
25821
49484
47235
45504
18459
44094
34027
5335
14657
10318
16957
34635
42396
24378
37874
38369
38758
3968
5646
13360
10710
45499
34739
17794
37056
19209
13073
26682
14273
12559
3751
41566
40105
2736
27392
5681
44164
19177
2763
1525
1786
47815
46441
10091
41938
21061
8243
17599
12769
46903
13045
29785
24532
45142
3421
1346
3828
39706
42798
2183
46534
42115
49014
29755
45450
16185
8040
27776
28779
35227
44089
22657
11740
41339
10119
49185
28723
46065
39742
12053
44104
16934
19756
41190
29242
33702
32764
32255
14682
40608
24628
42356
18478
31292
17343
17830
17148
40528
6100
20200
30090
39669
32950
27869
34888
38529
35052
10670
32231
7113
22819
43181
47952
42511
1401
43798
305
25824
47229
40721
31132
26827
6874
25127
10429
31673
2730
27713
48693
30742
182
16771
24287
25284
15985
37501
35232
15130
4997
31525
28047
46930
11519
380
37880
4802
29945
25230
2726
40053
37099
46867
40471
39817
36421
12235
2747
49431
11513
7417
3031
46436
37316
22021
47820
4878
34859
5399
42397
6697
1519
44791
45915
17102
44459
47720
22434
7150
38241
41176
26867
42620
2940
22814
26755
39783
29020
47773
6873
1647
23176
34323
3572
38160
2657
42432
19690
11701
29022
35469
11112
25204
10759
534
30927
28475
32758
34048
44119
8960
26871
12890
20861
46275
19182
1942
27495
36035
49327
37749
21554
5208
48303
16798
40765
22003
43087
24015
41531
27689
3491
36387
43005
18985
17611
44998
27711
41942
38975
27125
19274
36073
24914
8282
46378
18830
29795
12515
16419
4733
4893
6978
16453
46811
20201
34565
11637
40969
4044
9099
23459
43259
12655
31782
33142
29712
23914
31949
