13
33
71
114
133
145
160
186
206
242
253
256
268
278
303
318
321
348
364
405
426
434
446
447
455
459
466
499
523
547
575
579
593
639
718
719
726
731
734
737
739
753
761
768
794
820
828
829
886
903
912
939
980
1006
1026
1031
1084
1090
1132
1153
1186
1189
1195
1309
1317
1323
1379
1381
1495
1536
1572
1614
1620
1685
1693
1705
1773
1778
1796
1806
1810
1860
1875
1918
2004
2009
2014
2021
2052
2077
2082
2084
2259
2271
2294
2298
2313
2360
2368
2402
2441
2455
2491
2503
2570
2579
2594
2604
2612
2629
2656
2676
2690
2709
2785
2818
2898
3021
3106
3207
3254
3285
3308
3331
3363
3368
3378
3402
3416
3435
3439
3440
3447
3492
3550
3560
3575
3588
3592
3615
3621
3636
3640
3664
3674
3716
3744
3748
3763
3786
3804
3819
3939
3950
3988
3995
4007
4011
4012
4016
4054
4073
4099
4119
4146
4162
4200
4238
4248
4316
4390
4464
4485
4514
4516
4548
4595
4604
4626
4632
4640
4649
4681
4703
4761
4779
4784
4791
4806
4934
4936
4947
4956
5005
5020
5046
5140
5154
5165
5178
5212
5307
5312
5313
5322
5381
5418
5456
5459
5604
5624
5660
5681
5702
5714
5740
5772
5773
5803
5835
5855
5891
5907
5959
5967
6029
6031
6047
6055
6080
6092
6120
6129
6160
6165
6187
6211
6217
6271
6279
6282
6291
6358
6362
6433
6528
6538
6575
6578
6605
6645
6654
6678
6766
6839
6872
6898
6911
6915
6934
6962
7004
7005
7006
7025
7035
7050
7059
7096
7103
7142
7166
7185
7205
7225
7228
7239
7259
7271
7287
7319
7328
7337
7341
7388
7415
7443
7457
7490
7491
7493
7548
7553
7585
7663
7721
7728
7731
7840
7853
7855
7863
7898
7917
7934
7948
7957
8009
8020
8064
8097
8124
8157
8167
8322
8336
8458
8468
8474
8541
8542
8569
8595
8631
8633
8634
8719
8737
8787
8788
8791
8804
8818
8839
8870
8877
8966
8992
9055
9079
9096
9117
9153
9166
9175
9176
9191
9198
9213
9234
9247
9275
9284
9293
9310
9319
9356
9406
9415
9442
9446
9483
9593
9607
9637
9638
9669
9691
9722
9810
9851
9882
9902
9959
9986
10008
10024
10029
10044
10057
10069
10079
10136
10159
10167
10233
10290
10308
10323
10335
10339
10364
10367
10370
10385
10443
10464
10481
10529
10569
41443
8015
47552
14267
39555
43871
19040
24478
4035
8950
47752
31301
19308
41009
41796
11584
25793
42619
6395
14660
47976
48819
32198
25709
22004
43027
15719
32953
36147
32868
31071
41311
45443
36596
42415
36304
10029
32314
36472
40364
27504
41303
20278
43688
1730
23097
38959
20934
651
26066
33663
14457
19430
18370
49059
17060
22337
6582
32035
13890
15075
34039
30033
24864
25067
30031
31616
13878
42980
33086
38773
45280
35742
10058
32812
39968
1393
28139
16424
28732
587
34245
40142
44255
9098
33260
49110
23458
23406
38831
39814
49607
13484
28542
13635
14824
24950
43862
19676
17351
45392
4682
838
46105
17999
16970
8436
26492
19966
15804
10220
48600
36060
22029
22362
2019
43973
29935
41431
30138
46921
49192
32344
6768
2226
13127
49462
34324
49311
27793
6510
33309
29568
29560
35817
37021
28588
6107
4805
17793
34765
35904
961
1613
19732
16153
11273
9978
39982
21292
35745
34961
43601
25456
47071
2774
7754
36586
27606
43712
12379
26782
9515
20036
8827
24155
44489
32412
1809
18895
45925
20503
26800
19087
43461
25469
30741
38763
18868
23257
36111
36282
49353
29282
17153
24879
39874
32985
24497
34921
39086
30011
46948
210
3192
8983
43581
32010
36645
9084
11044
12641
12273
21357
10009
17476
36903
43887
13306
12788
43538
44099
103
11412
3826
48886
10026
15810
20333
13607
37748
48229
1761
27437
39823
28820
37933
11784
49516
15945
23927
3849
17426
42610
15492
12679
28860
13162
37033
40436
5833
36724
6599
25473
28651
24145
46495
31928
24626
3470
46379
17238
21037
21722
36284
23135
25168
46846
11219
807
48241
6367
45796
710
39323
29332
19420
24117
4235
3525
18816
24401
4278
22356
5122
22404
18085
15592
30089
47499
4875
13554
10939
27357
27218
46311
29752
23745
47580
42027
21717
20541
40617
4870
49171
26478
26122
9732
19
17317
4751
16915
49212
12445
18270
26139
34264
13802
39994
14139
13046
34696
10379
22860
31334
35136
32828
36696
37890
28722
40047
19495
37715
12779
11833
35845
28806
25035
36296
45585
36396
5526
44258
29456
49289
46404
25828
7036
11699
40302
46180
39457
11191
28143
7648
16285
8815
12367
28169
11038
7041
40748
22476
30621
31891
35117
12525
10649
47191
23026
7265
10013
27595
46533
26231
11101
39295
44611
14200
7252
33536
43114
12199
33948
18179
46208
34028
6566
17245
25373
15569
36913
46995
45750
14701
11135
11009
14772
48664
41379
24423
1085
41004
313
7591
32975
23087
22039
35637
2690
8552
4766
2310
5879
38723
44405
43407
19552
15726
18595
35270
32772
41537
41260
4094
34716
14065
32126
27346
22157
46066
5857
43284
34662
1402
9838
12526
45248
49412
49655
7964
16782
117
12508
19000
13537
33799
17370
31175
16404
5443
48401
45080
49624
19239
2786
7918
12561
15390
34786
1237
39087
14003
5723
43157
1051
10837
12101
1819
21359
35659
40666
24249
49088
28490
23144
23008
16539
23579
18596
49305
48941
31325
22389
26103
4434
43603
45592
36712
1563
9679
18256
9788
30057
12003
1246
903
16696
31570
23130
14163
30920
16927
13500
34550
30588
25005
1154
31835
2356
6046
46469
38227
14231
48929
40673
24418
552
32907
36768
36462
31784
38197
15028
12055
19955
28869
38853
12735
43379
8091
47914
39791
24103
28416
14212
3754
20993
18103
32768
15343
47650
45305
9953
21935
31794
24187
14508
9727
37404
16778
19135
44779
10444
18250
5159
43182
35672
25913
7175
34951
21831
36310
18676
16841
36922
8877
17957
42777
13619
31842
22295
49836
27602
29833
29327
42888
10108
45526
9219
42136
3227
47649
40153
6832
8514
5845
31656
45741
15664
48804
41327
7705
20022
45637
47578
8611
5508
39054
21038
40879
19731
40804
22872
15675
30367
49312
20297
14505
47276
2159
23563
31660
29233
16916
16451
32212
29958
15193
25932
37457
26309
32515
23154
39680
37705
14414
26089
49621
48267
21908
7092
7524
33619
6262
24870
1131
26340
46602
31858
7650
23876
21358
10357
21790
36478
47567
30469
18351
26569
30910
34804
33381
28482
11609
22801
30302
37851
3411
2407
49361
29253
24307
37219
20293
33141
3729
22787
13825
9850
47443
7267
18866
49041
34394
935
5489
14894
1436
2152
14906
27117
31798
39842
26355
368
25565
49928
11113
47546
18070
16768
23066
3783
17857
7958
46473
40337
42732
14043
32637
2288
35118
36638
43392
12369
36373
4022
31181
36232
10738
31408
13331
41341
40677
5583
35261
28413
11287
38786
667
23888
43070
29426
6938
42567
34362
30685
48575
34430
42956
20012
19770
3742
39637
13603
33491
41487
40016
28355
40811
17697
31228
35219
43389
42169
36243
9416
35848
34875
45300
45369
41632
48160
20263
21132
33400
26513
151
40710
32572
24359
20853
27767
19641
10001
7250
47809
25406
7020
25569
2411
34632
7422
46307
35747
1733
24781
7638
30563
8008
31857
1842
29223
27087
13049
9050
43594
17019
46835
29408
16545
29976
29436
34694
31933
41873
48771
2941
16687
33594
48855
22266
12596
18254
37188
15962
44250
8335
40437
3563
16945
44073
10579
33256
8474
41621
22786
28990
28925
18325
2681
21362
26940
30918
26841
20847
46970
42850
3004
9736
11124
28252
20561
95
46772
409
12689
49056
9758
633
11363
48446
11827
17676
45149
10211
48022
19233
11147
47465
23934
23708
18308
32569
4568
31312
6804
46043
6193
13365
48983
43645
6545
49623
13140
25121
46558
31197
10109
21435
31447
10364
35780
28445
31964
23375
42780
18396
8617
37974
27474
14608
47354
26872
15410
45135
41722
6987
9482
18571
23411
7388
35499
6521
17566
12684
33018
355
48298
6932
47497
38490
45799
21155
10311
22940
26476
9339
14257
30908
9924
41064
2972
21621
31112
22530
42459
5419
39938
23956
25500
2596
21747
42896
45430
47451
2409
37940
35455
39252
26211
40909
16606
48789
38397
12657
19275
28374
32228
14833
39639
38355
47513
35585
14131
12796
34706
17118
22087
23413
23549
6213
12222
31706
23152
39122
2583
39516
15879
9636
6747
43414
18965
4086
27379
40823
12305
31342
9090
5711
17751
40882
30128
5745
38769
36906
24556
15211
15787
4911
43697
49440
31142
30724
3724
13776
40128
15805
28021
42232
1360
9125
39057
47640
437
2479
5085
43869
25972
33733
36525
3241
11489
41671
37256
46622
43986
38318
34143
9785
36861
6294
7866
10460
21200
44077
11404
10165
45730
7348
44062
16756
46252
44028
38612
29767
45770
41965
26333
12512
21970
30149
7321
40946
8803
27508
164
43111
3912
37625
26192
12396
46317
21497
41160
20268
19701
29375
46804
4190
16670
43236
12031
24213
1191
15231
35950
30594
12339
42108
14629
31752
48203
24176
49813
21704
49433
9457
28042
11602
22525
33497
6517
4031
25482
14628
23339
46009
2751
33938
34564
5398
44393
32894
15771
22968
12193
33065
20734
38690
11066
33367
18158
36192
17988
28606
30666
44579
863
40313
35017
42404
473
39537
20706
32904
13921
44999
23691
39337
17151
13452
15349
20771
7881
14959
3033
27937
35103
34679
40519
32781
3458
40462
29136
7215
15994
33247
19653
13261
13806
40094
26611
22686
920
22439
7843
32397
41549
41940
854
3823
39867
32675
11468
2937
15227
27567
43021
19107
13335
11439
12885
31685
23955
12852
25866
14352
27996
38845
24424
4152
13389
37970
16333
4948
17603
16844
22428
42527
19128
9320
21588
38973
18025
48167
1876
20098
18554
13692
11150
39710
31080
9756
23697
12321
8704
29381
20071
34874
4148
46312
1955
42872
23208
6416
12887
3154
20548
3994
2043
42186
1192
21958
36602
4951
36613
18029
10563
3780
21024
44733
31963
36564
24184
26919
15038
3203
30644
37077
46340
10052
43837
35119
28275
34304
38409
48593
25511
26409
242
36716
46075
26272
12171
1155
27708
27177
13734
17715
11875
49704
33528
8509
10400
27933
45361
38181
46991
49364
38337
37481
36164
15035
49210
40568
29790
10596
16478
26448
43624
46600
10733
6290
5708
41887
42079
40521
45944
45676
12624
18742
4389
49209
21079
38230
19184
7538
6451
22283
34542
14024
22885
13209
31575
16590
12168
10600
4234
43155
2713
33244
37789
22752
33769
15063
1362
25358
16562
28644
41188
47858
13687
17035
11318
12635
27389
18257
43561
45836
37275
44428
4095
14884
42565
33715
18353
44329
3976
23193
1210
9238
24809
44814
40797
31025
27526
49952
28303
41936
21192
347
13029
9197
29294
33696
3435
36995
143
26566
2519
1982
7025
32606
44422
6750
17663
39000
41320
23680
21030
5728
32435
30877
33044
39997
20177
16064
39657
25850
13077
23101
47760
38169
3825
15026
43426
12337
38428
4881
387
35240
16106
19927
28258
40640
34965
19675
32616
1035
43597
25835
10938
16508
18309
1220
35900
33604
16389
9246
21047
32694
2503
13180
25039
23539
29164
36044
36561
1222
8431
22260
235
23469
26228
24204
29802
49771
28503
23618
31238
39617
49061
20310
33565
38290
18826
34443
3716
40767
12146
42509
31140
49034
11675
46257
28088
40274
42873
35091
24992
46271
7799
12459
13956
24852
11181
12879
18618
18261
10218
7823
17738
2336
6252
26120
22068
8697
17372
132
21032
18090
29241
41622
3401
31384
29434
13432
35098
6686
24955
12218
29677
41272
37818
36110
3369
48665
20506
42297
8867
35213
44131
37734
17796
49343
41448
23764
22282
33466
22534
5882
47165
25641
21072
33701
32707
25223
49512
29731
29973
15116
18021
40653
42156
15800
14342
15830
15093
40874
16124
14864
33608
10007
32339
2239
36656
16574
25255
30944
19272
30569
7143
48542
23470
37048
17759
16675
27367
20135
41466
2475
43143
27626
23324
20372
36880
29736
39636
231
22256
9208
41203
17285
49119
18433
12238
49046
4767
29097
1259
27102
38475
8433
9530
29680
45039
33123
37564
6664
12138
37638
31792
20586
1023
17555
361
41088
25985
41533
32869
27008
43424
40565
35571
21183
15360
10260
46126
19403
11204
11981
4999
31398
3111
1552
5522
12240
26063
43761
32359
19959
26240
45774
13589
35506
6350
6005
28993
21177
1646
4130
22082
17173
35535
48218
5513
22065
27473
46191
11733
28943
19907
25155
7034
42614
45739
19705
1318
