59
94
106
172
173
197
219
277
284
305
324
337
369
378
381
417
492
495
519
550
604
640
650
657
679
705
710
718
770
804
805
813
839
840
862
876
892
904
919
932
949
952
984
1031
1076
1078
1080
1084
1086
1167
1266
1271
1285
1297
1319
1335
1348
1352
1356
1361
1392
1404
1432
1455
1491
1501
1504
1505
1537
1538
1547
1585
1587
1649
1666
1684
1724
1751
1758
1803
1805
1811
1842
1907
1911
1960
1961
1978
2003
2006
2007
2078
2101
2176
2187
2202
2232
2236
2256
2276
2287
2320
2343
2350
2387
2392
2422
2441
2445
2481
2521
2531
2568
2610
2632
2648
2704
2730
2739
2802
2829
2848
2856
2882
2901
2915
2920
2958
2966
2971
3011
3042
3045
3055
3074
3083
3088
3151
3155
3176
3186
3189
3236
3254
3304
3321
3333
3345
3362
3363
3375
3389
3409
3425
3469
3478
3480
3512
3519
3558
3566
3574
3625
3645
3659
3672
3690
3713
3723
3767
3781
3795
3824
3865
3914
3933
3935
4012
4031
4078
4084
4098
4117
4157
4184
4210
4255
4256
4319
4331
4423
4442
4459
4461
4480
4494
4506
4515
4530
4589
4597
4606
4609
4614
4639
4657
4662
4666
4681
4690
4697
4709
4710
4735
4762
4767
4783
4792
4839
4936
4966
4988
4989
4997
5013
5042
5045
5055
5128
5161
5171
5206
5217
5227
5311
5380
5386
5390
5404
5504
5553
5568
5617
5622
5649
5681
5709
5714
5735
5768
5786
5793
5796
5849
5866
5867
5907
5918
5935
5957
5996
6010
6026
6064
6089
6107
6156
6172
6178
6273
6319
6401
6409
6422
6433
6445
6484
6509
6522
6547
6573
6610
6619
6671
6672
6682
6730
6764
6788
6884
6922
6928
6946
6981
7005
7034
7049
7054
7073
7090
7120
7127
7149
7174
7178
7180
7247
7254
7264
7302
7373
7461
7522
7545
7666
7684
7752
7757
7777
7779
7798
7839
7907
7918
7919
7928
7947
7960
7961
8023
8063
8067
8099
8103
8111
8117
8135
8136
8144
8149
8173
8175
8194
8195
8212
8232
8286
8292
8302
8350
8468
8480
8502
8549
8552
8567
8574
8578
8585
8595
8626
8640
8716
8719
8742
8758
8768
8785
8789
8802
8811
8821
8839
8869
8881
8903
8935
8945
8946
8952
8973
9034
9048
9062
9068
9152
9157
9160
9230
9264
9269
9290
9295
9321
9347
9387
9396
9403
9416
9428
18114
28388
11888
47573
36976
5788
43460
20967
40580
42640
8981
18559
20610
32615
38728
2106
44040
12132
8910
38173
2520
35474
14113
22203
26710
8047
44368
30449
22192
19569
20890
24889
44857
7531
6021
48699
25458
38774
31306
19614
8289
49598
38259
16926
22981
36514
1347
3784
13978
37237
23211
40077
3433
46773
7536
14935
254
19790
28213
959
4998
13309
41820
2385
1311
1294
29445
1595
13764
22210
11914
7043
33068
10224
38660
32494
30719
29582
42863
23525
48413
30593
25753
40848
43327
5669
8177
9873
1941
30614
38492
3985
10478
22183
2515
42656
29525
9276
24419
10913
36090
21473
27167
1704
40522
21354
49974
26612
48985
33692
34167
30326
16527
32120
43304
10707
19568
22971
11125
25834
32491
46384
19721
41302
44761
1630
27050
8114
29849
4129
44202
19943
4231
21951
48018
46164
22360
25286
5501
21068
45595
28219
30300
43586
16542
3465
966
47795
27139
4384
41246
9749
37053
46220
42575
30354
19702
36665
28489
7954
19194
5880
175
26959
48360
35648
11402
15660
9370
876
16173
47837
31642
14134
37438
3872
48529
32119
41958
26353
37089
4137
4193
15723
44336
13021
44525
10706
15243
711
33993
20870
32947
24737
27644
8688
15152
15254
43228
14744
47348
45049
15140
22837
490
3723
16605
30892
6911
22646
30627
23187
17634
23200
23611
23460
3612
36694
13762
3630
21853
4290
32909
28555
12416
21946
11045
34670
7585
1937
15238
505
39125
21327
16636
20406
11398
4750
27074
3577
12154
32776
15958
40974
372
15178
14943
42982
18876
8554
8379
31434
44565
40962
1333
11542
39768
21066
25635
33614
8823
26555
2450
5570
40286
19142
8905
34751
13134
1450
41031
33209
21188
43584
45132
48997
46011
12896
44283
43024
13451
30967
41618
3036
10179
12691
47287
4262
15503
28317
43055
15168
5677
31750
12797
5607
19264
10834
40553
16709
33688
15919
17725
16890
14305
336
5706
18550
26924
45263
4053
32029
31666
46823
27629
10900
10067
35457
3866
36488
41648
41270
19215
42035
30206
38668
3599
47384
28769
21052
13646
46145
21229
39356
16525
40647
1814
9816
16889
4715
45541
41810
9779
45786
25142
24785
3189
28232
38967
22137
5548
1284
31027
24806
2705
6924
2196
16085
32930
48478
43172
15253
47796
1739
31860
15715
17801
26233
34119
33370
12282
29723
6877
40550
6636
13466
40469
15667
1804
39607
29024
40219
16384
14566
41380
48860
15428
46722
25779
40794
14181
1557
40036
8772
10808
24405
21304
14956
36755
45688
24846
13803
39561
5038
24827
30307
4660
2629
23748
14104
28799
1001
26460
16073
16936
20157
6993
32413
3973
19407
42431
22098
37649
42313
31939
1826
46251
38909
49669
48223
30414
20515
10633
28755
16241
40562
37172
14773
28500
10697
4943
24836
16857
37528
23447
7035
21788
41766
34247
9618
1866
29202
36817
14607
25863
9872
47231
19797
36008
15656
1385
153
38014
33070
32450
44916
1350
30268
3418
39459
21251
35135
44519
37757
28583
36960
11129
22050
30044
15990
12805
26860
14656
27214
8732
18314
14911
48945
40146
7274
39945
6838
31585
3166
13385
14316
30306
3354
23879
43563
12285
4058
20659
46241
21955
7317
34744
42375
22820
40486
23476
44572
39541
16908
10615
3862
17556
15790
45076
27847
25674
19822
48338
42662
40171
3668
14087
38294
23574
7359
23826
22575
28478
11521
8247
34589
31305
42760
48484
30681
6720
37954
37721
25335
44071
4681
48447
14737
45286
23420
36631
32519
5051
33272
37656
14440
22243
14921
41202
17594
14041
5173
42398
42315
47408
47613
15143
28561
20798
36646
27372
43620
5704
15683
15155
46416
46333
41483
1746
48902
37530
33222
5187
6039
17077
28729
17787
22468
9013
46490
17852
35050
19315
19059
26772
4429
27647
18473
49950
19689
32201
43097
24829
17307
3839
7218
41770
24290
31429
6022
31751
7903
8784
2856
6281
47972
36047
9176
30413
24308
1225
33266
10888
40473
17635
20923
33020
24369
8804
49690
42910
30173
24221
24529
22642
11994
36361
390
34431
46883
44200
41547
44517
15781
5434
17686
25818
36777
14019
43529
42718
8701
41101
6437
10661
2911
10282
49595
10131
39626
47861
7395
10210
6770
3736
30677
40033
16968
35877
42104
21341
35494
41897
18637
31615
25636
40718
5488
10519
3460
9650
8375
20142
3539
19742
42979
19585
31588
27897
6212
39853
42296
2175
17839
34793
17211
46321
29125
10951
5212
40705
1623
27276
37614
16924
10982
12511
29679
8184
28744
3283
35517
28913
23958
45410
16842
37602
20978
21708
29396
20782
16485
48621
37577
23191
38161
9260
35318
38906
46319
20294
22247
32302
47205
2647
35777
4973
18272
23655
17613
4687
12665
15587
37719
1795
27939
28186
40228
15532
18008
7155
34881
45804
21980
26130
33080
10350
34882
32799
10166
21419
6251
35526
3776
32997
14560
23468
35431
46047
48394
24084
30291
30358
36182
18042
38526
37345
2896
47868
7602
10264
20772
29799
17967
49023
10303
3999
22902
4219
30243
32645
49824
34561
45683
32368
29254
30079
9724
41523
33501
49355
32315
3046
6509
5285
5256
34770
33807
27491
34384
14914
45397
44942
44803
12510
27193
26809
5193
25962
21002
17179
33574
23029
18628
41005
11526
25232
6863
7636
46940
38263
4173
42631
36982
4725
27227
28785
25931
36083
35907
49213
2710
45114
31515
16181
13855
42653
399
20948
3981
1762
1615
33140
45598
27848
7099
19494
39703
16068
33365
27388
44147
35054
19532
8236
23790
41337
1373
40933
27014
33674
27313
38242
8490
20011
6339
4744
2673
47917
9019
44977
17623
47623
20116
8939
48179
1644
28013
32094
1348
48716
33667
5264
24318
39143
43391
3296
26584
31775
27234
3116
43448
22491
25114
14060
8137
49414
4503
12590
47813
43860
28696
44614
24525
10076
45255
9852
43934
39488
12213
39377
27342
40842
43595
40397
11869
6378
6206
48824
43957
13760
44003
12489
1264
18730
43975
13310
8279
45299
27181
4707
9507
10979
40835
4297
21794
8368
41961
18658
41107
23309
16220
21048
48433
45122
33401
23445
4286
31277
21912
39451
5829
10136
27882
5815
20888
39772
45022
46255
19852
45764
26631
28151
33473
8654
26892
45930
41635
11878
29163
17550
30132
21117
48351
30528
40088
13292
26540
5345
21161
22343
38910
23223
420
6465
14490
24485
39576
38033
40301
26943
14957
37073
16136
43502
14397
6891
10605
3442
1158
3948
10006
25494
4763
47166
7822
15963
40116
42072
21194
41056
38015
36867
34267
5594
39690
8488
32229
35187
12094
24464
48505
22148
38101
30885
21021
764
37466
12530
14576
17147
2144
28676
34727
15582
14618
35611
1221
28349
35968
43950
11036
1451
23743
47312
34956
2999
29404
6243
47576
10174
28614
12143
26423
9949
31227
15737
41839
20642
43897
44939
39481
2304
39946
19161
8405
11510
48637
45517
2573
36071
48191
4614
48950
20498
46339
36667
40268
30450
32803
19385
43732
29862
14645
2415
40309
41852
36915
22996
12580
23071
29008
33971
458
25313
27649
37778
26865
27812
21666
27898
31143
19848
20096
18512
22139
29250
46511
41388
17992
31446
10167
33279
41252
46253
18056
22391
12577
16222
5768
33675
12059
42486
4695
8263
47534
39473
19360
5908
41191
40844
47147
42087
36003
23637
17870
49605
29041
23739
4962
40949
46884
47487
6180
6498
31796
20325
13282
18931
1992
45962
19897
40424
17299
15112
23591
47855
4413
34562
14634
29291
48801
18398
36711
24250
43808
11930
36843
22546
22750
45274
16433
35797
1018
10237
2832
27106
20956
15530
39439
11020
37168
47053
33458
33167
38877
10604
30341
17510
14303
30970
42795
33185
42985
24674
40085
9364
29947
45189
19704
40631
41216
45913
14186
23954
26301
28613
42849
18196
6852
30725
47921
22202
17266
6049
15199
5653
49292
35954
38465
35467
14858
40006
46573
24790
21389
18054
15730
10875
5259
27469
25955
28789
21629
43031
11209
520
2116
26602
34087
30917
28165
27613
34737
28658
46470
24572
36996
621
38283
13787
44291
16749
43509
47891
27790
38386
1984
31998
25292
24222
3308
41382
43202
25498
12324
951
16033
48881
46331
18738
49812
18142
48896
15454
41077
18034
12006
8987
22972
44834
35839
33664
5894
44816
34316
5075
30815
40530
19654
13210
48429
8792
46947
13905
25355
36923
10570
48202
25371
29528
17937
44172
27614
25423
47591
45340
8208
43239
34574
2922
49055
8068
46803
3970
12717
26326
26894
48195
4184
9691
33920
49199
27412
1952
27921
41927
32692
20173
11190
43306
42526
20730
5944
16959
28084
28200
18633
47735
3816
4666
37891
16194
9155
31484
37942
31804
9643
18014
18437
12846
42314
43470
10736
14879
2734
24430
32533
10890
18502
1575
49586
14521
17546
14869
47644
29939
2691
49421
7407
30822
712
23511
37018
1791
29111
38930
48781
34464
12843
581
15105
38135
5143
41043
18875
13834
33239
45333
33223
30884
39003
12075
11282
33038
43683
45100
26434
13363
12106
27787
41554
21929
25798
7269
34215
2839
24996
47436
47064
27384
14888
3879
11582
6289
41953
32928
1667
9661
8913
11871
10728
17402
13654
45987
48038
16905
18340
20137
37288
39866
43180
18807
2238
16126
6710
23455
27017
2056
14051
44900
48889
3802
5141
41301
36294
28971
28766
22985
38787
23231
31547
18829
22964
20133
8504
41777
8233
34477
21460
22513
9363
19256
24035
46531
40289
48538
49138
6266
5214
41402
9250
16865
22018
26890
25806
25481
25525
43557
1904
41482
130
13391
1396
20103
33947
34671
19170
18320
43147
44962
22857
30907
14410
18490
868
29172
43196
48689
2488
28577
35324
27166
30881
38578
47079
21838
36523
47344
27100
46446
22133
38821
38146
40121
38661
9528
49902
14038
32169
28160
34604
48634
39067
27493
4985
9655
39833
10973
31505
41750
19043
1471
30585
9615
24171
14664
41237
20833
44446
39202
8890
33590
3322
30962
29071
4296
34752
26929
3141
20698
44215
42700
26378
11590
22621
49954
20120
13946
10404
1817
41023
934
30125
42544
5495
5581
14925
15537
8143
1254
48046
13681
48221
33744
17123
12334
2787
8765
12453
33666
7642
36437
48862
16878
43238
9546
2842
31679
49504
