8
11
26
38
61
69
136
146
149
163
231
256
271
320
368
401
412
423
430
479
496
517
570
573
587
612
625
666
718
720
729
732
754
772
800
867
876
883
912
936
950
967
1006
1019
1060
1062
1064
1079
1095
1100
1137
1205
1230
1270
1292
1307
1316
1330
1343
1459
1469
1479
1490
1491
1512
1601
1615
1651
1710
1741
1748
1771
1774
1784
1849
1875
1879
1915
1938
1957
1964
2003
2010
2014
2021
2023
2030
2055
2065
2080
2155
2162
2163
2227
2236
2265
2266
2297
2298
2309
2324
2336
2342
2347
2350
2357
2376
2510
2522
2571
2592
2631
2647
2651
2654
2662
2680
2702
2705
2718
2760
2761
2767
2790
2808
2811
2837
2854
2895
2910
2987
2995
2996
3004
3041
3049
3134
3185
3226
3272
3304
3311
3313
3331
3332
3373
3385
3420
3440
3459
3478
3485
3500
3502
3526
3550
3563
3601
3673
3693
3733
3784
3794
3797
3801
3811
3837
3849
3867
3909
4007
4020
4036
4037
4088
4113
4191
4198
4228
4229
4280
4299
4305
4324
4337
4374
4376
4388
4409
4432
4451
4464
4599
4621
4623
4693
4768
4874
4884
4889
4904
4927
4928
4929
4953
4962
4977
5012
5020
5084
5090
5151
5173
5229
5257
5275
5305
5312
5329
5338
5353
5360
5380
5391
5408
5419
5424
5427
5437
5478
5485
5489
5501
5544
5602
5777
5796
5797
5809
5810
5819
5835
5870
5883
5897
5915
5967
5994
6006
6025
6051
6076
6189
6191
6255
6279
6281
6288
6290
6409
6416
6418
6448
6461
6475
6490
6521
6543
6563
6618
6655
6660
6673
6743
6749
6762
6766
6782
6788
6858
6860
6861
6879
6887
6896
6929
6974
7008
7051
7075
7082
7087
7125
7151
7153
7213
7229
7235
7282
7285
7289
7299
7333
7445
7454
7472
7487
7502
7593
7610
7614
7636
7646
7673
7716
7722
7792
7797
7812
7866
7892
7954
7979
7985
7990
7999
8046
8056
8074
8079
8099
8147
8191
8205
8226
8305
8354
8369
8374
8400
8419
8472
8481
8498
8599
8600
8608
8614
8615
8630
8680
8689
8704
8752
8775
8865
8880
8899
8985
9007
9097
9124
9146
9164
9183
9218
9224
9231
9260
9271
9280
9297
9299
9309
9337
9348
9373
9421
9431
9441
9450
9498
9541
9586
9648
9738
9741
9778
9852
9908
9980
10007
10024
10033
10065
10131
10212
10248
10302
10311
28847
41736
6668
30814
43669
2615
27382
16986
36520
18069
20214
13488
35339
49629
33217
33118
48899
41807
9017
40759
25208
32367
46127
9620
25915
47190
37551
6736
36868
23564
41133
947
27465
13509
5420
45574
4856
32087
45246
17457
17718
25020
18062
7378
40386
2390
8893
8825
47706
49066
24986
43519
6196
21283
36703
23058
41529
36033
26746
46219
38452
8232
29546
39825
36591
4358
46206
34902
29813
43068
1494
49491
18458
36509
26320
20114
48269
43911
28274
35910
36039
5951
3379
29171
49847
12620
12927
47568
17169
48709
34269
43290
47745
26491
21152
31957
21104
21984
3072
14096
6375
30661
23887
24607
27402
39322
38493
25181
23806
12521
25245
26082
20391
33314
44117
498
29205
6589
37937
1586
1410
10107
12949
3285
18035
4444
10953
22108
32681
36333
41844
1946
30103
16365
42475
43804
561
33532
31113
38590
37995
49873
33539
41087
14538
24484
19946
29325
2994
14900
24680
39824
16938
11532
3485
41701
45810
46914
10000
16736
46026
23983
8432
6040
44876
38260
27642
19202
3620
47519
29791
47639
9857
20637
14367
28297
4496
39039
4332
43447
10832
30943
30445
5811
29552
2630
16598
26878
24540
46893
12920
19745
25842
4983
28041
15601
10122
33907
8127
31783
34905
42276
41439
28580
4040
25377
19886
28183
40172
19533
35011
28187
39132
30316
29146
38330
32580
39668
43015
44158
44034
28858
19292
30136
29616
6136
25069
49345
2431
2286
34069
49435
11776
22093
12923
33762
45011
35691
6347
13647
22303
14855
47845
30912
28024
4607
35076
32624
46730
33257
22763
30714
10403
14451
5021
13523
23195
23548
38756
44954
26331
12929
28441
25582
506
42726
38282
45322
20381
44102
28344
38950
20858
9085
48655
40207
23714
22037
14659
38542
44824
19935
28148
14167
14061
6899
42925
15162
8058
23275
44818
21651
15655
15610
32652
34238
3781
9251
48595
14593
5572
28210
7778
15205
9179
1985
13973
22899
2362
29261
15988
30492
20674
44436
39279
302
45210
24269
13895
42710
21199
16765
9524
7375
35914
10276
16036
27405
304
13239
13534
6366
2037
43609
28196
8563
10229
44266
6765
5232
18784
31245
41067
30489
28804
48312
24292
14912
20907
20911
26257
34385
28798
14518
17772
49616
1153
37847
28054
1689
19031
21151
16850
19792
47540
48631
41026
2752
22043
536
40972
32983
16278
27989
28805
29905
36388
2433
25438
12548
43605
36537
19773
34821
39040
26853
40423
7087
12592
31655
14358
49173
47108
39800
9318
41849
20331
815
25405
49658
8094
330
24975
15574
32161
40341
17384
10079
42171
16929
45068
5971
18456
6786
8119
46268
18097
46865
18316
43853
35635
1631
15069
12570
45487
37153
49232
26077
24932
22747
33941
29088
43865
43585
33734
19500
45769
17274
25596
36379
19947
38347
7430
29527
47314
34349
37830
27905
26456
227
34246
5831
29230
47256
36929
6226
5568
48603
2039
47633
8600
36343
4909
38515
31776
37385
15897
33063
4458
7827
10298
12516
36578
22607
10630
4172
14512
48275
5635
1029
176
38463
7862
2283
17409
1301
16813
27627
38816
29429
28937
11767
11075
30245
6122
41463
44571
37253
37440
45
5137
33963
44971
23263
27073
49593
22564
7649
4949
29176
28822
27814
39333
43818
34108
37687
32210
9509
44725
30999
43417
34442
5885
43711
21662
11645
30553
43240
49354
4390
10157
21397
14384
8181
18754
48234
11817
40573
12123
9476
23936
49509
13296
15557
31749
40431
31761
44483
24466
45291
38175
22516
14546
1621
12336
19539
5392
28027
35401
5149
6064
35556
39940
43061
20914
36237
12025
49587
37303
19382
16726
21877
31351
41051
33426
18594
31604
22710
3937
7977
46858
9766
35081
37455
33724
6701
33897
44870
26295
20088
11421
34163
11546
1079
112
1064
29494
841
4953
28532
33569
15462
30269
14795
2837
13944
15662
4145
37866
41147
5084
25105
44679
10644
65
6489
28634
9884
15306
28559
37027
35366
22175
38086
27260
32348
21959
23160
96
10450
1907
39353
30006
28873
43369
43687
14501
761
33910
16753
4958
42448
44051
29430
26652
13774
46920
49326
20764
46328
38818
2038
21333
31345
4797
27089
17397
47686
32847
3840
7349
14844
34533
48128
47364
35803
32147
1103
2466
14238
35371
11664
34484
18345
40283
41433
29911
46748
9946
44575
43728
5236
15646
41768
34138
9809
19002
29133
13217
29049
30154
20304
4100
40003
7706
25100
11361
42753
31925
9322
19667
26509
37702
22532
31151
29876
25558
43893
44204
34420
49136
36648
12350
20746
8300
37309
5197
45214
40656
15738
40814
47955
49221
17856
4917
42292
21624
19363
3230
40520
49973
43267
9998
45768
33327
45787
7379
32811
45834
30840
47535
19575
42758
15014
2762
28038
42352
18639
11133
13277
30236
8529
44107
32502
3735
34064
22314
7796
37248
15669
15496
35779
25909
15363
46904
35810
13129
3415
5975
1021
43618
28938
30902
43251
12412
30792
5195
46908
14035
5791
12170
25697
48036
42282
40250
39692
4354
24620
49426
29309
24024
24206
37320
49381
44308
24157
23213
35979
37418
44997
15299
21752
31101
3743
1731
41338
32168
43825
21398
22063
212
31765
6737
45403
15792
37916
2753
49652
42913
39933
26424
22269
20680
38795
27194
35668
14165
23895
26310
24217
43555
8475
3103
8201
12232
38719
22545
11580
36550
13849
18206
29801
23116
41532
42437
13763
7124
26090
9252
49314
43520
23933
15261
12169
27024
49483
16490
47277
18670
42307
21861
45370
43145
48740
22060
37981
1464
34637
43050
42927
18247
47529
1389
17268
44767
5834
7722
6434
31152
16286
31854
47264
2289
23127
31945
32994
43935
29974
42823
38446
39256
38174
33122
31166
6411
29299
34202
37844
14904
6109
43786
10912
9578
41695
24767
31102
27584
23357
34588
21369
16745
21429
27319
43371
39489
30086
30747
23190
46649
30374
11619
4562
6020
9942
13462
23203
46332
6630
46794
33250
31147
43984
36905
22072
30049
35850
1394
23752
43206
33305
12538
47365
30120
40081
36848
2569
10363
26474
31969
29545
8419
4326
49572
17815
45714
11464
24018
33392
49977
28474
36181
30865
40971
3386
23012
20513
47026
12291
15114
27731
9007
28001
14874
5769
36715
16087
42785
23833
12622
44341
33615
32837
37401
75
3924
2153
1170
4011
20453
2339
31831
27700
1565
49503
39936
38892
6869
9539
1293
47779
3315
22790
11686
45977
4764
12114
24665
24833
45972
35508
3387
33390
7350
2588
45584
5460
18276
10145
25856
22088
49150
39277
7148
7300
48496
3512
39843
25388
39818
13098
13207
20336
12158
10679
9965
27262
36568
10868
26304
24873
34629
47001
22529
14643
20438
14110
13311
31445
3779
10074
20368
389
12299
17964
7102
45899
3085
7077
22479
13608
11109
14005
35753
40090
10190
16958
10977
47162
49959
13144
22379
48917
32189
46592
39102
20745
40880
14006
29589
22675
48898
49286
43608
28975
15665
29447
48669
16410
427
49643
7324
9054
42341
11395
18223
36879
41110
10049
11829
9138
47930
17700
34043
46194
5157
18066
19499
45675
30650
32295
5207
12881
29591
42130
46544
39902
15885
40758
49401
37616
5816
49993
17558
7683
3827
28848
13234
11787
14549
34802
21455
8085
7600
5211
19769
39912
1599
2143
38207
11558
49676
45308
17002
48975
26937
36046
7177
11692
10748
11482
4047
26248
42281
7221
15559
4464
18885
1736
9889
4101
37269
27730
23248
34598
24678
37422
16158
48970
13877
35649
25993
40410
42305
36359
13713
46953
21604
3934
10963
4977
28352
23959
16261
44411
29347
30227
2771
20312
16248
25974
40075
7408
28192
8227
17205
7284
40582
15460
22586
36663
23635
1604
14204
28434
31329
15172
1578
3505
3659
14067
29639
30439
19265
16543
38946
26267
10393
6420
47542
14302
17244
7709
23428
22070
48279
40290
37570
22998
28276
44138
16766
576
41032
42424
35692
48115
41248
323
13839
29744
25459
27052
45821
34909
27509
250
2200
39275
34068
24110
6121
48000
33271
26526
30949
32438
45455
45856
21795
47470
38735
45677
49196
23423
17111
37611
7953
40394
1681
482
9988
24161
24595
24038
2582
25975
40838
10168
36595
48564
2394
15524
27130
7572
2587
13968
16629
25063
47030
40407
10910
23789
21328
24336
24828
40958
1901
15423
18776
37989
16956
47532
8607
43398
37801
44210
4625
45157
28541
48639
20444
41368
7622
9043
17284
23396
47349
33951
9309
7286
15633
26158
12210
34791
25926
24566
12537
37698
23477
8332
16017
42899
42347
1304
37920
39990
26470
48818
48322
43457
11707
34164
917
18926
3727
9372
46237
25463
15891
747
26935
7297
37468
41896
21474
27545
31737
45070
30198
32679
21933
47564
27745
23015
17609
11683
16172
23345
41525
8571
28688
46140
7640
45028
36251
43186
16338
37390
16834
37260
26729
11130
30810
49313
6464
29807
37296
11972
17479
19930
26288
28623
47989
9561
44966
31951
41576
11896
19736
25151
4352
2570
34720
8812
39058
25874
11308
11679
48294
12451
9232
37533
524
38464
47237
4664
48840
32603
35068
12982
12575
13952
33772
44448
34278
25710
44557
46279
32492
41859
22451
32749
6922
47670
12766
31107
43085
617
11716
31297
1707
30344
26471
4528
17515
4099
18702
18752
5
26994
21870
39268
42318
43600
48185
21947
49151
2511
3078
17031
35356
42490
34375
12917
47549
12586
20777
38084
22984
1660
4185
24297
29675
32959
12856
12841
13852
45399
44004
28761
27994
21384
35674
38327
30495
14461
21196
16800
44217
38211
12494
34697
25857
22382
19457
20857
9127
4443
39192
43064
10771
42413
29121
49269
47254
5567
19454
454
39023
46732
41888
36194
26519
26794
699
18413
3744
36546
48515
13323
17112
34595
41617
21422
4200
38804
38577
20874
568
16412
14425
42655
13755
19764
22503
33985
9535
42625
28347
3034
32453
43098
38646
18994
11418
20199
12231
14092
26093
17606
49759
3984
49163
28958
16937
45466
13558
25306
20783
24527
24228
30218
3142
31338
30165
7271
24417
25300
46213
12741
48570
5344
46866
17995
29999
43167
34778
17475
41075
25389
4379
37494
39195
34128
4591
30166
6559
38028
39109
46099
43372
35587
45704
2186
24541
375
2883
37792
25135
45946
