12
35
59
67
85
109
110
123
133
157
164
181
190
212
214
217
261
271
299
389
432
470
507
521
655
668
729
759
761
799
857
885
890
903
905
950
980
987
991
1016
1090
1111
1115
1120
1126
1142
1185
1230
1233
1239
1352
1386
1389
1415
1430
1437
1441
1448
1466
1486
1488
1532
1538
1541
1547
1562
1593
1597
1675
1768
1799
1835
1868
1880
1888
1899
1916
1941
1981
1985
1994
2066
2100
2150
2161
2191
2240
2279
2312
2315
2331
2428
2430
2439
2444
2491
2536
2580
2592
2593
2598
2620
2653
2661
2671
2705
2706
2720
2731
2785
2791
2805
2818
2861
2880
2919
2969
3046
3057
3085
3130
3133
3165
3179
3233
3268
3286
3293
3296
3310
3403
3427
3472
3478
3485
3537
3559
3592
3625
3635
3656
3662
3673
3734
3755
3770
3786
3889
3899
3920
3929
3933
3940
3996
4056
4058
4065
4103
4114
4119
4131
4158
4275
4287
4300
4306
4339
4360
4362
4382
4384
4385
4429
4432
4475
4507
4518
4526
4562
4566
4575
4582
4590
4602
4611
4638
4647
4648
4665
4672
4732
4754
4785
4802
4806
4813
4815
4842
4907
4915
4932
4955
4973
5009
5030
5087
5104
5109
5149
5151
5218
5262
5300
5327
5354
5377
5411
5445
5451
5453
5455
5469
5483
5536
5630
5655
5663
5664
5709
5714
5728
5771
5802
5804
5827
5918
5980
6017
6046
6050
6053
6062
6064
6069
6141
6199
6209
6224
6234
6244
6259
6267
6279
6293
6379
6402
6413
6458
6468
6469
6493
6494
6547
6552
6569
6588
6590
6601
6642
6644
6645
6654
6709
6738
6774
6787
6874
6889
6921
6949
6952
6973
6983
6985
7009
7017
7055
7084
7088
7094
7145
7182
7247
7252
7285
7296
7323
7360
7404
7428
7451
7474
7487
7526
7548
7565
7591
7609
7655
7702
7710
7712
7721
7762
7789
7797
7800
7971
7993
7994
8010
8021
8037
8097
8126
8147
8158
8160
8200
8206
8213
8216
8258
8274
8379
8388
8397
8410
8422
8453
8472
8524
8532
8549
8575
8594
8641
8661
8670
8677
8697
8699
8709
8724
8738
8751
8764
8769
8782
8834
8847
8848
8855
8898
8916
8987
8993
9010
9017
9018
9031
9103
9147
9148
9158
9185
9210
9217
9259
9264
9312
9349
9352
9395
9448
9452
9468
9480
9488
9562
9567
9581
9597
9598
9603
9617
9618
9633
9643
9661
25302
19615
27186
46541
48733
40372
9503
35834
7038
31721
7739
17227
5184
10498
39991
24742
1677
36524
19714
44335
36367
23074
34414
6177
37932
29682
25115
21433
30778
4356
29715
33449
37972
4378
15230
9168
37502
9903
16249
29483
33503
31770
30045
24264
18948
38509
2237
2476
25274
16581
38063
18819
13655
15522
39683
8713
6392
7146
17043
9798
16742
35569
49471
32406
24643
45709
44207
6774
49099
42743
1788
23069
32330
48073
11873
32328
1009
14371
37781
24313
29415
37305
42168
6296
30021
27676
44831
13506
4633
15563
27169
15369
11943
19969
43574
43116
15975
3569
20695
26128
24610
49995
15560
48388
28348
36785
43507
7844
24136
16416
2387
24736
18901
33519
23158
14327
17981
6228
5166
13408
11666
44070
44253
44174
13542
34663
4228
36570
48093
2846
42043
6648
35140
4085
12607
41422
28517
36268
14860
32482
9175
43244
43057
15125
16715
11035
48082
38989
46114
22446
8669
40720
9203
15430
24064
35306
4211
45738
2869
38046
7653
37353
38287
7279
24437
4138
10217
41599
28872
10396
36756
28594
9001
44938
7662
25847
9763
6323
40212
27499
27549
6857
14435
5634
47199
31759
29637
19039
40115
9297
2507
15144
40126
39646
25095
30478
8536
5340
13812
13492
21663
36639
30905
41211
43134
41498
13814
47335
24
49153
18746
33303
25183
10756
6069
42861
9518
1971
14353
10926
2224
15847
38664
13485
403
17117
28705
43286
30969
36339
8800
10582
6685
33323
48553
33042
7521
11175
46527
43569
32693
36825
42986
15700
43738
27825
31007
16807
42995
21332
13727
16739
11923
15977
1606
18652
33152
17379
26263
25086
15751
12710
48095
3889
25491
14146
38439
2791
5150
4902
25366
2062
37298
33792
2567
14383
45875
20149
27895
36307
47508
19932
37511
3791
21426
3368
42942
35161
22508
25956
24835
35216
11115
35031
37503
33493
37878
39976
39834
27729
20272
5571
21139
23014
20048
14619
27744
28458
24926
25496
21897
39887
13819
44113
13898
16761
14946
29988
24429
9016
16690
32741
31223
44510
46501
5415
31294
8865
1533
35575
28856
9437
1676
24413
11961
21205
40333
3193
5506
44177
15505
23492
45953
34529
5096
28893
2936
36242
21167
17538
8843
24706
23586
18995
19218
46967
8740
26523
20226
41018
39233
18027
26187
24710
18143
31229
2470
28802
8324
43961
26119
11084
13564
34555
3164
24535
40327
33442
4588
8736
49342
29503
829
44512
22511
34747
22006
26426
40163
5417
37828
18837
32291
13879
24500
29920
35309
8776
45660
21591
36883
45822
20621
34086
48090
13465
35157
33602
29636
26734
33047
23650
12958
46244
39550
14426
31333
32457
45342
6362
18092
48300
12694
40980
24694
34408
9463
11030
23788
33822
32544
47200
47800
20266
30602
35065
5527
17883
34729
11606
25478
41930
22729
7258
48102
9354
18242
33412
14473
39931
41562
44161
30632
12549
44948
31999
22733
46837
17262
20779
49290
5087
49972
20183
22594
7116
4732
31874
5818
33205
42856
43478
13637
10378
32166
8610
8485
14013
26181
19270
2247
5026
40704
40625
30663
20283
8173
10801
44427
22603
1789
27737
6448
40032
47885
8871
40965
35451
3639
25831
3428
2538
12574
43692
23450
34079
22441
43631
18646
48835
5773
35172
46179
46563
17325
23128
48530
32013
46957
32829
27705
10389
19743
9940
4880
32687
41385
30102
36169
39110
35362
13290
35643
31377
22215
5847
38573
19295
35477
22897
12703
22988
34218
45521
30229
48504
13300
37663
2698
26527
37816
44048
7853
20547
37166
42394
14094
24379
1793
45203
45021
11985
25379
21168
3845
4931
19901
15034
39925
30894
13075
29180
11884
40841
28948
11730
18573
12669
41346
5238
790
43192
12180
23636
20125
28403
46115
22587
35673
21399
38731
27121
46784
2902
15068
23950
17669
37488
44648
41014
26641
43987
30731
29742
2136
20130
37243
25296
7868
1438
26242
35069
35765
48906
1527
13250
47432
37549
28227
13559
24334
30532
38398
10240
8347
18075
18269
54
8112
32299
34495
46016
47940
1705
39671
49282
24633
14500
17185
16691
15139
48366
19815
10628
3508
30505
22035
30246
5343
3963
4154
14930
7330
40975
11518
36832
8780
28397
36330
16616
46795
3982
27326
9299
13007
34968
15585
26001
38102
6484
21637
39935
36193
11915
14918
2759
27314
27266
49730
7589
23070
40348
6369
18788
8844
40832
20145
24980
9078
9639
44256
46478
38502
30287
29673
36344
13752
36385
26837
46879
7047
18880
8957
15813
21365
39693
25998
18322
17308
13437
12790
8534
35337
41401
20284
19207
26279
24322
14761
5204
44181
4376
33621
42091
12398
8055
39928
31177
23264
19158
3299
29906
9403
11882
31293
1861
1122
17016
15184
34789
24432
1207
35310
49573
9137
11349
32028
12584
44627
17344
39632
47872
48282
9580
41024
8157
7026
48499
14174
36020
35347
30878
4526
16875
11326
27800
40244
22397
49536
28748
14423
36130
40011
36441
38623
36699
48549
6041
21885
19044
24069
18952
49156
22869
46560
25203
42181
48417
48721
22734
37247
25984
43465
18204
16693
44186
20212
121
5550
46798
5892
20216
2004
44495
4220
41071
4189
31130
26695
2291
36197
45223
3454
41295
29907
30333
19257
9333
43970
26995
31941
31307
15212
36170
2678
38741
17761
49104
37054
29645
33030
12140
30765
27191
17887
7890
45494
138
2491
15828
40392
8454
18863
43106
20061
28645
5686
10767
16974
21748
13114
4719
18248
36863
42889
24569
16215
20112
12361
45980
1936
42090
4012
34735
32639
6520
10991
29150
13340
34866
30003
41947
33842
40968
44195
1838
14655
29548
27863
6704
20673
23343
28116
43082
8166
3856
34393
19163
12675
33680
46832
11436
14834
2575
1800
14601
23588
35486
18457
9790
14364
933
36920
36426
10027
48259
724
19108
11630
1209
37766
47957
16695
15890
7184
3210
32181
29448
12693
16093
40281
44344
32499
16266
1792
36449
5111
2764
49275
1693
40444
22563
27373
19888
33204
39847
34566
31897
15380
18757
43422
45079
45200
2080
20818
49683
2875
42928
40049
10391
25530
17749
32274
46261
20457
12323
23911
48501
49093
18886
36184
1850
34363
9420
7586
22732
44622
32791
11221
25041
22639
48137
33544
45213
29135
14296
41459
47587
40087
2041
34985
25166
36465
43503
44038
35686
10469
4183
15176
18191
19110
42234
46089
46014
46887
43331
20959
20323
2966
1219
45120
13270
34053
48089
17826
9053
25263
10512
17403
15922
22515
4521
14157
46522
28161
25989
25038
28327
13770
37578
19364
30396
34187
13341
35785
39269
24865
49159
17657
40706
6126
8195
28112
26219
300
35230
29181
23003
23719
10860
17769
9448
1532
26169
31562
13243
8314
44574
43469
5825
30377
33929
49877
28176
48994
5609
6156
34907
28673
17892
3390
5252
13273
14559
41411
1830
20490
47491
33854
17339
8789
30117
21701
22032
42839
34959
22432
43745
21521
19845
6801
42746
8081
29079
15376
21412
40209
38622
22770
12362
15907
7948
37336
27476
6469
31002
18285
36801
17834
25626
44340
22331
37754
5979
3325
8077
31623
33871
12380
9227
11335
36726
49686
23414
35405
15065
26873
12978
14588
29563
19655
13671
21711
25734
46931
17808
46005
3520
19981
12536
22122
15611
10742
7136
25564
48944
48598
6805
3708
35718
171
27599
12892
29581
7696
2177
21849
12720
21867
48
1844
2033
31231
7008
14785
8144
26630
4306
23165
10018
6802
39655
48870
9553
2087
778
19287
13848
18964
9579
5574
32332
37615
27592
957
1430
45238
37684
17089
17559
28708
20754
1798
20286
23095
47353
33535
49678
28770
12465
22495
13648
12819
649
24773
7336
4052
28057
40583
15124
30858
41157
24636
8024
46373
1883
37848
17745
36447
40133
411
28680
5707
18084
23558
32289
26058
11252
17774
42197
18239
36492
37594
12860
39998
20656
23062
7635
44351
20712
21135
36860
9740
38981
14088
27877
3185
23388
4342
30596
6315
4819
18026
8518
44241
20859
26400
37137
5575
41321
39055
25671
9858
39128
18086
38745
7658
41775
45803
19734
42267
46491
4017
16530
3488
3301
34497
40849
37403
2343
48287
38861
37409
48146
21513
11168
41481
16102
36410
16819
10457
38407
36137
42765
5712
46053
21765
4237
32321
33277
22845
14988
1285
24780
7858
27049
7009
47533
27542
356
20793
27884
19157
44075
9933
44910
43135
28944
18225
20220
33134
42536
7298
35243
9150
43314
4679
16867
49101
8121
10160
36778
2535
24734
17949
41716
32697
1443
26570
45795
15568
33890
25222
38746
49268
11486
11779
39960
18088
48354
1981
25030
38170
6921
16041
40714
29005
18720
33135
19785
2079
3511
9526
20645
25276
31285
32047
29853
40020
19392
864
33771
21486
34149
39514
48885
14640
11420
18717
1492
41194
48745
45570
7275
35111
20703
15464
358
20019
10802
13141
1818
5715
11455
27878
2719
42947
20660
46530
30081
30214
1523
17415
15926
3484
49449
9191
27097
6146
42717
47958
7106
1050
32723
2133
36510
7661
30139
30157
37076
39821
689
42602
35880
38038
46686
32310
27309
9240
17249
47016
34925
37969
39744
13433
12421
37268
11766
37368
37352
38329
40687
15717
14270
45042
23670
2744
42120
1501
23441
12219
12504
7877
11382
14646
29470
4549
36293
11641
21886
2907
19440
4700
17207
39466
24074
18375
22570
33550
22808
16980
18149
335
40527
26386
48779
5131
8418
3796
7216
2868
15200
35488
17347
32106
37255
19217
49328
21900
19359
3662
37015
10700
34433
45761
39753
26807
13232
42832
17693
10594
38049
44905
36496
33699
20005
14842
35967
10968
40385
24935
20077
20880
46575
43365
32278
49329
28648
30144
29707
10428
6970
34346
46630
18661
37686
40566
21321
49224
15754
35493
47904
22618
2971
38311
42706
28935
40791
25440
5151
8192
45367
43173
2354
11891
35255
12847
25295
19267
18674
12992
1542
22014
38889
21208
12784
14078
11843
7166
4034
31418
11650
19944
42271
9002
7056
30665
41995
29612
11220
11197
43781
9520
34457
23041
33834
24756
29681
21476
48873
8888
28343
25426
42993
5817
1921
46724
39273
44008
28518
2708
34266
48628
8218
43190
6549
37212
42158
47371
14752
40221
43484
37343
36261
30887
17304
33276
23919
13837
24201
