1
18
31
50
93
181
195
224
230
268
322
337
340
362
389
402
433
441
639
644
647
658
659
673
708
709
765
769
777
788
822
848
856
866
880
979
981
1068
1136
1139
1167
1174
1195
1219
1220
1234
1250
1261
1274
1329
1361
1362
1380
1417
1432
1461
1462
1497
1519
1536
1553
1598
1698
1701
1710
1711
1735
1862
1875
1889
1894
1980
1994
2027
2046
2079
2082
2105
2147
2154
2167
2199
2216
2231
2234
2263
2265
2269
2274
2297
2304
2314
2339
2340
2355
2395
2460
2465
2468
2469
2486
2488
2490
2509
2513
2514
2543
2590
2626
2654
2686
2691
2706
2719
2751
2758
2804
2854
2863
2870
2894
2900
2906
2914
2979
2988
2999
3053
3057
3060
3069
3101
3120
3133
3185
3202
3219
3221
3225
3230
3238
3269
3279
3292
3305
3317
3347
3377
3415
3498
3503
3522
3525
3530
3551
3574
3577
3584
3586
3616
3630
3659
3662
3669
3670
3753
3795
3831
3863
3864
3870
3889
3900
3955
3969
3989
3991
3998
4038
4050
4073
4088
4091
4173
4182
4191
4207
4235
4258
4259
4261
4294
4296
4354
4368
4382
4440
4446
4498
4507
4541
4567
4577
4583
4590
4645
4650
4651
4695
4729
4762
4773
4775
4815
4830
4919
5028
5029
5048
5050
5091
5108
5198
5202
5257
5270
5287
5353
5379
5402
5444
5489
5515
5545
5621
5633
5636
5644
5660
5668
5689
5716
5730
5753
5780
5793
5851
5856
5870
5872
5883
5886
5927
5932
5943
5957
5960
5974
6064
6150
6192
6209
6241
6257
6278
6293
6338
6342
6365
6374
6403
6406
6408
6460
6472
6473
6517
6545
6551
6554
6558
6608
6643
6658
6678
6753
6762
6770
6837
6876
6888
6915
6937
6938
6943
6949
6958
6968
6972
6979
7016
7096
7118
7144
7181
7276
7313
7324
7366
7377
7439
7444
7460
7464
7480
7482
7494
7505
7525
7539
7550
7571
7587
7636
7648
7658
7698
7714
7757
7852
7889
7892
7910
7956
7960
7998
8007
8021
8033
8036
8064
8084
8088
8148
8192
8258
8277
8313
8394
8468
8496
8537
8564
8596
8615
8727
8745
8808
8813
8865
8880
8902
8908
8954
9012
9017
9028
9100
9119
9139
9160
9161
9185
9195
9215
9284
9333
9369
9385
9401
9405
9413
9419
9424
9462
9467
9489
9541
9593
9594
9646
9680
9684
9687
9718
9772
9801
9821
9832
9844
49913
6302
29176
27228
12280
13997
11954
7048
33718
14795
33646
14912
30463
31251
743
21498
22335
34862
12170
28876
855
24425
40958
18902
43918
34238
31899
47314
23533
46219
17984
12575
41439
29314
34416
23210
12628
1377
10251
4909
15315
12335
31329
31363
14168
41192
9894
75
6814
46177
30006
20042
20616
24284
16981
14978
28957
23703
20222
43480
35651
13239
13877
23504
35753
29792
21653
49040
26404
10387
44643
14481
39674
1320
12311
11395
12123
15456
30374
20536
44966
14425
44102
14117
21796
3922
23263
226
39256
40505
20777
5816
15528
168
26532
6191
10362
30119
12424
42958
30047
7728
18181
39805
44992
9932
42637
31011
37320
12260
34258
24579
28532
8757
49376
43217
14844
34616
22396
46026
8600
12228
47280
21333
4443
10969
4464
19079
31599
46237
45602
44231
13422
18057
28617
37844
2584
39474
42921
41189
6668
13301
49561
33314
13647
30182
20463
8625
5759
21154
14598
39132
48681
6670
2250
17209
30446
27745
27284
30457
37630
40290
18555
13002
38152
48141
48078
2259
18123
16133
30208
12264
14722
26470
21283
2582
15814
33230
17515
16276
27200
35465
17014
7983
45118
6285
38266
14300
41356
17031
12917
34906
44571
2994
37652
24121
39490
16853
24607
27272
15692
16325
26295
644
7379
30086
15655
36872
40185
49489
20442
39109
19880
22437
26180
22037
17268
43646
41368
14040
28941
26491
31645
2597
44273
18859
11361
16252
40808
18551
9400
15646
22859
42424
1301
9042
30865
42124
2204
30783
45677
31539
12303
23833
3505
44475
16745
10495
1660
47033
330
36473
7740
9088
26994
21984
23969
10564
35076
37269
17274
43669
46871
34206
15704
15273
13849
5311
18066
41259
13544
35945
36086
23439
12865
31669
7723
8869
37301
32121
6233
29346
48975
35404
22516
11890
41653
14717
48528
8294
25682
2800
33951
44827
37422
11696
41170
43932
26424
24923
28882
26141
26077
14995
13152
11515
14005
37687
47035
257
22349
43416
39948
35884
9442
16673
46376
4250
42735
32189
5714
9012
33122
8573
16158
36648
14507
22745
20119
32235
10576
33658
15061
36732
8932
26877
46514
35966
14358
23317
41579
9070
30236
24528
25558
35508
46547
5052
22365
15014
17893
19324
21985
45968
45077
4327
4132
41067
25210
25100
10644
18583
19484
38491
18117
10074
49269
17722
4496
11579
6489
12743
6494
29639
12676
28910
18303
10479
45212
6673
22054
15756
27953
45810
9247
34701
49122
1901
42758
35406
17548
44841
45322
33321
42912
21020
16082
13908
42281
18097
28861
23107
30136
29088
6959
41602
18994
38974
47113
11571
44385
30676
10145
47749
7370
3072
25044
43891
38878
47845
24342
33252
20619
4390
17856
17815
5356
24110
21685
25389
42413
7862
10352
35516
26065
3131
36844
24616
45535
8607
49447
15662
13217
34327
32580
33643
48612
23983
37024
33838
22957
16989
46461
21593
47136
12080
10000
2910
44138
43600
36791
11130
13823
29409
42341
12100
6068
12389
35863
5076
19678
48898
28539
25600
41519
22817
38630
28526
7130
10902
33772
40034
24527
22382
22303
977
4444
12102
33754
23500
4517
36388
33392
28362
4607
45866
10446
39422
25700
482
49873
31657
31110
389
6922
41844
36578
35355
43585
30088
40595
37702
12064
40576
12702
15518
38257
43605
44524
2727
7640
37743
46904
33305
5567
47390
45910
13122
30183
37257
42860
15447
43280
28163
49173
17771
42697
49973
36663
21178
41637
29744
30234
41861
34571
14721
38795
30486
40118
28064
15306
37779
47670
15702
22627
20155
20336
2428
29283
37494
24375
36046
31749
34065
10453
43089
20725
41847
34043
15162
44204
33745
6988
8085
24561
12643
2841
45672
8809
43514
28038
47542
45567
30560
41087
43710
15776
16947
136
31854
31765
11702
48173
38841
16813
48709
18160
29794
28098
39333
2511
19166
20752
17255
24263
16765
36679
12150
49509
34385
45977
12881
43102
23685
35861
15512
19699
37455
7145
39404
32624
1548
21152
13462
31046
4654
40407
20486
12620
22421
49658
2849
18456
28268
23361
42307
24470
33808
28476
41472
21112
22596
15966
19930
22553
12946
41979
48636
46966
42925
36153
26905
44936
8571
49998
13323
6678
45258
42669
48564
11971
27512
32886
3230
35866
24247
34540
48631
7147
5885
46206
20444
11640
4354
44158
41322
25856
41471
34347
1356
29894
34336
5515
39204
23929
44674
41627
42877
49426
6122
32003
22533
21151
29963
44183
38935
41862
38929
41291
24288
28780
12451
19181
34618
18458
48595
21153
5197
43447
20381
16938
18698
15577
18527
44870
19485
40713
23156
16848
29209
9584
18926
41710
15183
29330
9538
47277
21238
12927
26080
28005
45099
6031
31203
11243
23116
17279
24151
10377
34595
4039
36033
45946
13742
10846
14713
7428
2469
16549
2186
24294
9854
22867
7548
9717
38192
1694
10679
9578
3735
15042
2587
19533
19865
34420
24932
4762
31151
27260
25567
47470
38330
33640
48224
18810
32847
25611
25245
5387
49411
37145
43457
36333
45704
33097
46732
19628
14659
9189
26230
38157
13999
20546
1724
9179
39476
27970
35840
38902
36445
31959
3315
20844
134
30316
24400
14339
29711
49959
12158
7430
9766
36848
40184
8480
20811
14288
23428
9745
31311
47362
35070
34830
3911
18333
37826
30814
8690
10569
44210
7827
22697
7255
14461
44876
40296
14110
21397
39353
11850
2185
30891
30104
9884
19018
45972
3444
25459
23524
506
5084
10229
12914
18062
45487
466
9898
7777
35235
20742
42709
34940
39373
26452
47703
576
31208
49594
23357
7721
13608
25582
33751
16258
30039
15906
21027
6928
19310
22108
36721
10895
49554
6630
14524
21149
36938
21992
8884
6899
29703
35453
42305
3954
29932
21234
31147
45470
9365
46330
41398
47256
14448
24220
38482
13722
1287
22063
13843
19002
33611
40220
19773
29394
41105
12977
40520
27871
38549
18696
26248
14668
1571
35556
29311
28434
7312
42150
29203
38958
8189
31407
9056
46731
46796
31724
35979
31711
3467
26115
32474
34596
47001
43064
28474
44433
26937
12774
1389
43806
22998
13508
42239
30992
23662
14055
6779
30693
9668
1781
3415
15633
45324
22419
41607
13240
5257
27700
42443
9266
36053
11580
21976
32623
6683
6141
18671
312
10655
32749
49585
16250
49337
11163
33198
37136
432
46060
2883
21206
2775
24240
2184
36005
97
47423
44146
34821
9216
49150
20731
4917
41723
34364
33734
26294
15308
37296
45013
39905
22212
43547
4244
15740
16986
47836
25206
19526
3661
12841
23190
31945
6241
14409
11543
41654
35576
25061
27716
14964
34445
38270
14238
40822
8095
44466
20829
11646
44019
18716
8135
41433
16810
18885
35605
34913
10090
15451
12336
5635
41807
47774
10168
6969
5334
24975
12856
15670
34108
22503
30661
14247
11716
35728
23203
3743
27268
27195
38464
12247
30154
14129
13701
49136
45126
5959
30516
31502
4927
6040
5895
27130
65
41869
24515
15386
33390
39560
38211
28822
9148
23015
9602
29633
33505
2828
493
2756
11972
8227
36593
49993
24986
13713
9322
33426
30752
4944
21947
12164
29967
11857
12814
12548
48234
49469
24428
21861
42715
1103
38908
6908
31890
45988
25621
38260
14874
10491
40003
1547
6534
2005
9646
5021
14904
34442
176
5301
48122
12999
49137
5822
40250
30489
13968
12981
30912
22984
35530
27354
41617
25331
14764
28248
17539
16598
35037
35635
8339
15770
24206
26304
11082
15574
46140
1305
27802
18594
41392
19450
5769
1689
36158
14851
1570
40964
23425
28858
16083
18908
47208
45715
20353
12766
28420
31107
40758
47290
9494
37801
1293
36194
14096
42802
26881
44520
48675
46421
44418
36237
27442
27601
43417
2630
29546
36028
44474
30407
21398
26746
7374
25224
8475
17586
45316
11196
28122
31019
42031
3212
23192
11695
38744
26158
7390
41092
45001
34162
33292
21014
25731
29807
5971
28559
10157
36509
16588
14376
11473
30399
6446
5202
3773
37030
38858
18752
36641
31079
21056
11301
15601
14878
39940
32994
40046
12741
20327
42916
48899
31126
31604
41248
10022
15437
40602
39524
11522
32147
15281
7102
13897
47564
39933
24999
34128
37755
39892
18907
23058
36751
45613
43818
7288
14006
30083
49787
19783
45685
9411
43178
29545
184
7735
4385
24767
39737
15558
34530
35366
18345
28326
8791
33941
12071
45011
42663
6295
41015
21474
30840
17275
29275
40656
13327
36208
29473
45332
12292
37480
27769
42935
44423
44367
22151
37428
36550
37979
21563
31665
14900
38710
26740
2661
3620
40207
9054
14836
16400
29806
79
26550
8628
18483
8576
49392
21418
41964
3899
41051
15051
24157
2466
44526
47026
35914
46889
17750
22532
7371
21423
15934
37596
38637
36520
4360
3830
41215
2039
9765
21429
3935
44965
16490
23423
9007
16711
44529
48441
37590
43636
9251
17366
37698
36568
28059
16286
8232
20304
43638
39566
25619
37666
31988
19760
40484
29261
38658
44751
1604
9309
33539
10153
20835
1631
25488
14445
11407
36672
42438
49871
13468
19046
17781
5459
20774
3601
46840
48465
27318
32736
8119
25137
34375
46268
20107
32811
4011
21959
26331
45574
9509
35756
41986
38333
10476
25377
13262
34376
48310
47863
49593
46328
15425
22952
9127
45821
33085
5983
2456
38785
29822
22824
22833
7988
48030
936
29589
40972
34064
44954
45714
19792
16563
18625
11336
33063
26878
26986
565
21270
606
26789
23895
1020
20114
14145
18134
37799
1052
13555
26465
33250
46507
49933
35691
39800
5627
19341
5181
45070
49151
14890
17964
35291
13296
238
6375
42437
1599
13922
19500
9317
20897
40880
15172
4040
5559
22882
10882
31395
34690
37650
5512
4206
840
16766
32806
41978
24602
6318
7913
46634
34278
14204
6971
9402
5232
37989
16006
38204
35666
35926
42823
30570
14378
42081
44080
16992
13973
6544
942
24746
25915
39679
42053
32226
16066
2339
45246
6196
37866
947
14776
15885
8201
48182
16937
43668
6709
6895
16629
24774
25874
37468
11223
8374
23379
3238
29469
23345
43061
16172
206
879
25872
39818
25165
11367
22093
29911
24539
24041
2227
44777
37916
15742
23198
5149
30135
753
5196
20557
20513
2615
29430
34637
33724
41963
41859
47706
