12
15
28
31
46
56
67
84
142
242
304
318
329
343
367
433
440
459
476
528
546
548
569
583
588
608
653
713
744
821
840
843
880
979
1007
1032
1047
1056
1096
1108
1138
1142
1145
1189
1276
1295
1304
1395
1478
1503
1519
1547
1601
1604
1606
1653
1674
1703
1739
1783
1796
1831
1858
1910
1962
1967
2013
2029
2040
2048
2068
2086
2142
2143
2145
2166
2200
2207
2220
2225
2229
2231
2234
2266
2274
2277
2312
2329
2382
2401
2441
2447
2451
2473
2565
2579
2603
2628
2649
2705
2723
2738
2790
2800
2815
2836
2840
2887
2918
2925
2983
3035
3036
3039
3049
3059
3073
3090
3116
3144
3157
3176
3260
3343
3368
3389
3402
3412
3442
3456
3484
3533
3557
3593
3605
3613
3633
3643
3659
3700
3722
3732
3738
3748
3754
3787
3812
3815
3827
3885
3907
3960
4013
4016
4022
4040
4089
4117
4139
4159
4163
4195
4197
4217
4221
4228
4236
4250
4319
4345
4368
4376
4432
4438
4440
4472
4481
4502
4517
4519
4623
4636
4748
4820
4828
4839
4878
4896
4916
4928
4977
4986
5009
5032
5135
5153
5162
5249
5265
5279
5302
5304
5310
5316
5337
5368
5393
5397
5401
5403
5426
5440
5453
5467
5476
5478
5479
5486
5535
5598
5601
5613
5667
5681
5686
5724
5764
5776
5784
5819
5829
5912
6020
6027
6069
6072
6110
6115
6123
6162
6177
6197
6206
6221
6225
6229
6284
6297
6301
6305
6350
6408
6419
6424
6433
6438
6460
6480
6502
6525
6535
6537
6586
6591
6636
6659
6663
6665
6682
6703
6707
6708
6721
6745
6752
6766
6769
6774
6794
6853
6854
6895
6905
6955
7008
7040
7053
7062
7128
7137
7144
7155
7157
7194
7214
7258
7340
7397
7399
7424
7428
7484
7513
7521
7541
7544
7545
7561
7620
7624
7635
7641
7677
7683
7686
7725
7756
7785
7814
7820
7918
7936
7959
7979
7998
8011
8019
8063
8065
8115
8152
8177
8216
8260
8262
8277
8287
8288
8453
8496
8500
8531
8548
8550
8605
8626
8680
8696
8699
8707
8710
8744
8745
8759
8778
8799
8811
8865
8870
8936
8966
8991
8997
8998
9009
9015
9025
9027
9028
9049
9050
9053
9069
9077
9087
9104
9107
9116
9117
9131
9157
9239
9244
9248
9278
9288
9361
9366
9383
9419
9514
9533
9543
9591
9599
9612
9620
9658
9669
9759
14088
42986
17808
22869
15568
32257
16616
6772
31941
29345
3963
12697
5012
16695
12675
37247
34769
20754
27863
48242
16446
1929
31897
22864
22228
31041
22014
1430
1492
31532
27476
39436
46410
19874
36095
2470
49549
2759
31495
42990
42988
17308
39407
37943
10155
26588
48906
1501
3663
24366
38989
7850
17769
28116
14843
13671
29424
3301
26155
9114
26730
35959
32482
19868
46589
46877
46299
14364
15094
27266
48290
5132
25528
8641
9552
11050
7466
14029
8865
43116
32792
889
20073
32332
13761
43898
24030
1844
42020
16274
18328
39683
27399
912
4719
27314
47010
6448
16050
36385
36025
20779
45852
2693
28057
41481
36186
31475
30067
40305
14463
14842
403
14229
13786
36020
17363
3760
27131
4425
6738
33519
31821
33081
13042
20859
2742
25367
26549
29995
26795
39765
49329
10935
1040
13752
43118
7616
701
6616
28970
16530
47932
41018
38234
17522
43607
32437
47698
11746
13081
45005
23069
16609
36122
39368
23158
42227
38287
9175
23670
18143
31501
13179
6019
39836
36496
48259
43057
14308
17739
2561
36622
31374
48354
33291
30855
9952
13321
7766
2812
32106
43312
43763
44193
39952
49290
46125
21643
36658
5294
9047
6946
5913
22726
7303
42832
7209
34698
21205
48944
18510
43261
17407
7952
43177
46810
12871
26957
40965
38766
21630
21039
18888
35656
33535
35230
42542
5444
41333
46686
6323
20533
33300
45335
35493
6963
3291
49666
12021
1756
39881
37990
15091
33023
20579
41198
8819
27373
13435
5087
12877
26807
33233
35503
19257
3205
42848
45306
17902
31130
18027
38801
17329
37212
1163
45805
30475
38182
21765
49458
37615
910
34907
15895
14294
2535
45837
42694
26386
32991
12423
44732
27592
6461
15585
32587
23495
31237
15146
45367
41143
522
31223
36072
24772
4038
31887
28770
32328
33042
3309
20570
35771
8682
38001
40452
36510
46630
46683
4342
17571
11099
2902
9580
23788
47593
30542
48594
20286
19223
35860
48270
49617
21399
14834
5123
36092
1129
43484
25861
1438
49755
48244
16266
48692
47335
23537
425
26263
36408
18385
44660
10398
20551
49877
46089
8871
27825
26449
1670
28872
19611
48733
37686
29906
39632
49527
35887
32047
24496
42928
32308
33580
20797
12399
24699
35643
38905
3325
20563
10406
34630
28944
8440
20212
7589
23692
13564
20695
11270
41970
22211
37198
25268
25145
16747
19963
26961
1677
28176
32059
18612
17114
26110
13640
25400
33811
20996
10083
18138
35880
22702
26265
18234
32036
7662
10651
19737
22114
9067
31318
34974
2291
8192
8165
1107
32604
22594
36657
23642
9992
41802
21102
46870
25822
41556
45131
39515
39008
35451
1990
25203
42861
41681
6917
8990
32908
35096
47016
33649
39686
8275
40385
32153
48370
48735
21654
33730
14835
28327
1861
40720
12693
48092
2079
35348
30239
27555
19845
24617
6063
43826
4116
29470
47248
23188
18372
18987
19950
26864
45521
24902
17325
23597
14094
30466
35901
31333
21208
7653
39687
46832
47587
36727
14720
9249
19655
1372
48482
8395
19439
25038
5818
38216
41007
27239
27480
49104
37243
44574
34393
12978
39185
29594
24633
17086
34508
12616
14785
45213
26128
37647
885
46005
2491
40828
24061
24264
23442
10842
41084
36469
3506
34653
30631
16980
46931
43572
6362
19453
29650
20842
1478
8366
2833
26873
36581
21018
9597
24655
17883
12376
35172
29181
14399
12219
41939
17682
19637
32706
40333
35655
288
23716
10474
22987
15789
47668
49449
31850
44739
20317
33462
16462
48885
44837
7521
21168
1838
35353
15611
40126
7217
10389
25326
8676
15922
30836
29870
10959
7330
17122
9313
32807
21521
4154
11443
45414
27201
27795
34222
25984
25650
38054
27704
9757
34996
20138
17745
30988
4378
32570
3259
5333
28664
33680
33677
34268
24002
39128
28689
39983
48493
2641
8750
36699
15160
6638
16712
43904
8669
37166
24684
29678
48391
38558
5746
37424
25398
16314
5979
44218
36340
7761
34293
37280
5926
38096
4008
7942
10612
22432
13757
46909
144
39382
23288
42588
10160
41346
30767
22874
20957
40908
17561
2247
28856
9217
12710
30241
23944
45838
43541
3961
11175
36436
38605
16833
20272
48894
7633
33481
49016
23165
4034
9151
16660
2340
10280
7890
7576
49395
24272
49248
2163
5717
43286
5686
46088
36137
1800
47133
44253
43930
17702
8377
46560
13448
41321
12782
42091
18720
28343
23705
48
35792
45588
1189
4293
37403
18901
47450
37811
38150
27705
9408
18285
37446
17657
23696
16919
48499
6549
22843
35226
7397
14135
28551
20048
5384
10991
36778
44048
14756
47500
36162
24885
48427
35216
6757
36197
39671
13270
40900
41312
48300
25496
9629
25911
14085
36154
26442
4242
34747
21284
37255
9858
18225
3484
33932
49069
41411
46405
24432
9933
11017
23441
47948
29087
48392
18269
21849
23519
15380
37816
41856
43314
42428
38439
12748
47956
14473
22510
29415
17227
32477
34053
13154
48522
13300
40398
14423
3889
11382
12043
28680
44053
6816
6593
29907
11943
16593
15376
11137
48146
1867
32480
1067
1918
26999
35721
48721
23102
1334
44540
34503
8585
15212
49802
13727
12667
36570
21099
34200
29563
20572
15731
42532
20850
23918
4418
30688
20671
49784
12380
37121
39834
29682
3692
30251
33829
29853
42615
19337
41577
42094
28788
38664
42155
25628
31493
46784
40011
35420
43082
7116
12398
41890
14899
13682
49471
40148
44207
8148
16739
6628
4453
36367
21115
924
24064
47803
513
3390
16357
18753
29511
120
40995
12200
7074
46258
29989
17834
34925
22732
20990
29162
7106
5847
14304
37026
41459
10438
27874
45359
28594
41014
5131
25593
26274
9631
24694
2004
30700
21348
22035
34396
8112
3274
3454
22903
13487
24734
36626
38520
31418
6704
44861
19428
23632
832
38291
30111
41174
8800
34124
2177
46702
27103
35940
23209
43571
31572
41912
25052
39794
35362
34600
1971
8173
6484
30887
40966
17826
24392
40961
1936
41024
9053
42045
27823
13506
45997
18053
18210
5151
8543
15419
44766
33503
39550
45006
26768
18239
14062
9001
11518
38451
975
27696
37781
8767
49179
14595
36700
42687
11256
14146
7151
21189
9475
14672
12819
7713
28518
47180
38704
12465
14602
11915
4375
35764
8736
18886
2936
24935
40371
45424
12536
47808
7905
26577
45967
24461
22780
33793
36398
22738
39861
5781
46530
41865
28333
43122
17194
10933
13437
33834
28225
3796
47316
25833
47631
40187
40348
3508
33457
2317
13643
17373
24798
48989
44467
15695
20838
41273
34102
19231
21750
16215
49093
28452
13243
49268
31230
21701
28301
38765
13879
33890
45953
30669
42536
25195
9802
34218
2315
14421
10018
4012
43570
48598
45849
8862
28827
19056
1440
29374
47565
29531
6445
11467
45647
47910
22448
45023
33777
45533
14819
44241
9240
25183
5639
1788
30102
36832
10378
43990
35107
20845
38389
3693
17419
11962
12455
8936
8362
3331
20560
39426
26215
37503
402
43365
36675
1542
39594
9896
31874
30405
10901
10866
1676
24165
7308
12070
7165
11455
39520
31636
47009
42601
22966
31623
27482
17767
33518
37549
32361
14156
1614
47255
13398
30040
38030
39312
2507
12361
7858
18084
9290
5889
26425
10089
27470
44335
8438
42993
21442
28224
2860
26762
40017
20633
559
38563
44038
31280
20818
990
47392
9348
13659
2230
1146
4830
14761
35734
29005
27800
16895
6126
21886
39178
31294
15896
17774
3196
48833
46481
43507
6558
46183
6011
20318
44230
17757
13431
29300
39693
31926
41767
34499
37127
34088
14157
3235
10217
23041
14774
19734
25671
18460
38556
7664
16691
35575
35477
24736
39744
2938
796
40244
4549
42302
3245
10360
31289
41145
21587
34340
26299
21867
5571
12421
19091
5825
33412
46837
25354
23347
49558
35259
25018
48973
22032
15443
34827
45277
29033
5343
42706
29156
42412
48012
90
1532
40176
48702
4398
21591
43545
33121
13853
32167
9194
26148
25276
5096
18275
48779
37076
39928
20145
1752
26321
19981
46661
30470
7522
32499
38080
35010
15430
23159
4356
15310
29709
30081
7410
34488
39339
16034
11456
45238
18733
34960
11415
47360
14299
39732
12607
45119
34971
14199
6502
11587
37515
27746
43873
14285
49432
13340
23064
38102
2136
23123
724
30396
12651
44622
37972
34262
46819
37009
28112
42661
36011
38996
46516
4776
9272
18964
30596
26527
2093
6023
8010
34513
42107
18717
46016
13934
15034
45893
28238
15285
44905
16306
864
19376
33449
32642
36339
8321
34639
54
43300
23014
45795
25366
1458
8024
43672
13477
9191
8019
48089
24334
21162
37684
13556
35488
7840
35857
26570
41661
7477
46575
1207
45320
14715
11187
35448
9639
6488
32996
538
36516
49956
44842
27121
38883
22006
3639
13036
36116
27393
17415
10801
20055
8157
23346
18646
6156
39051
5892
46457
20805
2080
24007
17817
2907
46115
35708
483
33090
41104
48835
20005
27186
18661
35824
36919
4196
17403
30765
15404
13639
8100
6805
2704
15899
29501
19296
27721
21805
17188
24710
25064
30612
33403
40134
689
44392
30391
14078
40832
9172
13831
40791
45748
41542
25341
39728
15639
20700
24074
9940
1609
27191
48117
24429
30108
38055
17955
28645
15230
11342
49101
5824
39528
26765
38745
36213
21748
48384
4220
48364
35653
9255
23147
41995
35405
43589
18573
22667
45969
27845
45818
35311
1883
37283
3569
13837
45710
24134
33911
9448
44288
2702
39976
11202
1527
37485
48651
37934
17421
28357
28345
30333
11288
37745
49008
44831
13812
41894
8219
4014
32049
8166
11961
7696
21513
46652
21491
19204
44008
26119
33836
16875
41308
5933
40968
35833
29517
4771
16581
44995
48287
31478
7026
33134
35785
47589
40032
42746
22841
46014
26396
12574
41405
7688
9199
46118
23493
19236
20908
21637
15118
31371
4052
13195
6392
17980
10512
2126
18757
8314
808
31410
32544
25095
19267
32151
8340
35849
48251
13898
35161
36112
47432
31375
7068
38531
12346
21504
37298
24019
4056
39269
30894
18322
33587
15828
46216
5290
4426
35519
4819
32299
4616
28927
4888
108
42803
5535
1209
47674
9002
26308
6648
39412
11606
18242
3535
12074
9523
