20
34
52
74
82
140
185
209
233
241
322
324
356
379
403
409
410
443
446
460
487
497
584
605
623
651
652
676
704
728
772
822
873
874
884
899
904
910
916
975
999
1018
1021
1079
1119
1176
1212
1227
1235
1254
1258
1260
1294
1325
1339
1353
1442
1446
1457
1506
1507
1527
1547
1559
1561
1581
1622
1648
1650
1674
1690
1695
1714
1725
1753
1778
1791
1800
1804
1805
1822
1910
1920
1937
1948
1985
2030
2038
2052
2069
2140
2158
2182
2224
2238
2263
2313
2332
2346
2360
2402
2421
2524
2552
2566
2591
2604
2625
2649
2679
2713
2717
2728
2745
2754
2761
2792
2803
2851
2858
2890
2914
2932
2943
2957
2964
2967
2997
3000
3011
3016
3017
3066
3074
3091
3092
3104
3111
3126
3128
3200
3238
3242
3283
3285
3299
3302
3314
3325
3328
3376
3377
3437
3516
3523
3554
3573
3580
3619
3640
3698
3717
3775
3788
3820
3827
3862
3870
3871
3886
3918
3920
3924
3959
3969
3983
3998
4017
4028
4042
4051
4065
4077
4086
4094
4146
4217
4237
4252
4365
4392
4394
4401
4452
4488
4521
4531
4535
4580
4585
4586
4628
4640
4677
4683
4734
4792
4828
4837
4937
5019
5021
5038
5040
5049
5081
5095
5192
5215
5227
5244
5256
5271
5306
5335
5457
5459
5463
5466
5517
5551
5588
5608
5632
5665
5683
5687
5724
5781
5782
5783
5832
5838
5861
5897
5908
5933
5949
5999
6076
6114
6143
6159
6164
6181
6196
6388
6397
6400
6423
6465
6469
6486
6509
6520
6530
6551
6563
6580
6583
6660
6693
6698
6744
6791
6794
6812
6815
6823
6883
6902
6913
7049
7054
7084
7087
7094
7125
7142
7143
7146
7252
7253
7389
7418
7429
7434
7447
7463
7583
7630
7649
7659
7662
7679
7681
7757
7787
7791
7797
7802
7820
7830
7862
7872
7892
7897
7906
7907
7935
7951
7958
8024
8029
8032
8061
8099
8109
8115
8118
8142
8145
8148
8149
8172
8191
8198
8228
8261
8311
8325
8334
8349
8404
8408
8416
8427
8483
8490
8500
8519
8553
8574
8596
8614
8616
8622
8656
8661
8662
8664
8696
8701
8712
8764
8832
8834
8870
8871
8885
8886
8889
8905
8909
8926
8945
8974
8979
9059
9060
9099
9115
9132
9158
9193
9210
9225
9234
9236
9264
9276
9278
9292
9316
9334
9361
9366
9445
9464
9465
2979
15727
4575
31219
48725
12353
37710
17894
40137
25669
26239
11461
21862
14821
28295
12725
7039
46710
9415
25573
30533
5764
6756
22462
36214
15328
47947
43136
46670
22736
18691
26988
11200
41757
18822
38619
971
29903
1255
7045
28006
23454
30788
26015
38384
23820
21830
27271
18561
31530
46538
44833
1967
49924
3093
49025
12457
29479
21263
44205
9684
23183
38949
33756
10344
6916
13728
16084
35115
30444
27670
4397
13553
2161
29949
38645
38133
15811
34224
10088
23583
49551
1429
18104
42781
19172
42477
30664
36498
47245
37953
18991
24748
24588
2721
2077
16860
30303
27988
45695
33225
33322
14464
38002
39119
21444
28800
20182
246
9427
48604
23342
13233
44880
35586
5278
14542
24825
15951
36297
4320
27515
20942
4742
1399
36798
33287
40191
36403
32092
546
19090
13562
7334
43109
32182
1060
25133
21123
17318
30026
29786
41224
49465
1480
46210
10773
13406
48133
36722
21431
31340
48943
47843
17533
35578
39462
41042
11676
7433
47543
30859
25029
16597
3115
21395
26328
27839
12614
34681
39653
13868
39715
43350
14872
32281
42807
13591
5675
17592
36739
6397
46975
46739
18132
4892
27252
5365
14648
9648
43429
34333
42965
9344
41251
38045
46435
27864
216
30550
47793
49434
5222
23148
4800
31076
15135
36438
19131
47784
14823
45017
9664
7790
31795
901
45138
33119
13139
40255
1721
18112
30961
18253
12544
43675
456
38469
28324
16816
30261
41112
32543
45651
21246
10997
21339
14846
18055
48872
43348
4051
34093
7871
11576
29340
42799
1512
13535
1597
47669
26457
7329
38715
32691
18397
44317
11674
29553
14011
34514
48247
16520
41288
32037
49571
31392
49953
37808
32671
46142
10437
1336
3967
10228
12268
19283
39916
23049
17066
1964
14565
15920
8666
13388
47679
44556
9037
16336
39299
10638
43408
30860
18593
11529
12855
48805
30423
47986
37794
9159
16729
14438
5807
1515
4204
13109
3503
20041
39621
39364
24435
28507
47825
25002
41612
20300
30398
8045
13620
23080
38544
32560
100
47658
6989
501
29895
6138
35315
39142
1141
31367
11503
21699
1671
11524
40512
40614
1782
1357
39393
8222
23301
45760
47945
49195
41002
5855
38111
14046
16532
39658
38237
38348
40139
39702
32933
27243
4313
20822
11095
6044
9068
48562
8484
21596
22774
8022
22401
19416
22682
4140
37329
24905
12065
47380
33093
44763
47097
30514
24277
42705
12605
3449
8489
9651
32865
18917
30277
30633
26220
24132
5777
18081
41281
4408
2309
47646
33410
11591
30607
24039
30941
18461
35425
41543
30142
8278
21759
21579
2221
18616
13616
8574
2817
49479
21681
17125
9023
32783
28435
5416
5641
41714
32832
30686
45619
28204
48380
16435
31051
37042
19530
6153
21202
36893
8665
39367
32727
3039
24501
8384
24376
43772
21802
34276
32114
30320
27293
45717
30483
37786
26590
49257
18726
22255
23723
9136
12600
16076
49851
38162
9418
19129
1821
31872
33055
46445
42266
21253
8150
29661
19995
27842
29477
48821
40019
41429
19251
44888
38734
29964
16161
14982
12115
8006
33418
13565
14718
25225
7384
48393
26484
36644
12126
23384
16206
47114
6337
47708
24689
26438
47818
35419
14606
9630
23560
33946
37567
16775
47758
44811
10456
15865
45104
16651
16388
4670
30438
19996
9572
2018
36802
35876
16483
31917
12806
6880
38274
41335
23267
7413
11706
6667
42922
35562
28940
31640
6435
27386
5953
42024
10645
45726
6995
16830
38589
26528
34021
48611
7617
10620
22537
44458
4658
24697
21679
1822
25725
34342
29863
34655
42048
13501
24216
46617
5875
10775
10836
41616
33752
43191
44180
22400
41315
13810
49347
48905
33406
28037
32019
41298
45635
32676
25327
49161
21483
18842
41070
31328
23962
28103
47000
7437
20370
8831
42617
1177
10408
31526
811
7287
16072
34577
28706
19621
3353
9063
33661
16304
25238
15681
32819
44907
25374
37814
43007
5377
41674
7748
14922
18177
30147
27337
1138
25540
10822
10974
47807
25123
16856
10095
28841
37299
29399
17073
41889
17654
31594
15911
11593
38867
3765
35036
34656
47130
25987
37771
36949
38421
38901
40136
44890
28154
6086
30916
47063
2679
8802
36091
22172
17459
39992
47395
23707
9866
45924
4965
21443
14286
37384
10096
29030
23282
11501
8618
19937
8614
1370
1920
49625
42254
3482
7949
36780
23681
12606
44787
30544
26094
46551
17628
23272
45327
48168
41028
19342
31919
41732
39915
23312
26352
19309
40276
15835
25054
36390
9490
3642
16649
10068
46272
44528
5986
34910
18644
19603
36341
22758
31313
29773
29170
17167
309
38754
46029
48481
1699
36803
20040
24085
47476
5750
33184
48668
6975
43362
26643
36747
46917
26246
43807
37583
1508
23728
24444
22813
26604
6139
19081
3250
49697
10721
30262
10848
25470
34718
7440
40429
39918
2272
38164
1649
19829
8120
38599
19979
16978
30217
46768
24095
45094
8919
38809
23617
42557
41689
3770
12351
12918
16607
40292
8715
21432
3144
49778
28874
3319
2577
46038
18848
34351
41172
44633
26337
5648
23740
41083
9117
30366
37036
44304
5573
35995
19051
17290
29868
18558
6123
35361
26487
29407
2285
32322
19592
49473
35345
27241
1261
23436
418
35211
45617
8270
27056
20719
38416
18672
23540
20198
9663
9116
41047
23973
39937
4851
20219
21905
39579
1383
30557
16738
43705
40483
1245
29067
45047
30411
485
10361
46714
40242
21140
27550
37633
20358
3738
45868
48125
23736
28016
23883
32611
20081
40470
3330
42963
48756
32132
21226
26334
33165
18045
24059
44199
31426
22776
496
29510
11665
42763
38666
43101
12599
8952
13157
45697
20650
795
9346
10337
39577
19479
943
38441
10917
35496
28855
8922
26371
41240
8657
6004
18159
25392
33549
14529
44362
24260
19036
35301
34441
31362
10099
3258
19069
41366
36766
8014
29490
43939
46462
2036
20298
18660
20455
16049
28125
13425
3980
44213
12452
13623
13460
19269
2523
2229
9747
42367
21294
49388
25754
27858
45095
24629
22976
7468
27612
31327
40592
12868
34691
10975
8399
8519
15043
5297
8070
1939
23890
41424
18607
20873
11490
49789
9469
3065
39336
31946
12258
32574
25951
6468
31714
49852
15927
7610
42574
9258
32987
45148
41132
29928
28682
3829
17736
39335
28491
9882
11001
10272
6948
34473
27808
24438
12442
19124
10475
29537
30846
4867
23408
34004
15418
31425
26454
32051
18675
10171
40913
43119
48342
19020
40252
519
29782
8138
17022
6862
26147
34208
47391
21484
25088
33143
10233
31563
8648
43409
39243
26580
25047
7523
25119
17225
34419
31170
9693
23872
1751
7013
2031
12650
31841
49291
8526
2344
32823
21456
15416
14402
31617
41835
15955
45354
24167
8250
22177
741
31202
16121
10087
48838
33441
27870
21451
48641
47612
25721
23497
9645
38835
10120
19836
49501
12176
12266
37653
38105
36108
4210
26198
1230
24102
34198
891
24083
31443
44271
10613
48597
15329
34491
15405
40062
17120
32014
31168
42701
21298
18897
39971
5949
17519
21901
31354
19718
22551
3625
32663
17683
49180
12834
35588
43505
23355
40500
32619
18327
44444
5304
15914
34576
21479
5283
37207
14866
36375
38239
38733
20612
28396
38899
18795
6342
34749
11863
460
34825
1174
1300
38034
31372
49415
9960
13258
35447
592
49827
23640
42933
17116
20375
20962
6514
43149
16792
5528
26944
45809
16132
11627
25368
42870
21611
45375
20082
19132
30807
36911
24811
36553
11069
4779
43278
15892
33078
37483
25128
49253
19464
2797
44137
16902
2426
17935
16422
32207
8707
15619
14306
12771
34892
8594
22811
31787
33005
42215
28284
4718
15334
7376
26923
48335
47827
10245
14245
475
2879
17588
20875
8337
37051
46152
17180
49696
16443
26801
40691
27846
33655
6501
41585
39502
723
48127
40988
28929
36443
48602
37029
31537
44927
25118
14442
8636
38412
46569
30252
1236
6529
4825
30872
9039
43489
17444
21050
27727
37659
43985
15407
42917
32540
36940
20350
6898
33713
4815
14123
32609
30957
44375
49916
49712
41943
42583
18980
22409
31541
37477
47610
43899
40132
46033
45162
2974
41403
24894
49631
21812
19186
3764
12830
10443
33500
20128
29598
33892
36933
29262
30948
3950
4972
43913
25749
4343
8787
35895
13546
24328
38925
18220
3931
44083
5932
46737
2160
23011
35249
33840
39193
19987
37526
28230
36571
40270
13693
27496
45240
9351
36746
27699
15025
32927
22945
10606
8168
42864
38857
9206
38120
38779
12207
32896
7231
49568
9474
4897
11977
45917
44022
42768
12041
10003
6825
12951
5687
29078
7007
46444
41598
26977
16044
34284
11027
5454
25660
5155
7067
47791
11798
18305
21844
22954
48271
5866
7029
24456
38089
17277
6159
25737
23839
4225
31018
10103
41988
38495
37393
33022
12400
42207
9410
12813
24934
23031
46363
45536
14149
21160
7508
40575
30577
48227
19175
39613
31763
35236
44414
32567
45309
42316
503
26784
8123
15618
42220
10346
3240
29674
20662
8214
14934
30443
16395
21762
17130
5672
28782
6964
2635
13325
328
2778
7306
41109
29929
28728
2298
41980
48107
22496
6478
12867
27932
10763
35617
6881
27861
11309
38881
23960
42499
14767
46292
45898
21505
34471
33459
14587
48920
20052
14058
40435
518
45486
20620
20509
31903
23081
12024
2881
1859
15648
7108
45892
19374
46176
41769
26563
42957
42842
34296
7104
2735
46120
3800
16700
4469
2987
13694
40667
27640
32512
49657
12153
26004
42840
19253
22023
7947
27661
40547
4502
24740
29764
16942
41218
27398
47164
32760
12438
11667
45537
7995
37060
1092
2798
26666
48936
14804
21165
29428
24471
31511
3123
5820
21764
3333
16727
12876
29850
44727
4551
26579
1914
46675
715
4723
1770
4272
31608
30448
41615
1151
25794
25093
46248
3058
27378
31189
41041
25577
37307
11978
22132
36229
5253
27958
35374
38978
16217
4474
9326
21880
24716
1924
18221
21296
12401
31930
31066
4914
4245
9092
34455
29493
44310
43678
20150
958
14208
7156
43212
20246
31938
8769
25011
20508
28205
45025
4975
5643
31390
18421
48836
32077
23568
44534
41572
28493
44951
39787
4092
14832
18076
16315
25188
14991
