47
61
68
85
125
180
188
195
204
205
214
224
254
268
269
297
361
397
457
491
672
688
694
709
776
833
864
914
980
1001
1061
1085
1092
1116
1124
1153
1170
1190
1261
1278
1280
1317
1318
1335
1371
1394
1417
1422
1442
1467
1501
1513
1515
1549
1550
1553
1561
1588
1623
1626
1631
1643
1644
1653
1672
1699
1736
1777
1782
1785
1807
1825
1838
1846
1893
1898
1900
1912
1913
1922
1948
1951
2000
2004
2006
2015
2035
2042
2067
2087
2110
2136
2166
2168
2186
2195
2213
2270
2275
2283
2307
2325
2340
2356
2367
2404
2452
2464
2489
2589
2591
2604
2610
2623
2641
2683
2689
2729
2735
2758
2778
2780
2781
2823
2843
2852
2854
2888
2903
2914
2922
2951
2972
3011
3024
3058
3109
3144
3149
3167
3174
3177
3209
3220
3321
3340
3348
3412
3458
3497
3520
3542
3545
3559
3571
3581
3600
3602
3621
3636
3681
3706
3714
3809
3811
3948
3959
3964
3971
3972
3998
4031
4094
4112
4115
4147
4181
4209
4230
4237
4250
4256
4271
4287
4293
4318
4330
4341
4373
4396
4402
4422
4429
4467
4468
4478
4483
4515
4561
4572
4602
4611
4631
4677
4682
4688
4698
4813
4837
4924
4932
4947
4974
4993
4998
5016
5025
5039
5040
5091
5098
5131
5141
5172
5197
5296
5303
5304
5319
5338
5416
5432
5443
5454
5464
5506
5562
5576
5586
5610
5636
5643
5675
5688
5734
5789
5824
5833
5840
5860
5867
5903
5919
5925
5956
5985
6055
6108
6122
6243
6269
6300
6345
6369
6406
6424
6452
6470
6502
6513
6545
6577
6590
6614
6620
6634
6651
6678
6714
6744
6756
6781
6783
6786
6809
6819
6824
6842
6862
6876
6879
6916
6957
7016
7098
7120
7144
7152
7224
7227
7249
7258
7261
7275
7348
7376
7381
7430
7455
7494
7504
7521
7529
7544
7670
7700
7712
7721
7725
7732
7771
7842
7902
7905
7930
7974
7980
7990
7994
8046
8146
8200
8223
8261
8301
8321
8326
8328
8329
8333
8337
8377
8417
8420
8431
8443
8449
8458
8462
8496
8528
8612
8625
8646
8674
8698
8705
8713
8722
8766
8798
8837
8843
8880
8888
8907
8914
8918
8930
8933
8964
8980
8994
9001
9043
9075
9078
9127
9147
9163
9199
9289
9330
9385
9421
9449
9456
9476
9480
9599
9604
9614
9616
9677
9678
9691
9734
9736
9755
9801
31124
8417
19711
27812
10966
39768
34574
39126
18628
37649
43448
16587
15267
26830
37123
29582
42096
14576
16492
38019
15917
36032
37691
22352
13536
47570
12154
3176
24448
42656
17727
21453
3577
15024
48429
23792
2327
14385
6472
48637
45702
33038
14726
876
48163
12522
38895
39451
35467
24997
29852
34298
6039
2213
26715
49292
21081
12334
2943
14600
45517
37281
43950
1348
24265
42535
38821
27017
14798
10196
21794
32224
26653
26979
6234
2085
46883
45274
4106
1937
25576
18110
31153
20778
42434
32754
4781
34699
27990
16936
14996
44202
35564
36096
17992
37124
29034
14226
6891
6280
10629
9562
9780
33004
15667
41136
21419
17260
13993
22536
42431
47147
44760
36003
27489
28485
6877
38496
31084
7404
10250
3296
8396
44125
2926
43778
38712
2922
22743
45049
16181
11952
42629
40943
4323
11542
21896
5179
8331
40375
40424
45962
30677
22949
37987
41659
15112
45100
13005
10706
27493
18290
30869
19340
363
5119
19512
26497
20280
10392
39293
19885
22385
46994
13863
3559
4263
26844
24967
33669
8488
25292
47188
24396
41402
40186
45782
32288
48824
44095
2329
23022
42760
19168
21781
16878
31053
41618
41804
35517
4173
29869
15596
23591
12006
29237
35946
39182
10167
43632
45133
1904
17483
47716
38720
14284
35276
48202
29862
9234
18341
13102
42910
18365
47576
40631
16445
44040
28751
37345
15730
11398
4057
26924
38661
47908
7787
34680
12989
41005
43595
9364
20
946
42104
29405
2544
13395
2515
27372
2442
27167
9638
951
20343
23814
15434
4660
31769
35760
34947
4219
33664
1984
8271
48902
12511
28755
29102
26936
9528
45957
34556
25643
15760
47622
44003
27446
10720
47861
41263
41554
10404
28346
42487
8981
18320
28317
15734
39491
28375
31163
7043
45124
10654
33209
18043
27923
1303
831
47239
23473
30131
38906
14974
5633
16749
37688
16254
19906
32803
45239
36361
1934
32088
30250
12075
11567
8177
30501
1018
22749
48172
15441
24861
28793
34819
47311
13945
11209
21789
31767
2461
31464
16525
41162
1471
25494
17498
7563
30942
45618
39701
37073
32901
31849
11839
22963
4987
14935
36916
6203
25785
38598
20769
9516
17145
19758
1350
1396
14810
39676
13726
35978
39932
36701
36167
47798
5739
25383
17083
6532
26460
5488
27213
272
28654
33312
42938
49199
39740
29161
7811
4296
40473
45683
3957
36467
27659
33378
22468
45071
35611
1238
45981
23879
14644
49622
48338
17350
22153
49605
26850
32450
13568
42225
48997
6389
28509
40065
27334
15660
27531
41186
19284
41982
23223
31799
660
34316
3533
19462
449
39470
32214
41417
19936
31932
35415
8143
1324
15532
12921
46591
46814
15415
15342
35915
22838
29404
20173
31092
27468
3945
17039
35675
45820
18507
18384
34824
34127
15947
24405
8765
40167
38283
36817
11506
31609
30719
39878
6907
48502
42907
16263
18455
45199
47591
23937
16959
7963
9937
3862
46470
46851
46650
26360
33947
46446
2418
10154
12213
27206
7733
6339
39626
48825
37116
29799
24046
22972
10264
48781
44254
10179
11586
36968
17877
26902
27259
1666
31310
23191
22996
19059
24485
764
14521
39296
23231
43238
15238
9260
45764
28039
4614
46251
14429
28167
6894
38269
34936
46790
979
581
25860
45603
10296
30230
42418
19803
40553
26475
33906
47883
49974
25332
48018
3260
10979
5042
17801
5813
34504
13025
47869
40770
36960
25675
38909
4753
24504
25781
21303
14382
17634
38714
44863
47837
38876
18699
40962
18264
35494
35023
28729
42769
43974
9105
20411
34895
15533
7395
14082
4839
25153
10478
36319
9750
20654
38465
36437
28971
33037
28478
6298
31775
17450
25474
45400
27479
4395
48634
19516
2488
41086
3560
26809
1225
27322
33473
34752
43386
28084
29632
45611
16136
45111
15409
25585
47611
23393
27455
40827
44172
4262
39849
19475
41337
34217
11982
39607
25429
868
11997
13012
18293
8473
8701
24996
27852
758
49805
39734
22148
14440
19833
34247
47859
39977
18841
12723
28319
40067
45812
10006
2811
18553
14773
39656
46660
25715
28962
14532
38395
23279
45136
24810
982
20772
35066
14852
18052
35072
22205
46526
7956
36247
31750
29771
23455
24393
37903
34816
27614
45121
29291
34969
8491
4864
20049
42142
31954
40289
23853
31668
5677
45913
30614
47064
33692
17412
25435
36182
32650
32005
3089
5826
40116
23255
33666
6527
23420
13282
27029
25113
31953
42080
29849
18185
11423
28151
10950
29445
48875
86
49947
27258
21473
46076
45279
7743
22203
18155
16518
3952
19385
40162
2385
44291
40188
5178
46047
33370
37777
6103
26099
28271
1333
7052
5908
39036
29679
3308
5490
29743
38135
48046
34575
16968
11299
26631
10282
36630
46150
38351
47374
31365
10062
9569
7623
5570
35250
10015
28577
16434
32120
43897
17852
25437
28797
14882
32300
31939
48533
41246
43743
33094
46778
12795
48731
39803
27579
11590
19980
33253
46968
35791
33013
10570
12959
12117
11765
22133
3133
37069
4182
30907
46703
16842
5358
47644
7896
45712
40658
41305
15143
3527
16426
20833
38972
18734
2363
47144
32186
44894
45688
2911
41953
27285
43746
642
22371
10222
47053
45609
13472
8705
39162
18135
36945
47867
11020
19264
12084
28334
40023
14737
33167
14235
40156
38228
32654
16101
25286
17584
10136
41642
9395
10299
46241
44446
20610
3630
29657
32854
36090
34808
7436
27384
41819
38281
33586
1952
33245
27501
21048
2779
29471
16802
28074
11092
13762
9816
6410
41171
25949
36317
47348
8639
46253
45022
9061
40739
48038
33803
6266
23421
18536
24513
15802
3182
25444
48699
30474
45114
43304
33667
42631
38983
30815
22619
45196
23817
8551
48616
23932
7851
12727
3397
21304
42303
41657
41750
4227
38134
28160
31033
5442
16241
42553
34114
49030
20655
31993
6465
26865
17725
21364
43203
12333
18136
45668
24123
31702
1001
16924
6710
38640
14914
13319
11521
14060
42030
8930
27663
19045
20871
28372
42229
48862
3383
23739
11125
21772
25955
43765
18592
24040
35151
9018
9592
24827
37875
6875
39509
16240
712
43196
43351
36234
35777
21187
9506
44963
22498
46776
9691
12810
47573
39344
5264
31902
7365
28407
36690
3913
36937
16889
8523
41101
44071
13927
19943
33675
6204
15018
26754
25299
33383
16615
7322
37665
46234
16636
23994
45749
41788
40530
33993
26068
37627
39467
3326
19532
29366
30306
47972
21659
33266
43584
15718
38173
36694
49114
33862
16709
21354
35186
45773
13038
44939
16173
10633
25879
37963
12224
2088
2069
9147
45170
32615
34082
49727
24933
34406
20498
46093
24369
22057
398
18418
11435
18705
35187
36105
3288
36204
28165
29353
18437
47425
46998
32680
38354
42643
18450
24318
20407
48896
1268
15790
18011
26326
29605
30551
42160
46616
40523
44717
12103
15668
42419
14073
39292
39169
43621
20303
32026
48425
17077
19256
31840
10367
42035
3314
7078
13196
16033
28414
13787
21642
23816
33185
30151
44215
22259
19262
25666
31160
17033
19471
17878
37075
6432
14051
35641
22139
30589
46036
24686
31579
32388
20828
6450
10472
48760
6560
45293
48360
19813
20294
458
2580
5704
1804
1385
49251
47228
6274
13427
37757
6897
46578
34727
21229
44147
17500
4103
14956
6924
20435
16485
18476
35997
414
9074
33827
16857
33529
46339
44586
38708
32478
42277
38404
31615
11810
22580
26273
27787
40647
15526
14303
32842
48884
22247
24236
30616
693
8654
40844
34477
23638
9775
38077
14584
30884
14893
6681
11249
22837
9049
43335
14869
49981
26890
30630
19452
13905
420
42526
22673
22149
49402
13708
18807
32525
18550
23329
36199
45938
17576
8911
29770
26512
23276
33099
8254
16216
18042
43239
45286
22513
3587
37853
30507
10641
45965
42729
46746
46077
47442
42863
8338
22213
30468
1953
27629
21838
22990
30354
33657
25480
34344
3919
36777
27276
31060
30425
29202
1182
22230
43983
7154
3377
32969
17123
38701
41219
12301
32179
45046
39265
31239
24250
22391
20785
37172
31755
9500
27491
45595
39302
33743
15963
30242
37274
12530
47735
29183
31642
15515
27964
4905
16195
4290
18891
19112
28464
505
27014
31699
4715
21052
3116
21323
33180
46185
47503
25402
14786
28100
11871
19952
43327
14362
11526
41582
30449
28766
1264
3
39588
23161
22621
3393
25216
18115
20406
9153
17800
10046
40705
34169
1728
39005
33614
5491
39284
15254
41265
35622
7269
17608
12261
41097
33365
11956
29376
35484
12059
39945
41033
36572
40280
9872
18523
49421
24108
9650
20543
2293
43147
14324
21753
38517
40111
45881
17845
34337
32818
43714
13652
37602
49013
49812
26838
30892
2444
434
36600
19407
47231
3723
44558
13023
35185
18404
14907
959
43364
10210
41500
42350
37290
43024
33002
18398
43231
32413
25014
29086
46947
10947
32285
22698
42575
39866
45333
31588
435
17513
20137
19657
15339
28881
42342
28289
47318
21191
40933
20978
22886
47300
37719
44370
14256
35598
21161
20192
22509
41103
36655
8823
13978
22461
14704
21771
22981
4280
46011
45894
1832
24454
48879
37386
247
8004
23134
32882
15508
31429
37901
10849
25017
14492
35560
44565
17707
18512
21708
26943
2257
41377
3538
46133
27718
2712
42036
49951
16461
12577
1925
16888
38376
44473
1407
22546
27725
33226
39505
36372
12408
49365
13654
6022
4710
49515
14815
3866
49204
15152
5940
41058
42313
1143
16926
45234
36071
27412
40210
10032
35228
10808
10477
14251
32542
18931
46321
41107
11983
3464
40981
42849
2899
14484
41178
28795
24419
24883
35156
42985
48860
13428
549
23545
11769
5756
6863
17556
20374
27860
24806
31547
5141
24308
43486
34352
25620
19702
27227
46285
47538
16126
2078
33744
38497
9550
21757
40560
13510
33479
7751
3540
34343
9713
15406
43870
3044
15918
46333
15012
28676
16515
41777
41919
14670
34267
18875
25893
27789
20306
39573
14181
47630
14858
44162
25692
296
33197
21626
25441
3519
22360
27205
27513
4695
2842
49685
9176
31434
40099
40077
6387
11860
20964
15243
4910
6212
21951
49504
36514
41770
43557
43810
49687
48488
16007
43499
31709
20470
41822
24239
22944
36488
28785
27882
46452
40088
