53
58
64
166
175
271
291
377
383
421
459
474
507
523
562
698
699
756
792
811
826
841
845
848
864
869
884
908
978
1000
1029
1052
1061
1104
1117
1157
1171
1236
1295
1310
1341
1356
1370
1374
1407
1451
1490
1518
1522
1532
1558
1560
1584
1588
1604
1608
1615
1639
1651
1665
1706
1719
1727
1847
2005
2008
2039
2059
2067
2121
2124
2144
2147
2162
2167
2223
2242
2250
2265
2299
2305
2336
2359
2369
2380
2385
2408
2468
2470
2501
2507
2542
2548
2550
2578
2592
2600
2646
2678
2686
2688
2697
2703
2706
2755
2778
2870
2929
2947
2960
3005
3040
3087
3106
3181
3201
3248
3281
3293
3295
3329
3353
3363
3364
3369
3418
3422
3426
3434
3437
3500
3501
3507
3508
3537
3540
3543
3565
3576
3579
3582
3632
3661
3668
3675
3677
3703
3733
3736
3755
3761
3774
3775
3803
3821
3824
3868
3874
3911
3920
3958
3979
4029
4143
4167
4185
4187
4188
4263
4299
4307
4321
4363
4401
4438
4460
4469
4470
4527
4535
4536
4539
4542
4563
4599
4632
4668
4673
4677
4703
4734
4755
4773
4790
4830
4856
4860
4863
4865
4876
4917
4923
4936
4970
4971
5004
5032
5099
5105
5109
5141
5146
5158
5220
5248
5255
5272
5278
5279
5296
5338
5398
5423
5488
5561
5572
5578
5636
5640
5663
5682
5707
5723
5735
5752
5766
5767
5781
5834
5837
5846
5857
5870
5954
6009
6044
6087
6095
6131
6139
6192
6195
6221
6267
6270
6294
6302
6311
6374
6388
6407
6443
6450
6460
6499
6507
6521
6528
6611
6637
6653
6661
6706
6708
6744
6751
6759
6763
6814
6907
6915
6919
6924
6926
6971
7001
7075
7077
7078
7182
7217
7241
7246
7254
7260
7262
7277
7290
7300
7306
7318
7328
7388
7396
7442
7452
7462
7475
7493
7498
7534
7540
7738
7762
7768
7789
7805
7831
7841
7875
7888
7897
7901
7925
7933
7953
7987
8013
8033
8040
8071
8111
8114
8117
8118
8167
8178
8186
8214
8224
8250
8271
8287
8298
8333
8335
8344
8378
8398
8399
8403
8433
8461
8466
8560
8589
8596
8638
8649
8654
8680
8696
8760
8772
8787
8883
8906
8910
8914
8931
8933
8958
9053
9104
9105
9142
9154
9158
9170
9214
9241
9247
9268
9314
9364
9367
9383
9406
9446
9467
9473
9477
9478
9560
9577
9613
9632
9650
9682
9692
31929
30034
38523
33641
43492
28324
24481
46543
29316
29556
24608
7051
35018
795
6717
21339
485
32567
26993
24878
24841
23148
14767
26484
47986
15629
35999
12258
47818
12599
26437
8235
10402
12605
30957
17220
17416
32767
5953
45648
19995
49374
47679
46580
35593
39918
26306
27027
33446
20350
21253
39970
23073
8168
15880
16430
26188
38969
11378
34351
21770
1314
26927
28435
26216
5911
49330
31553
37299
26381
31695
35352
2426
17730
1060
3170
43047
580
30273
34610
6728
585
8665
36579
4794
45159
6238
47652
48755
13449
25078
3904
291
49042
20942
48943
37565
3497
14832
19851
31919
6974
35035
11013
9669
18193
38322
14693
566
45743
44685
9109
7627
3670
4093
47782
5304
4507
15803
1236
10680
29850
32014
46392
28134
39578
26801
47378
25327
2070
11793
13241
19336
31220
23125
30770
39193
9378
26538
48793
2815
2109
6379
31423
23839
30106
4539
2879
49778
13519
309
37703
16775
25566
2381
4159
48752
42429
27496
16388
11413
19413
3931
8919
23855
10369
13404
48744
12866
4646
25111
35619
2857
37526
2434
29199
37994
28898
24825
46445
34093
18182
14483
14587
46091
1558
10906
44442
35586
14613
31104
41730
5255
29601
17125
3812
21499
48164
47193
28800
14790
18741
31762
2803
34792
21172
8689
39448
47615
6806
45937
31832
29882
8512
24588
21257
221
23085
42488
19416
37394
10098
2160
41902
40122
37044
1665
9154
442
30443
36636
8831
49532
29287
34021
13406
17180
30123
43489
42607
31066
42957
11965
8982
28396
1721
13923
25796
23215
41465
36758
18623
9630
41256
9644
13810
32927
46675
24554
38164
36391
45398
35115
32183
24053
28230
23858
6882
32852
3681
18253
26225
14049
45372
38727
34041
39350
42713
10279
26454
18840
11306
22597
9346
17250
5906
23199
4210
8678
5730
20198
23497
6459
43540
32651
42926
26463
30335
48583
23757
26623
37477
3215
2658
30322
34359
36644
19910
16473
39908
6541
43432
441
35171
546
25320
38689
5339
192
16414
31810
16443
9866
36187
48273
33537
47806
32872
20246
40191
15964
27982
3516
3638
1337
41048
16724
46100
41132
21267
33225
12120
20466
44984
32259
48336
10645
34491
17073
5648
38589
12481
42521
28269
37308
16830
47974
18522
18853
12772
49568
2464
45890
26923
44236
41980
19028
44477
38162
31511
21856
9545
15128
5274
20702
16572
49372
34636
36091
39253
4757
34094
17854
49025
11200
20352
21665
16651
23838
9623
44724
22132
34695
1964
15698
48871
897
1749
39362
44362
31184
26672
14028
35985
21880
6775
12175
36708
5246
37051
31717
1797
26621
38034
1673
30076
1512
1763
25908
34210
25412
7294
8250
24093
2735
24271
42017
23374
45243
9960
34892
39563
19132
15367
27661
18892
17933
23117
18917
13641
14211
30320
11063
26481
42048
2272
11627
26563
11706
42571
13574
22340
32360
22409
47886
41163
10511
25533
13851
3425
24438
13338
16125
49767
41424
22584
33143
20064
16676
28128
46120
16942
17685
3518
37060
38009
48462
29695
10903
40019
4779
17170
14277
7973
2798
24139
3738
5416
14870
9699
49861
193
38255
33335
38288
31196
41893
45649
5573
15768
19829
8229
43662
37420
32760
4343
2265
11993
29954
3885
3860
10337
47130
25225
9826
170
32205
18367
48481
7061
18842
2663
23319
10411
8830
35268
38724
410
1261
7995
2065
42135
40913
18492
39776
42333
15328
25395
36390
13266
16422
45924
43939
35244
16898
9265
42469
49542
8707
41240
28979
41485
21953
35295
18055
28807
35778
11490
38797
47708
42316
46710
43612
23640
48120
10142
22920
25540
38138
574
31795
25758
43383
36262
23205
42840
9786
18081
20006
49043
4003
32200
48670
8519
17162
2161
6219
32977
47391
11616
8123
5312
4923
16697
7282
46128
13565
29968
3624
44317
27846
46292
34522
1230
11576
11693
45777
31250
35766
4863
27543
10530
39098
28499
44444
6138
11898
9188
6050
4724
13614
4304
40581
22524
38323
1032
44156
2640
4001
38850
2096
5469
10805
12353
2232
16336
41008
13504
35088
45619
46386
44060
34910
3155
15795
11343
4225
16027
7451
10606
4891
13981
30844
17654
3115
47827
46175
38857
6153
18959
12087
24167
32663
19051
15239
47019
40963
21111
15322
32800
38384
35036
31097
25629
21667
39684
3240
8952
19479
22096
16259
786
23631
45892
2395
49838
1699
7329
31725
17290
32933
48864
30860
12610
37845
9258
21464
11598
46387
3058
18991
24752
20300
10848
26316
33317
45240
42236
16792
12646
48297
42917
48700
31202
29227
18530
19036
4812
45325
1106
23573
9743
26603
44951
25855
19775
8672
20727
4815
49127
5630
4412
554
21998
19696
37823
37814
6756
23960
13027
19314
27386
22813
5891
20875
30854
1770
38045
11906
7702
42692
25054
49924
36739
39766
33410
18725
39770
16084
13808
32609
9116
42389
773
29766
43534
26402
14037
41201
37858
10313
24347
1508
3165
27866
6916
29328
32246
38158
30388
24045
29078
45706
9682
43183
8892
35911
22426
37348
47543
39336
27243
16512
23617
48964
26977
49915
36484
15617
21568
20227
23534
43916
46761
13693
33385
25944
44310
25188
18607
40110
27612
38832
40925
28450
15260
43212
20740
353
23871
49677
34152
20728
49090
46223
37147
11830
31526
28016
23183
46431
1843
24059
9664
35864
10234
27640
26214
39433
23281
22531
3777
31981
42701
15721
48380
27978
13836
23466
44205
36214
42270
12926
20954
38815
19658
26191
47380
18190
45733
29027
3561
18177
15573
14183
34785
44890
12206
11667
190
45115
8414
46453
37659
1392
19854
10268
45073
27932
3430
18378
35224
42693
43086
44059
20909
36131
5105
40926
9037
35992
47181
5454
43109
21337
5932
35301
1229
41413
6817
23572
41727
4867
47628
27550
584
11149
26131
12319
8301
42963
7022
5283
44701
20530
39383
49108
16657
15911
29903
47807
20509
40990
7996
21202
10139
38458
10288
39393
34198
2523
47784
16395
45726
12403
10164
35169
10965
41567
38136
14260
24692
43400
4274
36209
14286
27153
47021
12277
8998
48156
36802
23201
45872
32896
39545
48698
38184
39992
13874
47947
12401
49905
34521
23282
16161
31590
46751
35199
21479
38666
20360
34001
12176
39937
37534
35300
16076
46735
49479
46888
32836
6823
22576
21427
39507
27337
37991
4936
15049
7744
41753
24976
32574
49258
12813
25133
1177
12196
38800
25450
10088
42583
33014
32441
27861
13702
509
49473
5672
5253
17120
17637
46636
30990
34104
10620
41598
28682
15323
29559
16509
11001
18397
6881
18382
5787
41761
17063
9844
2952
35078
20812
365
26109
44357
2323
16738
13572
17628
44787
17386
8384
31362
47780
20749
20041
880
36678
2382
38925
19129
37873
29510
9160
43505
12490
1671
43014
20620
24564
46309
40491
4879
34387
20867
9063
15520
15025
25013
47376
2670
22094
34135
28436
45717
5528
21972
43858
32840
21842
49429
33661
14046
18395
2797
31372
39079
20461
17327
2454
24876
12771
24362
23312
33852
2489
31259
19768
7046
2255
16457
13545
45954
39191
27842
33104
4036
9467
19227
1853
24270
29734
1564
8721
4180
37641
36498
11148
35345
36375
48541
28295
16193
20128
49744
18274
12557
14729
8614
12452
28418
29421
2679
23728
46138
10172
38715
4320
909
25072
49899
28841
10664
9975
34212
8222
29134
38779
10986
47597
32182
32034
31182
37959
21905
49857
12189
15490
10191
14045
21483
28940
10361
21241
43471
35536
33441
42388
19254
41429
25573
12867
23509
32823
14438
3144
715
37483
17390
32351
39802
9474
22234
16044
42202
49165
34893
33459
45809
46944
21764
40347
29414
11368
41070
27854
19195
13616
46260
32834
41112
13233
14648
9469
1862
45974
47655
22471
49830
13553
2172
28929
20662
15811
32207
5378
18132
49968
48641
1822
41689
41615
34208
33165
10864
13886
2031
46001
42705
15892
3384
46626
18118
6403
46892
16108
2592
21160
47409
46395
3449
430
47236
4718
38221
10434
4272
7287
36341
36856
18980
31497
40983
46551
38686
13350
36405
48333
15329
28180
13982
12197
25364
10928
23267
4313
21134
38524
46464
47751
10483
5752
6160
49697
30444
40636
35679
8070
21123
31426
10442
30252
25399
3642
26694
45718
21443
22268
34759
14876
10346
4191
18726
5875
6975
18546
35572
49250
21759
22649
11808
1383
3950
24759
46505
41253
33521
45442
2646
24277
41002
46538
18897
32671
46176
459
43622
49152
41889
69
45462
30448
21671
15699
3720
17853
34319
29895
5644
28874
36628
49910
8972
40192
2309
44137
11248
33549
3625
21699
4823
22696
18312
26925
7668
46449
25368
49000
3829
11086
18561
707
23355
30859
30329
2221
32861
15346
16650
26863
25653
39915
280
40408
29455
33158
7569
31425
6909
48877
38274
1914
24202
24251
24748
14427
7007
47596
8270
1468
19836
24934
23625
48475
43713
29553
45620
44880
34514
48821
17007
32037
39419
39035
49501
39468
14872
42699
30423
14058
2732
16147
6627
5941
22849
21664
36742
259
39715
27536
3258
33570
32974
9226
43794
9599
23110
40070
35419
10543
6123
42609
40738
14728
46854
2441
27870
9922
11261
34897
29930
2643
1056
31537
30472
8775
48604
40123
41829
34815
27887
766
12457
37416
30529
49216
11569
38065
23731
22888
44927
12065
37794
14934
30691
25118
4170
9076
39239
47476
47978
7231
6848
20540
25374
40571
43175
9972
20598
1924
29075
47829
33195
3067
33072
29933
18232
7109
4955
15607
31157
37771
27674
11095
27067
31332
37633
23011
9883
19748
32698
46101
30411
45024
24860
10437
49201
30660
35885
29694
34834
8471
42497
43101
8766
27339
16649
32475
19186
4658
34743
12614
45047
35150
49102
47291
2954
36804
7514
20000
19147
42002
26510
46462
7376
40429
9465
28683
46033
7334
5092
32783
4743
2462
17405
21716
11832
37516
40864
22300
48227
10524
38477
38348
16597
42676
27449
25176
26239
17028
29067
18201
45446
44382
19567
45461
47118
21579
18122
7639
21545
14804
20237
47770
23965
12543
41059
14551
38949
34369
1970
13859
21263
3680
18660
12585
7126
3093
44199
6182
44615
8180
26487
14054
21931
4502
7534
19069
42768
46111
44649
41187
11942
1014
456
17482
10354
34560
22661
