7
24
27
68
84
94
175
179
182
186
292
294
299
325
338
415
422
445
453
460
466
494
538
554
599
613
629
644
669
670
711
745
787
800
833
857
887
921
949
966
978
981
987
992
1006
1017
1019
1030
1069
1079
1129
1154
1202
1212
1214
1233
1243
1355
1378
1398
1411
1425
1433
1456
1478
1621
1685
1766
1792
1803
1829
1847
1897
1958
2005
2053
2060
2086
2094
2095
2117
2118
2157
2192
2202
2216
2228
2244
2360
2402
2417
2434
2445
2458
2515
2535
2574
2580
2601
2606
2633
2655
2665
2668
2708
2796
2809
2823
2852
2870
2883
2884
2891
2897
2901
2937
2974
2980
3016
3017
3022
3029
3036
3061
3095
3116
3157
3208
3218
3234
3246
3252
3373
3401
3417
3449
3454
3462
3597
3626
3665
3694
3697
3747
3753
3762
3778
3780
3783
3798
3846
3896
3902
3960
3988
4011
4015
4031
4034
4072
4102
4114
4224
4244
4332
4357
4419
4433
4481
4503
4564
4571
4572
4674
4697
4707
4786
4794
4799
4806
4822
4824
4835
4897
4905
4970
5051
5061
5081
5104
5124
5162
5180
5189
5190
5194
5233
5243
5244
5256
5277
5321
5325
5336
5353
5367
5421
5463
5522
5546
5575
5586
5606
5616
5631
5709
5737
5744
5801
5808
5839
5861
5874
5928
5935
5950
5980
5981
6026
6033
6046
6063
6083
6118
6119
6149
6152
6161
6173
6175
6188
6192
6213
6252
6254
6259
6300
6315
6319
6357
6382
6387
6397
6462
6497
6503
6536
6541
6543
6594
6604
6606
6629
6670
6715
6722
6737
6793
6875
6887
6919
6936
6954
6974
6991
6992
7009
7015
7016
7019
7080
7180
7186
7187
7245
7257
7272
7276
7277
7299
7413
7432
7473
7486
7501
7517
7524
7536
7572
7579
7600
7610
7626
7660
7664
7678
7705
7724
7726
7742
7773
7785
7788
7799
7926
7928
7943
7992
7993
7995
7997
8052
8093
8124
8128
8168
8177
8204
8256
8277
8281
8284
8369
8436
8442
8449
8521
8526
8535
8539
8570
8593
8620
8629
8638
8673
8688
8708
8718
8735
8750
8768
8769
8847
8856
8874
8886
8913
8990
9021
9042
9058
9083
9120
9141
9162
9186
9260
9278
9300
9308
9312
9339
9427
9448
9457
9478
9511
9516
9525
9557
9596
9620
9630
9642
9658
9717
9728
9740
9746
9771
9775
9802
9831
9859
9920
9962
9974
9999
10048
30332
1010
45158
42930
17449
44234
14800
20528
35271
26323
19312
13222
14651
19544
11492
32075
6724
30754
7987
27880
20882
45508
35071
42417
12278
41594
19820
26202
38429
33653
28608
4472
23322
20625
45282
48524
38903
2162
17803
24065
20626
24099
49983
4117
23690
14107
5592
37105
32939
45091
18960
36795
6405
30753
36745
29322
26716
41998
48914
29950
25713
41713
11623
28609
33346
38432
1888
21055
31344
2127
5980
41269
12032
36676
31676
23807
4745
36476
2668
35009
33049
28819
10809
4483
22593
37973
1823
18147
39989
11738
10949
21873
10999
334
49713
20338
1573
26462
23168
32695
39919
32389
4462
22660
11639
15957
1895
38444
2181
3108
44409
23702
32264
36518
39325
6394
6490
40054
16950
17785
48200
33318
37675
941
47098
33
48085
25424
16746
33903
42134
29464
20152
39651
30708
30170
45752
11894
10558
37967
41035
40007
37005
4515
18954
21952
46590
9792
16157
1841
25706
20033
48377
28488
42670
27658
31527
15659
42650
34853
11294
1856
37513
24727
28813
47804
17497
40532
35794
23590
18531
45479
47902
49900
28864
16190
46657
28991
33131
15388
36961
25649
46515
25545
806
9702
16661
4439
45502
18838
25179
41725
38652
4737
49807
31910
23048
42492
23068
26535
42084
8822
19412
17565
43233
17440
22008
17909
10135
27628
38951
11387
17897
38126
12216
12091
14070
18387
36554
47502
7367
33236
15858
16154
1962
42737
35128
23145
23461
34061
11960
25765
5209
12105
19902
9332
16452
16296
47131
49958
11067
3177
32524
16758
32250
20721
9073
36812
36320
8839
44673
11544
4835
42882
44631
35229
40127
4072
42357
41747
9283
11617
28838
5072
44139
40624
25074
4087
34650
36822
42365
11222
44376
34204
10255
11998
11564
31366
38006
10005
24071
27544
25705
25384
17096
21085
6330
3524
17529
4449
46226
40996
34496
7489
8088
31632
29004
45634
49574
28477
20326
13793
35272
49430
39789
8336
40690
6674
30288
9670
10784
42806
15470
74
2011
27108
26974
36051
45217
42827
32917
2068
22794
6223
19750
49015
17540
6557
2564
24031
37445
42187
34136
37117
21909
26064
9222
16646
34987
9020
4179
20271
46682
20139
48599
19727
8606
30476
9892
49839
10948
15417
29569
38649
34501
30270
33600
7835
25782
7142
12174
23065
37584
31380
4151
13953
19117
49742
22161
41330
9574
22923
13091
861
6263
5502
49157
44232
4484
32504
2132
41581
7123
14491
24551
49791
44226
1785
10017
34029
37095
46155
30960
28162
25307
41540
38781
21686
29643
3201
19799
11764
4350
7171
38699
45310
22611
46337
28523
48999
33894
2042
49367
19025
33915
15279
41511
24606
2649
384
43742
29793
40399
42223
45646
35101
7411
39021
38048
37475
494
15138
7307
49298
18798
36709
11628
20194
18970
31626
33833
12215
38304
48912
46347
31260
17904
8349
26283
30059
36828
6758
27069
5218
18684
3551
8183
7389
17841
4268
6332
43123
41578
29865
46265
16273
25184
18862
34379
34933
22549
21022
6162
22245
15444
445
21567
6732
32520
39526
258
3490
25247
13254
23483
28419
15562
17828
42411
9307
19352
41831
31788
38066
19249
28738
12780
11458
34623
38390
5713
2174
10189
22226
27235
3100
9968
14368
32180
16628
49618
1405
8434
11970
21728
42558
48761
35124
36219
46325
21864
1499
13686
24208
15854
43845
15836
16502
8041
10967
43490
7753
48880
2606
16808
47394
15974
41486
17926
6945
42023
18520
49448
15305
38364
9135
24522
39129
10883
18216
29159
36624
17292
12007
14344
37109
49602
101
4124
25257
46529
21256
16805
47819
629
46958
18833
48614
1271
24733
1041
26883
49786
517
33956
16740
27702
2947
20117
27753
12786
7125
14031
10021
20593
49140
6492
28361
21524
3818
21174
37173
5545
33463
17300
4177
45433
7313
20091
2723
3763
39614
47848
23948
47526
1735
5106
869
39071
42056
2648
4915
24081
6030
8122
35292
21578
25745
3391
13062
16656
43257
6812
12225
48376
7837
9129
38609
39898
39220
34479
26564
43497
44635
45380
43065
7931
37640
29982
14321
16495
42604
25504
28331
39313
35223
1358
15829
28308
12329
44856
37194
32980
25958
36054
38825
253
6602
27270
18348
8161
31065
20431
18663
27475
27165
6619
9647
7427
2809
4963
1892
37514
21527
2137
31337
14730
24154
24906
32371
32054
38449
37110
11120
38400
20496
42779
882
42354
9479
16703
49143
29084
36969
18389
17831
27441
11199
49576
8592
4836
47721
19447
36588
17381
37982
8507
41497
40852
49835
41229
6753
41903
48686
685
17661
18780
37912
44898
37176
39175
3373
41738
1772
37223
8722
30806
43776
48233
48452
32043
31134
49408
21315
19414
37817
44481
17978
22542
4025
30424
38100
46729
26302
31199
31103
21468
41589
40095
23862
3552
35555
7802
49691
13297
49083
12870
26906
25986
42129
24460
41815
36269
47851
30809
38171
28787
23695
41323
27304
19578
37809
25019
3864
40726
7517
9111
41013
43598
44808
23389
48243
34593
26534
49280
29451
39778
36870
23348
7122
4519
24337
9008
3242
28109
44419
25953
38383
39972
28242
37769
23018
20121
33211
4288
30933
38319
14575
48426
11805
17836
6496
22512
25950
35032
1208
27909
31544
5877
44323
22244
21914
17243
12671
37523
23326
33031
12096
29273
31198
33428
46204
18356
47062
43832
1769
24691
31844
24118
34170
14225
36685
23306
23353
42801
7924
6783
22759
14485
197
38423
28433
16619
40226
22125
15834
18410
8255
13471
1128
48162
18335
43685
16284
38697
39852
18942
16418
10492
19088
18400
43262
22223
27203
3772
21731
40546
16271
16872
24871
40756
41060
41285
10929
20329
24961
13458
21326
31908
48040
38275
30115
13914
36707
39506
11736
13581
44120
30122
36014
16301
20849
36894
5720
26965
20131
5008
21962
14794
22919
37631
36609
48507
13813
47049
7567
21351
47292
28253
49197
13601
26928
22135
47234
23584
25315
30964
47196
13931
550
20583
31178
42657
27906
9794
18487
20448
38292
34047
47654
15397
4558
13811
26558
20203
37770
7909
5578
10414
48063
32449
3320
41102
25812
25541
3178
17919
29488
33100
30219
29520
41945
6060
37304
31204
12190
18240
15706
11364
10993
46023
34297
4827
8978
10488
36240
21727
4674
18949
1700
35755
29810
35913
38931
15175
10501
26111
46805
26736
13986
11257
40611
15818
2057
30571
36601
18442
43017
15016
12211
29866
1048
13167
32379
23430
1160
34490
9738
43843
2933
4033
14264
11929
10209
1834
10066
4934
38
48536
5966
11119
48561
19255
3472
44704
22231
13502
45351
18089
37733
37271
38377
14313
35144
20080
15471
24092
25687
28083
32172
36036
7789
6556
13393
37300
25281
7234
5586
19518
29235
40216
20159
12118
13822
38215
44390
4020
2505
29213
40086
3795
31649
48088
33925
11370
32527
41597
41992
1055
35583
27766
8139
2412
17814
5389
9624
11531
42825
17053
29324
42646
14187
36211
45075
8686
34649
6207
41917
13991
21106
17074
26453
36366
39575
45789
48039
10918
35459
25073
10439
42654
19577
42122
26660
27485
25802
25028
12973
4772
10843
43690
7719
14289
17631
22105
26900
47306
23963
12965
47539
17821
21459
24330
33709
9760
11743
35299
35246
25773
46799
39552
19183
49306
14924
46459
22865
8876
27012
30479
35298
28772
10463
5520
9700
46085
17067
45700
8645
35931
20204
7872
30983
24696
16339
31449
4149
46230
14568
2279
39689
29313
31346
16635
29074
17920
6433
38887
40954
28592
43733
9145
26106
40643
12558
6902
17137
28891
2337
3801
38040
16295
39761
36567
11969
29263
38246
20868
21366
49190
30186
39865
48409
32555
47313
6961
11902
48946
38945
42548
7584
38673
34801
16851
18584
36043
6837
36145
548
33841
8863
49819
37453
32774
49762
17478
9909
30756
4829
48976
1074
91
26244
30339
4266
37669
11320
47541
7814
6482
28839
15793
46425
12642
29397
6284
7932
9006
11864
34689
39130
4950
43430
22467
10653
30213
23256
4166
48479
48609
17195
8786
5088
40227
44980
48830
12971
12454
18479
1703
32085
33101
34771
10770
11271
12776
33177
4310
14919
3016
10427
15234
5492
42176
25376
9600
43243
19234
18858
8520
23027
43968
20648
36647
45711
39868
12882
30574
8962
2223
31050
12113
15467
10320
25726
26688
40922
31463
48517
34682
27208
7804
21835
48629
7200
41154
41892
5407
47478
26043
5086
49009
6637
10869
8422
32982
21744
7946
11131
15741
6402
34199
20153
22748
37657
37429
39100
46472
7205
17879
44943
39609
1951
43385
28597
34710
39287
26116
22049
47667
32510
19465
18787
14122
19631
15595
30624
2521
34317
15819
3870
3550
15523
995
7671
14171
44127
20714
40249
19080
12639
16526
1658
13560
26022
3807
48390
37554
36414
27786
8288
24949
865
4402
9182
10587
19433
691
10854
28574
16345
42757
11103
45631
21287
14986
37162
42787
48007
26813
9152
46493
479
27064
35875
27605
49500
41306
37156
1556
1685
27331
25772
49609
17572
26029
27115
40232
35804
35481
11568
5534
42479
16411
14064
46121
49443
25305
14230
42501
18887
13750
9293
3289
13329
13957
30204
9338
16018
29780
31912
39822
30838
39366
14118
34768
14709
27013
7651
25215
2326
33168
27212
29997
39024
44383
49626
8101
23974
40809
33882
38880
14706
315
49922
969
17430
10595
30015
33972
6135
2565
40788
8105
40196
19871
47840
20261
49325
24411
26161
19808
14861
24443
35007
8054
24177
24335
15247
39375
46352
44543
27993
13925
1070
8028
20111
33358
1958
16421
45456
922
45754
44507
14422
39543
15335
13941
47410
37414
43551
19099
24147
3679
48638
9305
43850
33280
22453
38976
38626
32630
28447
46812
15794
16573
4982
28457
34334
33033
47788
16561
6343
7432
5507
34647
1127
44865
28513
47681
29685
32320
44585
32416
3355
43500
32596
1098
14018
6151
31402
3026
43633
35525
26721
13857
49599
25563
47138
14373
2383
16705
20524
10044
36000
38338
3351
3762
5221
44953
10745
33275
27317
2375
10322
37829
21053
7235
314
9489
48132
19049
39608
32938
36779
34714
49081
28078
21
22560
43072
20397
35472
32682
7369
1778
19245
29692
9051
24348
40839
40365
845
49668
18482
46062
47210
20034
22030
19922
80
