16
22
34
62
127
133
140
146
147
181
182
211
306
315
337
407
409
444
461
478
512
522
597
612
637
646
657
673
721
764
775
829
838
878
949
1034
1052
1080
1085
1090
1126
1168
1171
1260
1286
1335
1355
1424
1449
1468
1501
1543
1577
1579
1592
1608
1618
1619
1684
1687
1698
1716
1722
1760
1766
1881
1896
1993
2051
2104
2126
2233
2255
2265
2297
2322
2351
2357
2363
2369
2416
2512
2536
2566
2620
2623
2642
2658
2688
2770
2790
2810
2827
2840
2868
2891
2894
2926
2954
2961
2992
3071
3076
3086
3092
3099
3105
3108
3120
3136
3161
3171
3243
3247
3270
3287
3318
3331
3333
3348
3381
3383
3384
3433
3452
3453
3460
3487
3494
3551
3563
3581
3623
3632
3634
3641
3642
3667
3668
3711
3723
3745
3777
3805
3811
3841
3880
3897
3913
3927
3954
3980
3986
4001
4043
4047
4069
4115
4127
4132
4137
4170
4199
4202
4204
4214
4247
4257
4266
4279
4282
4284
4289
4354
4386
4399
4434
4475
4487
4494
4502
4523
4525
4569
4579
4584
4597
4603
4608
4611
4625
4647
4673
4686
4702
4736
4750
4757
4765
4777
4800
4835
4890
4966
4980
4985
5045
5069
5134
5143
5154
5162
5164
5227
5229
5240
5335
5349
5364
5405
5406
5408
5512
5529
5585
5601
5616
5634
5638
5661
5689
5703
5729
5746
5757
5764
5823
5848
5901
5910
6005
6022
6068
6072
6095
6119
6122
6129
6130
6135
6187
6215
6254
6257
6281
6299
6343
6350
6414
6439
6461
6478
6480
6486
6502
6547
6560
6570
6574
6575
6677
6691
6732
6733
6760
6839
6865
6869
6886
6965
7030
7052
7060
7073
7085
7152
7155
7157
7175
7177
7178
7244
7313
7332
7355
7392
7393
7406
7438
7448
7484
7496
7516
7530
7562
7575
7601
7635
7638
7643
7712
7805
7848
7853
7893
7894
7918
7932
7943
7984
8060
8067
8075
8131
8146
8157
8267
8332
8383
8384
8396
8424
8432
8467
8489
8492
8500
8514
8545
8552
8569
8584
8591
8592
8657
8663
8668
8681
8684
8786
8795
8797
8807
8818
8839
8893
8927
8934
8985
8986
9033
9034
9095
9106
9112
9137
9145
9185
9224
9272
9306
9365
9402
9414
9459
9470
9471
9501
9519
9529
9558
9593
9599
9632
9739
9778
9784
9789
9812
9817
9837
9874
9885
9893
9896
9905
10008
10026
10030
10069
25841
34209
21192
5374
17952
18656
36472
25146
6521
28136
23008
27606
20193
41749
33604
22347
16124
37654
40455
19967
20541
1552
40096
31315
17272
33468
4637
3307
39452
35506
15050
5000
43210
4181
10821
30074
16387
24946
4659
27120
40760
34817
44675
45355
19135
5711
47858
36823
16696
41184
34602
8877
43268
38534
2997
44073
32828
48267
23130
31651
41799
15492
36368
31448
39994
29898
6795
18282
15023
1175
9087
28745
2625
1248
43546
40501
1016
29547
14480
43764
13390
9901
8803
24155
44314
25255
26245
5679
6246
47756
39636
37479
32907
42778
49214
15211
30741
12447
14621
47979
18895
19676
30800
19239
47600
46539
10647
7958
23706
1596
23606
28993
9769
45964
24872
6442
23579
40549
12339
47833
8597
39315
35577
3621
34804
24966
46885
39710
49798
37332
2519
21673
16451
37134
7215
20802
18988
12293
1842
13500
25795
25397
47354
46007
36922
46447
48526
46156
11363
3411
3636
5402
47627
14984
35920
45429
37356
38671
6416
14694
28943
25866
931
37481
20548
3458
24145
23208
164
33565
929
39657
32228
30149
31558
27379
38470
26089
27508
23616
42046
19419
17597
31894
20332
38834
26228
5359
1228
34338
13988
38428
18974
16574
14981
21580
12632
28042
16915
41293
45750
14719
21588
32949
2638
3018
36877
37734
22801
17029
31025
37404
8433
3095
18532
30496
31852
645
17810
26139
42209
11647
5964
17960
34679
49192
33696
35131
1367
44128
35091
5689
12017
29292
920
3227
4870
437
1047
40274
30041
9208
18610
1259
33536
22176
9246
20316
38088
33738
43697
32390
8867
38391
38409
2503
9681
16489
11044
7321
5900
47150
23108
36061
12831
39568
31421
6721
16545
13916
591
36188
2124
34961
17389
5375
40521
22039
40038
28542
42616
22
34415
6179
12512
46535
45622
16760
44015
3729
19586
2925
9808
29457
13956
29294
21132
20432
34603
20597
30512
25067
7137
15489
29223
47471
10579
28990
37097
15816
18359
20881
42327
1031
17424
14547
17577
28492
41188
22968
15040
31928
8034
7272
25139
20755
16784
42510
18005
23704
10128
6273
35845
42447
19823
45900
37970
32027
14631
4682
34762
30938
34056
10985
19927
25979
9021
16177
2040
34245
21004
12199
327
44011
36062
49261
12302
2439
14236
2822
30798
15035
11987
32534
16333
18924
43661
2690
807
3912
49343
35219
34035
41177
43837
49537
15983
27154
1982
28258
27610
8002
26275
39188
46306
35340
8171
22256
8215
46587
45140
29106
5302
19984
39483
45227
6755
24359
40725
14043
26042
31629
3262
35098
11792
9275
10195
44342
16393
49459
11124
24732
17417
46144
33663
47096
34443
4234
5789
33791
45759
21747
29119
18990
10238
19949
29965
31465
3892
19109
10009
12928
32572
36861
2965
27996
39680
27295
8466
26122
24912
29123
23025
37593
18342
48369
20025
34912
2517
7278
2050
23762
13080
27177
45823
23084
23406
27008
8820
31159
1722
11191
47479
28644
39010
49404
33491
40952
1402
8647
1874
14131
6935
1876
36704
35591
15110
18336
25482
38061
2111
23516
41064
14065
44096
5796
12458
47821
13188
30336
43388
24673
11784
27648
19970
47580
20362
45575
36881
40466
4126
14830
12906
46312
6391
19040
39028
13077
9200
36462
21756
29080
39697
21872
38026
38677
7993
44712
7911
47934
48072
22572
46970
41326
13838
1959
32396
20487
12996
34304
33256
2556
20254
9161
33488
17748
33141
30685
37796
10828
12459
26240
13965
31447
1646
15227
40710
4966
9481
16670
36192
45080
21155
9381
40039
39034
18554
30334
25680
720
13029
38843
41983
16129
4144
47497
49265
24389
32871
20098
38527
43353
18870
3439
4907
29680
18353
49312
41533
43488
4309
32060
48396
2774
13176
37774
40959
15971
7538
9112
38355
985
41464
39511
8256
43174
41309
49808
23896
5424
31197
48206
27680
25638
46122
20278
204
48664
25829
29971
4606
23193
49496
30481
33541
26205
46307
39205
42077
18655
27503
13127
36808
47161
49698
10841
14951
12852
40170
19707
6526
21719
34805
35585
7020
42169
15552
32454
18103
15060
33924
12000
10256
46311
35455
16768
34272
5019
38148
17554
19077
42416
6294
17060
30812
26415
49418
49088
5694
36576
33091
31342
2536
12240
36044
24701
44985
38336
34020
18509
10311
29216
23956
23876
8763
4118
41965
16429
13550
836
37221
9551
27127
35903
7824
4693
43887
47047
3554
17301
9797
1733
42552
24049
6968
42724
5025
19092
26793
31639
12214
46050
41515
35600
34942
23780
6572
16478
39189
243
18794
26469
42592
49056
2650
48325
11687
7720
40823
625
18851
31672
38583
20012
12508
39086
49361
13153
41074
16621
31784
12879
47499
37825
7918
43424
5833
33400
29846
26084
13635
10211
47653
45280
45878
21030
45686
6749
45383
210
33704
39161
22940
19322
6118
14200
41916
44612
37021
36586
30910
5745
41909
8699
32958
36257
18618
26025
25298
38122
48665
18909
42762
39954
11851
7091
48057
28236
14994
7458
27389
27102
4999
26725
15272
39203
200
640
38137
41516
48373
3588
32637
17766
36826
37625
9233
25709
44597
29958
26461
17676
9170
14345
12679
6686
26698
40364
37238
35672
13537
3655
7591
27830
4417
46418
31933
33726
43415
3716
20975
3041
37140
23469
25293
26151
20926
39537
19675
11748
39087
2596
7025
19604
4843
43264
43611
5308
32493
44695
10636
40396
7648
38674
46469
2583
19641
32993
3500
16097
45739
42049
10600
48043
11290
6754
11459
5513
29253
44194
48723
38698
40991
12238
5353
26919
19184
20506
25972
6854
14098
32422
45164
48401
14701
43820
20408
8816
37818
3805
45597
37106
36625
5708
17996
21560
31575
8220
2810
1917
32434
45366
32918
10794
20887
14838
33402
31396
49039
47552
19562
14679
16841
21937
6672
28303
17604
36232
28956
20258
36313
13291
7843
351
4792
488
1627
13603
40884
4663
23418
34430
2542
26383
15445
8212
16285
42540
2874
4685
42791
28869
3742
7950
29802
19588
37748
8231
40094
46905
41924
24743
44250
40337
32397
15084
2681
3710
41311
25851
21965
26333
41870
44258
34265
38771
22236
27126
18724
40298
20927
31416
2618
40468
44733
33086
10063
41443
10327
20148
30494
28061
3290
13804
36563
19645
22530
6741
2267
3590
26940
19275
30976
16685
18742
27937
43769
27414
44365
49041
40824
40894
45361
18173
42660
19013
23888
46856
17688
14133
47145
12781
18826
19701
7715
26379
8309
29798
20093
35278
27095
38050
9321
49394
14660
5898
6297
13101
22339
32515
10007
41940
9839
37933
2310
32581
41672
9237
38309
47914
7881
18736
23915
30563
39134
5380
42790
26364
24660
44387
11609
34139
34075
40767
36285
22191
680
46075
21497
27739
25892
12321
24724
10012
124
39057
31685
36638
16998
1766
32689
46404
45248
7491
30842
29976
7044
43389
32537
45247
39544
16762
44062
38690
5588
13143
7705
39900
27218
1741
39637
17847
34033
31398
44579
26834
11729
20666
12799
27357
24852
3323
7202
8527
32772
37759
27881
44187
4786
41561
47331
10400
10001
47984
1536
26066
25035
30485
35332
17523
7036
26428
32193
6471
37372
40557
17087
28169
26748
2989
29164
17342
7034
25168
30748
27367
39252
44131
187
23066
10029
4813
37764
40804
46256
19139
15675
23479
41801
8979
37077
14162
48188
31943
28992
32500
11508
23180
11800
12897
34467
44259
14894
4064
38372
21079
15028
10939
47165
23451
27022
10227
42444
24298
37048
44626
15165
42250
6592
11644
45369
10273
38572
47352
10733
6500
3098
3311
28986
44817
24249
5182
14257
22885
13783
20814
39527
23596
20623
3528
41969
31857
6336
19000
10551
26063
9515
23570
3994
1420
32694
46948
31384
31972
6145
387
26611
7315
14476
32345
43538
42145
44069
48483
20803
17536
39969
12031
25475
34542
26719
25967
49813
46092
43917
38612
36365
9521
23144
24424
40909
30727
46912
22926
33690
667
47578
10596
24176
41448
896
6712
24972
25500
4276
10815
20225
12739
27346
26020
44255
41652
28859
33212
710
682
14188
3369
38450
30536
35270
40323
43021
9923
32869
23683
4403
37705
37579
20437
5109
26192
38856
18208
4421
18224
21846
36243
20830
10173
23955
6537
26335
49836
11113
26243
23082
7632
22356
44600
13617
28275
41106
33608
11672
39978
34157
24783
25940
35099
31139
28494
5376
35559
620
25678
3849
26966
34612
19511
32709
33948
40653
34694
44393
6768
12254
20503
15041
3865
39415
48065
21811
11468
28651
28325
42742
40302
44684
11751
6262
46429
47811
31906
38169
31820
31430
28506
6096
32074
3739
2239
22345
22353
26513
14042
14291
13511
27926
29217
36908
42836
30739
10374
11369
46577
20021
1222
8617
11182
525
23520
33216
15048
39370
40811
49464
15810
2941
35103
12804
12736
28454
40047
21313
12379
29931
22428
11634
16844
588
34798
49062
38747
37084
13220
862
26339
11144
41444
19685
24418
48619
18158
44492
452
34148
31334
22863
18426
45751
10920
5134
39052
18682
27708
5095
43414
556
11038
17724
47760
24882
1944
37378
23771
36478
6645
9197
3341
26502
8589
16367
23036
13723
23030
29720
44533
26232
23542
17282
921
10203
22362
31984
34539
4951
26366
41303
4831
40357
2888
2159
1761
15787
31622
33065
15719
19087
18965
2924
34632
40640
42027
29191
24870
37890
48929
8108
21831
32975
29383
7675
26885
18420
18179
2146
37107
45019
2288
27928
9820
47006
35872
5398
31175
28820
39323
10837
18256
16546
49351
49603
3947
6722
24213
46273
5020
41009
2296
242
31238
34039
41203
38723
6101
20853
9994
16493
29310
8071
7190
30625
36656
25396
9303
46600
33018
13365
11875
41350
17602
31118
9978
43501
19308
45385
35620
39326
13452
7795
35435
48154
41331
26387
24478
43434
24242
19941
5081
5522
38993
15484
6224
32752
47443
29436
3091
313
22986
28378
5508
42980
48167
32082
26569
11964
24307
1436
28466
36241
10052
38141
34092
11699
10379
2937
23795
39555
37457
33366
39874
40920
24635
721
26542
39337
30908
9753
7524
13878
24556
12445
21311
46342
44486
35930
8991
31427
46622
44872
23097
5878
49776
4596
18540
42334
41887
20972
22295
41387
30877
21698
30302
9098
25152
5558
11466
32340
25511
