13
24
57
65
86
99
151
163
174
202
203
209
233
288
304
335
372
398
403
411
413
418
456
457
475
482
502
595
614
685
693
702
732
761
783
793
881
942
978
1004
1026
1053
1065
1101
1145
1152
1154
1159
1176
1194
1207
1211
1224
1226
1232
1255
1257
1259
1281
1283
1309
1364
1365
1368
1405
1414
1432
1439
1466
1480
1502
1530
1544
1553
1556
1559
1576
1595
1676
1736
1739
1772
1806
1807
1828
1859
1901
1959
2002
2043
2050
2055
2057
2073
2082
2110
2150
2180
2320
2357
2360
2368
2386
2389
2521
2526
2535
2537
2557
2583
2584
2594
2606
2610
2617
2619
2624
2649
2655
2680
2688
2722
2727
2737
2771
2808
2838
2857
2915
2936
2988
3049
3085
3091
3105
3119
3173
3179
3187
3201
3217
3256
3265
3270
3308
3317
3318
3490
3559
3563
3585
3592
3600
3613
3672
3719
3752
3770
3773
3817
3862
3863
3884
3895
3909
3936
3950
3970
3986
3991
4017
4055
4057
4076
4100
4151
4179
4217
4240
4263
4302
4318
4345
4356
4407
4416
4423
4447
4484
4497
4510
4525
4527
4584
4598
4604
4609
4627
4638
4705
4714
4742
4750
4782
4788
4820
4838
4850
4895
4938
4945
4950
4990
5006
5014
5092
5128
5150
5200
5309
5333
5360
5403
5420
5423
5447
5468
5547
5562
5651
5734
5744
5775
5833
5886
5907
5949
5955
5966
6006
6030
6153
6214
6221
6243
6305
6391
6394
6399
6475
6575
6591
6607
6623
6626
6671
6696
6719
6732
6758
6779
6781
6783
6828
6853
6892
6901
6977
6985
6993
7015
7034
7076
7093
7111
7123
7174
7254
7345
7356
7401
7413
7505
7520
7534
7545
7548
7573
7598
7687
7718
7753
7761
7772
7773
7776
7792
7845
7884
7898
7910
7923
7925
7938
8002
8045
8048
8049
8072
8085
8096
8108
8171
8209
8223
8300
8325
8337
8353
8374
8388
8409
8426
8478
8525
8531
8533
8543
8615
8623
8627
8651
8652
8693
8751
8781
8786
8795
8797
8823
8855
8894
8901
8925
8970
8986
9012
9018
9020
9064
9066
9087
9102
9116
9118
9123
9133
9135
9151
9163
9165
9171
9192
9204
9211
9250
9258
9262
9282
9295
9334
9375
9395
9441
9453
9464
9488
9518
9519
9547
9594
9595
9610
9623
9636
9667
9726
9814
9869
9912
9931
9965
10035
10061
10069
10130
10175
10302
10306
10355
40272
28475
38513
44748
29577
40382
32805
44441
23316
13689
26682
1486
31031
431
7181
16212
21855
44179
32001
19595
1949
38424
24585
36840
27462
2095
34216
40799
43842
39539
44229
43816
48632
30579
38775
21494
2271
20542
1580
14627
31949
43433
4074
23614
11636
34095
29757
49316
46288
8274
38447
11186
43809
48006
25775
8328
17670
39712
26363
23007
20688
18189
45531
38272
32137
7815
31973
38427
46716
11465
34945
35534
2555
23093
28263
25056
31180
15219
45973
6352
10670
19999
38106
19437
42064
47447
36139
40528
33138
6519
11610
39214
37876
41221
11735
39123
12518
26676
13375
26589
16270
42174
47929
2242
25597
15861
48537
1134
3894
46428
39649
25589
23949
43140
11032
39002
47059
22766
40214
22681
20083
43412
30279
43387
1525
2009
29615
21610
8325
35495
35590
43418
35055
11189
46700
32944
3082
47477
46918
1661
37732
26751
48135
15575
31264
44087
36899
24650
10410
19958
3431
32118
7864
15133
44603
20478
46393
28740
6533
36022
44345
49474
27797
3960
28247
18856
22338
34084
2686
27918
13283
3794
44033
23544
36030
7105
13249
1993
45698
13579
17659
22423
26173
35452
37086
16277
43467
45448
26167
14121
5431
31064
21214
13673
7742
13173
6707
4626
1224
1976
42838
49848
624
38108
1152
15393
49612
28283
34565
18608
41565
40105
23663
41789
18971
46836
17871
40771
5049
27838
5655
44439
27472
19476
23802
27109
19889
30046
33163
42728
46901
3653
39558
38874
27279
17898
15527
42549
14391
31234
41365
19423
1979
8964
46274
13792
36075
31062
25981
14273
7406
28070
4319
32769
5503
4922
31875
47911
46780
4600
18894
7699
19003
2266
12246
29482
40620
28282
751
23392
48786
9634
36528
19150
29037
19211
42293
13236
38498
40938
36233
18985
19965
33259
5872
5467
38411
35918
10691
12545
33193
24663
22473
7446
21009
46997
41119
515
26354
38004
29521
43213
41371
16781
22632
17508
44106
12119
24353
33628
41400
44823
4961
13057
24440
35265
45207
3949
37470
47509
27653
18280
4814
48208
11259
36587
22301
45742
20562
43790
14366
17811
14965
981
46239
24711
36191
13528
3502
47753
5509
46720
39923
27107
16496
38886
39645
12839
26971
49294
19397
44435
28321
17528
25193
49428
18966
10366
47057
2733
1091
11854
48510
17711
3557
26134
20087
9458
24495
49301
18427
14696
43654
38975
6091
33989
23457
14246
1860
8993
34133
17595
25390
24516
21075
26365
40944
32196
23769
15233
44284
42033
28147
34941
3828
7429
47333
27223
38896
32889
44237
1133
43466
12532
25656
29390
47602
11694
12514
47268
33313
10820
8866
42432
49185
35190
24959
30301
47357
29304
49070
43025
20991
46275
6530
11924
4874
45108
33199
6978
48817
42846
45129
25634
21776
46069
30519
31883
43338
21130
7195
11949
13651
26679
40456
36235
29769
13405
31137
2509
48967
22119
16560
35044
44934
10924
27945
10270
4479
7270
18575
48356
28404
18919
697
26560
16494
40154
10710
17148
32978
47157
31273
48240
37795
4890
26382
47043
48730
40091
25555
30554
40044
10737
27359
24028
2726
11274
32055
28831
10194
10921
1986
25522
15549
15713
4692
47235
24098
35627
20922
8156
36041
41832
26680
41687
41141
35752
25252
28973
3660
29575
25588
36332
1922
39677
4009
46246
30441
19459
11322
42393
31673
12652
22289
11174
46203
15186
25230
5379
13159
4968
29890
33629
26052
7354
39663
11262
27947
5886
12716
9433
39282
40940
45705
24415
7515
21126
48535
2334
8204
5606
7685
40051
18229
34312
31781
28172
42356
24226
18061
44667
19925
9531
22083
8140
23712
14792
47351
10429
31190
5057
25606
35052
41340
45269
49014
31409
25858
43399
1096
31696
38788
11507
5270
4260
47507
48110
37706
44325
18083
37252
44290
21465
13960
41176
10542
8243
31543
3492
33430
20627
18687
35941
42240
27859
16321
40490
7620
10863
18921
28851
26920
30978
44421
31667
26548
2864
48411
44306
40878
5690
40471
33997
21858
14663
23981
29020
35424
22779
25057
43087
32529
47783
37498
24283
39318
26962
3799
14276
24489
48843
49514
46930
34180
49988
908
8407
5152
11365
15257
36954
36851
13345
26171
30010
44396
42054
30042
21089
22775
23349
3198
48220
20451
8269
21190
5205
13885
32895
37436
40151
47134
43852
34634
21709
30260
18962
31120
35580
11980
7779
37059
27290
38165
41566
11818
7364
26785
2059
17921
38819
30107
7017
30016
36392
12089
34757
10201
8050
11405
42987
45762
18319
37612
8851
38202
11495
471
45422
8747
6094
37813
41425
17612
18475
33853
4844
8824
18003
46510
18262
46065
31059
2260
35510
23233
44160
1331
19754
35989
25740
42348
16979
12726
8731
47011
17527
3751
21261
44931
24482
44581
2500
47621
10669
45417
18945
23039
19819
31867
19182
20512
6730
2188
45942
49399
13111
4822
22225
35015
39722
853
38529
17006
49797
22407
19487
24909
40686
7724
21421
34403
25662
6443
43653
44343
15130
984
46487
19071
46628
38840
42344
32919
39463
32758
47769
20460
40467
36997
11795
15408
13829
15032
13045
48980
41501
42242
5068
29006
10424
1066
16653
8591
22715
23557
12696
14533
17190
8500
3015
37369
2398
27691
11441
18156
9677
25157
2294
3448
38582
40773
48991
7115
39346
42016
607
5832
30831
21235
45481
36120
39458
47111
3410
11245
47820
37894
3396
18815
48630
3966
40905
5393
22047
36227
36347
22771
1411
27387
45831
30105
37359
9470
49552
18038
46961
27032
26255
21220
23055
13100
15987
23173
48828
23146
31255
27679
21148
35289
34859
4579
33737
1423
24287
28757
16976
19602
10971
18176
46534
18758
32817
8320
43249
19825
25583
12559
36532
23733
6215
45891
34812
38600
49522
23227
34111
4635
38657
31641
34458
44452
42111
31221
38074
13073
3995
27141
43259
23176
29970
47054
20315
11519
42813
24952
36104
919
16835
4456
6037
27289
31355
38369
27269
17189
18732
43340
12330
41069
16955
49288
33878
40161
46112
26503
46734
35660
30155
21029
2120
81
41034
37114
16610
23518
20101
1061
35879
16459
33631
3156
7280
11536
7873
29774
22478
28484
46063
41115
33306
47714
24867
4788
3778
23694
13551
15365
46608
9280
40443
43115
46867
28691
49327
35166
894
38241
23503
6982
5960
22941
2384
40053
24662
11523
34972
12734
47815
14762
26871
1998
7476
2416
20156
15685
25026
20861
28616
35053
49455
38021
932
3453
107
44838
11491
30207
14337
21543
3499
41406
30283
31044
34048
49547
4956
37676
35445
49493
46911
2747
43107
31568
39694
15370
19583
17868
31782
16351
15017
16510
28900
34059
19222
18632
37006
4997
20692
10060
17721
21569
7435
29858
34516
32785
42409
37680
43011
35507
13361
20445
12205
38784
15952
9563
4850
44676
47725
35254
7319
33579
39893
44687
49938
33455
45627
38199
41743
7117
11247
25735
42397
31248
32773
49715
45579
21502
37210
41206
47977
9835
15849
22483
23059
32044
27224
42578
30723
38503
20495
24831
39817
35604
1015
36196
12098
17102
30927
16741
15808
10509
33017
8894
49113
48754
14952
3280
217
49661
12890
46310
49495
45746
44337
22814
14076
40489
16899
20031
686
11852
27991
27999
49722
34207
8494
25840
18087
34436
45941
9811
14908
47080
24487
34732
34237
43819
8960
34879
8768
34382
33818
41938
46793
6279
17079
35409
36988
24473
29132
48685
25655
22879
45545
3747
23947
47505
32798
17332
13142
18568
36202
33001
49118
28857
11437
37224
34122
48625
29491
10844
30133
27956
16291
27776
46010
11947
7164
9770
35735
42041
21996
26073
17175
9288
35334
49033
14140
37196
25445
33056
33283
26281
16556
9642
56
27159
24877
46621
33039
17773
18174
37610
34476
4878
22895
37911
13256
22357
17733
215
16185
24243
7545
25262
29321
17889
817
1521
5808
5993
10423
11347
36471
21450
39229
27590
5840
40380
26236
32877
42194
41697
38403
48785
15591
38437
19698
33710
46289
43886
40681
29818
13548
25065
49638
16540
4728
24274
37451
34494
18581
38860
39748
5267
34797
6853
15915
23976
28877
39414
3221
3163
3917
43979
6419
28094
20277
22445
10759
45553
6604
27770
19252
32556
10082
24459
33720
19938
41420
37880
3837
29031
43543
31226
44596
33494
45511
9388
18928
38392
32566
43599
31028
9772
43225
4627
1849
18170
10471
18986
5544
23587
31960
35712
8674
11928
22937
27879
4547
24890
6575
9586
35652
8601
46441
46635
42513
46360
39216
30140
26303
15862
23661
25870
17591
39042
47334
11600
7113
22999
38245
38709
21910
29508
21128
23404
11097
28411
43651
21780
46820
46169
44432
18199
37282
17547
7729
43404
34891
39394
18613
13246
44623
37740
16935
22387
37108
534
5098
23619
19491
15475
49709
30126
21548
49472
16544
23482
13679
15354
18074
750
40224
41798
14159
11496
3451
42772
17343
27257
41046
49675
28736
47988
28679
36103
7000
40481
6259
27495
24303
8020
8040
44150
39973
43038
16358
14760
36048
39660
34738
43275
37559
5736
22184
40765
42323
39975
12051
26221
19022
14763
37568
25658
45989
42745
46762
31043
15701
23385
45882
41728
45421
44301
8223
38990
11790
32863
41928
10382
2108
41703
5626
36782
34736
49682
26917
33768
3495
32324
6100
34841
25333
18598
1538
28845
15340
45983
32935
43526
20493
28022
27804
3148
9594
38888
7726
15213
22430
46489
15686
31877
26102
42946
16969
8985
28997
5751
27125
47065
20684
12480
36301
5561
49105
39718
2231
20414
41025
3714
8691
12987
28754
25894
9444
40477
17375
34880
2373
38966
47905
3265
13087
13048
14931
25980
34818
18077
26030
45636
38489
47440
14932
30506
20603
2755
33476
35389
45633
26889
48883
5734
6436
45290
10586
29040
6455
24128
44593
24326
25204
5303
48910
11988
5504
18150
7082
39790
12571
28093
35049
33504
22890
7590
3124
27094
1460
4160
24037
27828
3008
30684
43397
8261
28389
10657
12012
35602
47358
32031
2884
11603
27456
30337
12661
1713
38846
47496
45134
24130
47847
999
42243
31516
26700
5670
4639
2688
49333
19023
36854
49957
22103
45952
23448
30567
39167
45260
45245
20200
4451
18245
14987
28629
27805
3576
10566
31817
10091
17358
26278
5500
47786
17825
5981
25249
18230
