17
22
73
78
82
91
105
115
121
138
146
179
206
217
271
348
375
425
451
453
464
467
524
537
554
563
577
630
640
682
734
749
757
787
820
888
913
925
965
967
1065
1110
1111
1121
1181
1187
1211
1223
1240
1249
1324
1325
1336
1371
1374
1386
1419
1463
1464
1577
1583
1596
1601
1624
1642
1644
1654
1657
1673
1674
1681
1696
1783
1814
1816
1860
1866
1898
1916
1995
2026
2048
2060
2095
2110
2122
2128
2134
2140
2210
2237
2257
2263
2296
2315
2316
2373
2475
2510
2532
2621
2637
2695
2698
2704
2788
2814
2819
2855
2896
2911
2939
2961
2972
3015
3022
3060
3092
3164
3172
3174
3185
3206
3224
3236
3238
3266
3274
3326
3333
3405
3446
3534
3543
3590
3593
3683
3694
3729
3744
3770
3794
3853
3873
3876
3884
3918
3925
3947
3969
4008
4027
4118
4121
4148
4157
4177
4237
4278
4311
4322
4323
4338
4390
4422
4433
4436
4464
4476
4544
4644
4707
4711
4743
4747
4799
4813
4828
4860
4868
4904
4931
4934
4996
5035
5037
5081
5103
5115
5147
5150
5180
5181
5197
5230
5275
5286
5314
5317
5374
5401
5413
5452
5476
5488
5504
5560
5562
5565
5566
5576
5612
5616
5633
5641
5699
5786
5806
5814
5847
5880
5902
6024
6059
6075
6165
6166
6189
6202
6234
6276
6305
6308
6379
6399
6425
6447
6458
6477
6491
6523
6545
6584
6589
6644
6679
6687
6722
6747
6757
6770
6804
6836
6843
6848
6855
6861
6869
6876
6890
6900
6921
6937
6942
6966
6970
6990
7011
7012
7020
7064
7072
7076
7098
7108
7175
7185
7190
7231
7295
7298
7372
7400
7460
7476
7484
7523
7548
7568
7584
7682
7706
7796
7804
7890
7892
7934
7944
7947
8102
8104
8108
8114
8129
8136
8180
8214
8245
8290
8299
8306
8332
8359
8389
8448
8507
8547
8560
8597
8606
8633
8668
8688
8771
8779
8956
9001
9018
9032
9044
9065
9074
9094
9109
9114
9125
9126
9138
9216
9221
9255
9261
9269
9286
9342
9344
9346
9348
9374
9427
9431
9434
9443
9480
9498
9547
9548
9559
9573
9637
9693
9705
9777
9779
9841
9864
9876
9881
9887
9948
9999
10003
10040
10057
10075
10081
10102
10114
10147
10192
10233
10252
10254
10257
10258
10265
10281
10320
10361
10376
10383
10384
10403
10420
10429
10443
10448
10558
10595
10625
30511
40961
47252
19504
45460
14078
27676
28114
42091
24555
19070
11198
46819
27239
46630
43312
3068
41194
10959
1793
44995
37969
41488
42217
1219
44948
31705
963
19453
25174
23692
15091
34907
21550
26223
25449
5012
41
9659
44193
7465
48427
46877
4819
18529
14839
35677
41231
45131
12669
21452
26400
16111
28281
40134
7089
28770
45342
5189
26568
35353
35722
8418
18496
7877
34203
1354
43263
41208
48282
14013
21491
7882
25467
47294
19001
14294
31759
48344
20138
33834
35947
14601
20073
32310
17207
36193
6976
7905
35230
6
990
22603
18210
23159
35686
42112
28667
32544
271
34062
31882
9979
31467
4453
40348
37198
22373
20009
22279
36137
13759
44861
1530
35363
25034
25496
41333
47730
16045
2346
11286
31275
18635
34698
23340
31419
17850
14459
27705
20671
34307
4482
41939
55
18296
33777
49419
11511
44652
11936
17757
49248
33121
2742
46216
14930
5226
33303
8485
14697
8112
7616
48553
31057
26990
14688
42995
32908
44038
46798
42234
19558
39594
46405
15068
23070
6315
41024
40966
32642
16439
20102
9952
35486
49450
35616
13415
30663
20189
11443
17382
48073
30070
36863
3626
20673
35837
31999
31173
47122
3455
39809
10204
513
27204
4777
14127
38234
34050
16678
48676
49224
25274
303
4183
26695
1818
39632
560
18612
28458
2408
24919
35157
17325
31636
36570
803
49914
22897
19672
15565
17512
40187
32678
18198
8092
40392
48259
13677
22755
2087
33403
25415
42605
26500
10440
45849
2372
38907
42706
6502
1163
20019
16571
19384
10412
44544
37127
35862
15262
40342
22535
31035
19258
12651
30102
4604
24756
12287
28641
40704
42832
34630
4370
9763
28593
15910
29920
20645
18747
24223
32951
16416
9519
21940
46584
41198
2626
35337
10480
39998
6757
20580
19205
27097
19364
34262
14842
28112
8192
15356
14899
5386
41223
12448
22376
9240
19108
35259
22974
49357
28646
8148
31621
5647
1929
43177
1180
6886
15751
3662
40786
38007
13989
3235
47548
41143
49274
15895
20696
35111
16266
26730
17559
42743
16446
17415
44327
26219
41947
46293
41071
29433
43469
36539
23264
29989
6126
26266
28043
35575
23558
21284
20457
36626
5862
29005
45838
45532
9168
35360
10756
27750
17506
19977
36825
34600
39412
39661
15926
11884
32406
15529
43826
48404
22808
45320
29126
24097
36173
41990
35172
35824
2907
32141
30628
20660
4880
33822
11089
9827
38054
22726
4830
31007
44159
25478
36138
48012
23530
37129
7136
37424
25887
47397
46686
22729
39001
29814
27721
45709
13637
9016
6558
33580
18586
48370
46491
8121
13487
11713
30239
15584
19225
3845
18510
13814
41125
12504
29563
33276
12710
12161
34488
32706
38352
36832
36510
17320
20850
20845
7047
8844
16715
4211
46683
8843
9876
11221
15972
23719
26992
5384
2719
2538
16279
15593
27266
38407
28827
49328
3274
33081
2799
36385
7184
26833
38981
11471
21668
24019
9194
4976
27549
27328
49016
47940
16742
33677
44203
38996
539
43527
32943
31002
14383
4418
42602
17832
20468
1576
26957
41856
14172
24413
47936
6018
4679
49972
16974
701
35294
48994
45306
19734
12724
17779
13727
24742
34651
11288
36426
37549
25203
42181
48745
42428
16732
36408
25440
25921
45213
43484
16306
13492
20545
35967
44539
23656
24694
36170
29269
33503
26995
23519
5576
36092
7897
6296
29714
44837
10505
144
3074
29220
11985
19998
29076
13075
40908
40256
23653
4372
12877
49538
36112
28890
10612
48885
6369
40213
33233
16900
29345
31887
425
41802
4109
30874
33032
48414
6469
38001
4376
38186
23123
17421
16402
33396
7211
27743
45980
18503
47675
5238
24033
42158
39928
13901
38016
38594
46088
21805
46813
37333
22170
24777
9858
35860
5603
35765
25038
29079
27966
41930
9916
20547
13163
49781
25626
46983
12188
10842
16415
29150
29249
18092
33632
42132
18164
29448
20563
30751
47956
26263
8010
33564
48973
11194
12847
33730
3673
22397
25276
40480
4431
27696
41401
8736
28872
35853
11241
2816
19373
48531
32587
45335
19981
17598
13250
35311
2062
39478
24016
42147
28705
544
15380
17329
30878
15160
34529
18756
8438
19241
26001
27186
22287
16318
31428
33550
9001
32387
42014
46450
5165
27081
27399
17834
12519
8341
12472
40941
13290
17347
11650
45238
24772
22104
16498
22228
24533
47152
14199
40918
358
586
11380
1838
38889
26956
39854
48721
34393
6236
31532
33234
45990
23102
9518
32470
800
31721
32028
43059
48831
32723
3520
24911
39096
22510
37613
40385
19944
17859
33042
27498
7664
44540
23537
36524
3012
44574
8411
38655
43162
37686
1812
40017
10474
46530
27764
38801
30672
22676
34466
34023
17689
48733
18101
35387
49730
49069
23414
20703
28994
30665
33649
7178
39426
37128
10018
28517
28164
48364
24699
24780
44480
18225
3101
7797
25822
36651
17206
22310
10588
31546
1285
49756
26299
37353
46261
19359
37277
40968
16644
17308
34396
29943
42687
27597
49666
37820
9172
39646
38623
43361
33987
6956
19473
17682
13130
2784
37511
4257
18489
9404
13585
17851
22045
46759
30849
13362
35104
33854
31926
21487
10433
31469
7217
2393
48608
47500
36516
2846
39528
48090
3610
8750
14640
46589
34398
33535
24218
11545
48764
45489
12940
29417
2470
16057
14435
1852
30453
21663
646
44121
29948
7449
10240
4113
27470
42489
34181
29503
3488
21139
34377
9917
29198
30786
32291
42803
48300
32299
31997
15576
4647
36849
6802
33108
3856
463
30700
15847
44512
33881
14739
48922
32791
4378
10398
6323
2126
48545
13177
39655
13812
33107
25064
47594
37111
20737
23588
13985
1981
21513
1850
28934
6210
27746
32181
5166
1693
16249
24467
38457
43127
15560
6634
19901
33531
39943
7974
39580
1788
37373
3454
12044
35168
35841
24496
13831
5724
21090
41512
31074
48366
28748
26523
24655
14946
39492
28497
26855
16441
47800
37952
1107
48800
3321
20656
6414
45855
28307
20959
6738
35880
7696
6946
42394
26305
15310
33587
31821
42472
11455
11415
10700
29678
6227
6963
20125
33445
19655
46633
36657
25628
40236
4012
15896
4116
10289
18364
11193
8366
44584
15654
10057
16349
19428
4748
6081
288
4491
12990
49342
46501
5248
9757
2993
10683
14296
32991
18360
23158
40115
29645
36025
46315
47195
35350
3558
9403
19392
20797
19213
18419
30405
45341
3760
42043
44491
5871
18464
8518
41174
26449
9446
1798
32047
25398
42993
27948
8713
2476
7008
24670
9038
37848
15054
45588
35955
38439
13341
1705
24437
11992
43692
15981
41604
17693
8166
6341
30940
4090
18084
29625
17419
5818
1542
13640
2875
9093
18652
41080
21039
24165
24623
11921
16290
8025
43314
45795
37545
39951
34449
37947
28422
37932
25296
48323
28664
25195
34219
15189
11382
3161
37464
48014
15929
37578
43154
8459
27001
16099
9798
44658
35958
24865
38556
17212
30787
42480
46291
1267
32071
11003
21208
42600
11171
22006
23441
19695
34079
6884
2744
48015
37255
44427
42542
4138
42928
16690
18573
44075
12958
15621
13321
40133
45550
4634
44797
12462
5554
13447
9991
20996
35320
1787
23388
14620
7868
39520
26734
33977
4293
18287
15717
40177
42062
1971
20754
37745
48
19440
16312
23188
42468
35107
48232
39222
47808
18269
10582
42180
44885
31743
35734
24977
18886
9900
25263
9354
3476
33350
42848
5531
20805
14270
30765
45428
45926
14327
27253
9580
6069
31823
27121
30023
7858
32916
23347
36169
12784
30377
37766
28095
38219
44195
33083
1077
26321
25086
18162
4023
27477
11731
41767
14175
10217
21701
2136
21403
38765
32482
18753
12860
4425
23636
42648
20005
13232
39499
44783
16761
49256
35857
40488
30905
46879
28933
31045
12748
1753
12140
2938
46837
21348
27185
3325
15649
6704
36125
49684
40832
2791
19806
21063
33293
15820
33771
25671
5343
8990
31623
38038
38535
36616
29706
48388
29354
19963
9740
29298
48093
41321
32057
27825
31231
1527
22441
2121
46642
30391
17487
20077
47016
23453
30669
2076
34071
41991
17582
30778
21442
22845
48102
41104
29090
36185
37626
47584
18149
40917
42986
28734
31361
1800
2957
411
45692
3254
39062
20551
43702
31803
17339
44670
36382
8055
31377
19217
24978
26837
2191
8776
11746
15944
24535
1438
34669
30740
42144
2349
41407
27201
22988
23559
13418
37008
28689
40965
34960
6026
44905
15230
41933
21205
5219
2641
24980
25591
14423
36502
23074
2202
33310
10940
20286
1677
18138
33932
10944
23905
29779
2589
30974
19918
27521
7068
43019
15277
28403
7209
27076
48951
5131
4154
9577
16041
28443
37572
24429
44730
27325
23944
35597
21076
43179
11666
13438
39687
14180
25312
27580
47171
90
42120
38129
43441
41894
5901
14285
46284
26187
29531
30690
37972
15146
36245
13154
14308
47123
10409
44256
6799
20793
39610
26864
45748
22874
42020
18204
41890
3848
724
31677
25939
27131
19899
48146
26274
14496
30352
20859
26629
1792
47698
25528
8682
27863
32570
7890
28545
40244
43715
25148
34981
9067
30108
22931
45021
44918
13059
43665
42988
20633
16372
43513
11202
38592
2988
19932
37403
20838
19204
4902
35771
12156
3402
957
10660
36658
36727
16221
38060
4703
38883
6917
35405
47885
37502
44277
8234
48251
4493
42854
28301
12398
20426
24771
15982
21591
15477
41236
18466
9556
25018
5847
45200
23442
26058
46389
21656
36307
13424
30144
34729
28345
24254
49560
48222
7653
975
34653
34971
26287
35031
35267
21262
35126
42601
7037
25646
16593
6467
22570
23632
3339
49049
26757
2869
43822
11030
26651
23673
13879
30045
43545
2975
36293
40398
12058
33448
35740
48522
26414
22563
3508
9803
12782
820
26396
14675
46728
46235
46564
30254
9597
4583
47565
20533
20572
41295
4426
17767
21399
49053
15369
13837
13621
47010
20941
6499
9333
48651
48712
26215
6156
7878
40706
25379
18242
16867
44776
3608
11705
2436
649
31333
36349
17086
32711
48244
16757
36581
14174
29541
27309
12790
25543
28927
44177
6019
14304
23775
8182
26663
25172
7151
20048
17117
4841
24457
16691
26425
18727
15184
37278
40994
31454
16202
23041
43658
32151
9290
30680
