16
21
38
56
57
59
98
112
129
139
162
178
191
205
219
257
272
277
330
352
400
496
507
518
569
576
586
671
682
706
760
766
808
810
834
838
840
862
908
914
1000
1038
1090
1098
1134
1152
1181
1191
1208
1310
1313
1322
1391
1423
1433
1488
1573
1619
1634
1660
1715
1749
1753
1829
1832
1861
1957
1958
1970
1976
1996
2007
2054
2070
2135
2168
2191
2197
2237
2239
2258
2283
2323
2342
2345
2358
2391
2497
2550
2577
2625
2680
2748
2788
2797
2819
2838
2895
2899
2904
2920
2942
2970
2986
2992
3019
3036
3064
3090
3095
3114
3119
3129
3158
3178
3181
3240
3273
3284
3311
3325
3338
3350
3410
3411
3426
3436
3475
3487
3505
3555
3565
3611
3648
3675
3678
3737
3747
3752
3759
3763
3789
3810
3812
3815
3849
3931
3934
3961
3967
3986
4004
4006
4030
4104
4105
4184
4281
4294
4349
4373
4410
4437
4476
4489
4497
4583
4605
4633
4649
4735
4779
4815
4817
4835
4838
4896
4977
5015
5017
5068
5080
5085
5091
5109
5121
5158
5184
5188
5201
5209
5247
5291
5295
5308
5314
5322
5373
5380
5446
5451
5469
5512
5530
5535
5536
5541
5563
5586
5595
5624
5672
5736
5740
5747
5759
5867
5933
5937
5941
5948
5954
5963
5964
5982
5990
6005
6016
6018
6049
6072
6098
6103
6130
6144
6158
6193
6228
6267
6309
6342
6353
6379
6389
6397
6398
6400
6430
6447
6460
6530
6535
6621
6625
6626
6636
6693
6709
6736
6747
6767
6776
6778
6803
6820
6828
6854
6885
6921
6968
6979
7004
7094
7101
7115
7147
7191
7282
7283
7288
7300
7310
7328
7347
7361
7366
7368
7387
7402
7423
7427
7430
7455
7473
7493
7494
7541
7561
7646
7729
7750
7797
7826
7849
7851
7864
7960
7963
7984
7994
7998
8023
8054
8064
8098
8134
8141
8148
8150
8164
8170
8211
8218
8228
8239
8241
8293
8304
8307
8311
8361
8389
8391
8398
8402
8420
8462
8472
8483
8563
8604
8629
8639
8709
8720
8728
8748
8773
8781
8797
8845
8891
8892
8977
8978
9001
9056
9138
9173
9179
9186
9208
9231
9283
9290
9313
9356
9387
9445
9470
9486
9492
9507
9519
9538
9578
9584
9600
9620
9623
9643
9669
9732
9734
9754
9785
9799
9804
9822
9829
9850
9887
9901
9903
9934
9966
9974
10006
10050
10059
32258
33390
18932
47377
14238
24255
42294
1240
36483
761
33181
29149
38958
28005
11427
24024
6121
26578
22111
6495
2587
21020
45613
10882
26082
26986
35644
15783
22055
14593
27488
44751
6819
4856
39735
16549
47701
26729
16320
21984
26294
19783
37505
15286
27268
30135
44671
32099
28975
45602
6639
41170
6869
10630
46213
17244
18228
10450
2841
37081
27989
33742
42958
16755
37830
37253
37979
5951
14716
3467
45040
44080
16037
227
34376
23015
48263
5816
5157
23357
1946
22552
19667
39566
11817
44936
26375
8090
22658
35188
10000
43641
46859
22265
16598
4517
40172
25619
1293
3483
45565
43609
46953
44589
47706
22037
43646
33085
42410
4385
49435
40003
5769
2825
34108
28784
10022
5243
39437
24003
45768
46693
8920
20554
25614
38420
10325
45322
25007
21153
19866
25135
20774
34385
49847
17461
236
21558
30693
11515
28873
45001
30782
16087
38590
17128
2656
24595
9889
44102
36129
33440
14501
6122
39622
38691
2306
6366
40475
28615
41471
46547
5822
10054
43098
28344
29794
11664
22314
4764
15069
39912
17106
27716
47279
24515
23425
7587
30119
19565
5683
39652
4265
5052
11698
47208
617
40250
10122
7255
13534
34163
32486
16278
10446
20616
34068
27009
29522
14249
2227
16400
10910
33164
42834
39825
40283
44524
38278
38223
47633
14502
33351
9054
45736
43145
32462
23213
43413
19862
25438
31352
39560
36021
9252
17309
13768
34176
2582
39404
22070
7673
33615
36879
21142
28434
21848
27802
42637
48655
19628
49587
35366
42031
44272
2511
44674
18160
40258
19983
13264
160
41837
41489
30182
46649
40655
33122
33951
41627
364
41217
25363
33866
32749
5841
27319
6701
36991
42287
31311
2994
26059
10079
27809
20781
36618
39118
4578
33838
21141
7709
1476
6161
25652
13922
45317
8035
41230
23662
17694
49503
38929
22041
34063
48036
18879
28163
28804
5460
37440
23607
35344
1599
4423
506
43518
41153
42697
10714
25689
44997
36258
5236
13040
42498
17586
47745
29967
97
43006
12964
38167
18698
35668
38637
44598
15574
10476
36774
29801
43457
20510
2052
27700
11336
18683
11132
4084
11037
27769
35145
32771
396
37989
4664
15423
17268
15756
28193
8346
11890
31988
29765
22306
41849
282
3183
34909
4496
27019
311
44520
3230
22269
14904
24680
16197
47836
45475
13323
19867
30006
19382
19668
6453
75
30943
25050
24338
10693
10292
39340
41063
8576
19063
9561
22833
3444
30049
16956
49469
26637
20313
18961
28622
29828
31011
13311
7597
14643
26787
7707
42392
16986
45923
37027
40046
24566
23833
35753
32886
45535
16962
47900
21003
10826
40615
10229
7130
26843
38463
23220
28861
40173
3620
35070
24381
29716
38878
2046
22088
15740
27382
23164
44341
23711
10576
9209
11804
28347
43232
30582
5070
33188
9658
7579
15261
16882
13755
28798
42669
43480
48465
25405
44235
48185
10453
6120
30039
31322
14890
27130
30495
10977
11470
37365
21151
7738
8570
5149
16490
38157
44425
24539
19616
34618
22217
20595
38643
29675
37145
30747
10403
4944
22054
28790
26741
34802
23703
12977
16412
4444
25961
8825
16929
19454
35174
38935
43710
49643
26789
27829
23897
17457
17755
34194
15883
31152
39828
37792
3064
42237
9335
41061
25558
25700
29952
20463
43132
3899
45675
32367
13277
9263
41896
1689
6678
31241
26994
17334
45977
42899
49040
41463
17609
41857
35910
47532
32305
12080
45434
30165
26344
3934
34453
21245
40296
14381
37779
4200
17553
49438
28096
29299
34890
31945
43728
24240
19046
17750
34906
33745
21653
36455
35688
24041
42715
43235
43290
11421
37412
37007
13488
26740
6420
27251
977
14339
37012
34145
22762
18555
25071
20874
48075
40815
37153
12648
28688
27371
30879
4332
23428
9043
44433
43394
34445
48995
34813
33426
47060
20245
39749
31100
5939
42437
14805
1029
13994
35945
25685
38487
43988
31473
24137
28539
36593
20222
3025
21808
32418
21498
2545
49702
25697
42007
17781
10100
47495
40092
48322
36058
35399
32202
20327
16017
41192
4
15389
4803
12047
25069
43164
31783
19570
43825
32994
19341
44
17539
32402
6831
37826
41520
19539
29545
25799
23752
9318
36611
9965
24010
41984
2568
17901
6349
42684
45202
6928
7378
15299
37043
7912
27625
43020
43804
43178
593
17091
48564
9080
42402
19484
40573
6673
13877
13839
1153
16723
12210
29494
8124
2466
30738
35705
31113
37590
3601
5433
10363
18247
4464
8735
7607
1095
32624
19202
49136
13099
34043
37257
32311
38491
25105
1394
2600
7723
18458
37630
34673
1380
21206
26746
10153
47670
24294
1724
47642
23151
18744
32979
6383
26712
6670
32474
26115
11663
43417
43908
21893
14662
44754
3779
29809
7379
6241
49616
40201
26168
10074
13098
30439
19405
38658
48584
35799
41563
11822
17970
6371
13952
4648
13166
44269
8622
24762
2204
9534
6899
12755
1820
19399
20994
1448
37916
41291
5722
1681
31079
17135
8693
21627
14445
26404
29188
37296
15394
38610
13858
25377
3103
6661
12875
38630
4172
22553
30227
28027
5666
16272
19485
11972
23709
14512
7735
848
20056
30281
30374
23477
22303
7540
19526
13940
41963
47588
9578
1736
44499
14740
24665
12348
23263
6130
41690
1356
10491
10188
41017
19710
41254
40185
16985
48640
13301
31523
312
32941
6141
30344
30865
13144
3386
40034
12276
30716
18859
49230
16083
19265
15451
5102
13505
21871
6074
15966
28585
12170
35939
547
23313
10912
35863
32252
22533
1006
9774
40808
8973
37320
41445
46099
14549
11708
15670
15891
6683
10771
11686
13010
38262
10479
7284
36298
18927
41586
47113
43893
28844
33321
45084
47470
34533
37460
24512
28840
25162
25915
1901
39996
38514
46233
14717
36500
20273
14722
34164
8625
20661
41859
13766
24224
10839
12766
31765
42877
49629
12946
48086
29875
20366
38542
44109
15100
14844
26491
33974
36085
2328
47162
47686
42916
12027
20858
20244
21384
43369
8757
11134
42081
3452
47926
29410
49286
41723
20680
16082
10145
41666
46140
49562
6233
18776
10039
14055
99
35037
49769
25117
42425
32913
43205
2862
49999
42424
30999
29905
33230
12158
20783
43297
14336
27656
40472
48078
38260
31951
5714
325
12622
21293
12167
29309
42793
42734
893
10819
15462
714
9884
29808
31776
30313
49232
10627
45584
44281
212
38562
14379
43280
21398
9266
36331
17275
31969
22818
39373
15557
11955
13088
40582
27272
44185
9878
45968
44034
24200
35076
38261
11407
1578
28535
36046
26090
15601
15461
30553
41368
38192
44466
47314
38271
24965
23923
13526
11585
690
14721
19457
29068
11196
35357
47290
46827
31268
38725
16012
27506
24873
46858
40279
5211
28220
14912
12470
37494
4505
39911
14378
7358
2828
42060
21624
18639
5567
20444
5392
39948
44472
21795
39936
36732
12592
39902
41133
12127
24385
10569
11966
9942
21088
32189
9127
12628
47542
10090
18471
4607
45628
32623
39040
45068
20475
41091
14713
49269
14182
36595
12849
49486
18885
35004
33237
44134
35406
43585
39737
17662
41279
22816
12643
46748
7371
3072
38204
30992
8389
28552
13217
49913
21829
5282
12594
1304
18377
31925
20896
29230
23142
25857
14240
22938
4553
17126
45030
35810
6375
2851
35106
7289
42053
44019
1747
32159
37235
15528
46330
3399
1604
44613
20844
9932
31587
1494
22227
22675
22089
36591
24863
26646
33285
1571
45642
42753
22516
24986
2101
47026
34066
8607
2185
2588
44474
6031
3840
29959
8135
22292
32827
17255
15748
43948
11702
26180
14546
19018
16471
34118
48128
9439
5663
14247
10747
42673
43240
28957
48269
38919
18583
38266
48293
21094
25245
23311
15632
17924
12920
31747
20453
34832
11579
9309
7448
44966
18696
38084
6820
11546
4492
14507
18062
6959
32601
32161
3808
13317
815
15702
49348
45972
13555
34064
39279
19095
25459
18480
18311
24375
14145
23232
21112
48917
45268
45425
40118
42276
24540
22175
936
27354
47453
1660
40090
6915
45988
25314
24217
12881
14300
15867
36040
134
34278
9898
9894
42927
16256
2584
23812
49354
25209
48667
23391
6871
13615
1611
28018
18223
12814
42761
49096
44686
21280
14455
1064
4250
32366
36490
4625
6736
41322
22261
4949
29761
3273
16990
41296
45118
29777
20933
1079
24528
38174
34336
9480
33599
12025
33261
12340
42260
26636
37461
22421
28024
354
12071
23564
14978
30218
49886
39349
22790
4500
14448
40936
29029
39905
20440
37213
4100
35207
35694
46173
20643
32737
29536
30154
48820
45599
841
32502
37981
29633
35914
27215
15273
24725
2752
8216
44876
45487
40076
10652
30009
48141
37938
36938
38799
22710
45856
19760
35021
17843
31300
41262
8571
25582
23396
3678
6020
32584
19181
21971
33598
14518
43061
49085
25731
20796
34347
44835
48574
20840
18654
13722
33271
14470
39402
39484
11920
8181
16576
36975
32492
24774
41215
16066
35404
2455
25278
24336
46268
42113
19810
8480
44158
37468
48182
45316
11683
8995
42707
46060
22212
26915
16286
9508
39422
23300
1251
36663
41748
14288
10314
20494
8869
46610
44359
46332
4769
23933
35866
29571
12575
4021
19574
34596
20549
44870
31329
16158
22586
34429
23648
42935
45466
36641
30804
834
41092
33724
41525
11395
36181
4739
27089
6786
26456
47779
46359
20376
43102
34629
34690
48898
15655
44889
275
29203
23601
35990
13895
29932
26930
3062
26899
49871
32294
9646
42282
3659
23921
20856
33832
19745
18345
12384
3990
6429
49494
42318
35051
21178
27402
38858
28192
34301
11543
32665
25852
43274
24616
47277
6908
30445
24329
41869
38028
32453
19865
16679
25621
6456
6814
32458
38282
30821
42130
22564
42119
42292
43015
15496
24450
45370
31534
44004
47824
37743
41739
15425
482
14061
29999
19564
35805
47639
47390
17474
3937
34993
40386
12982
24043
49539
4185
34720
45105
12914
40431
43853
23277
34830
22998
47519
26405
94
39524
39275
19351
1377
7988
39489
31288
28958
13462
3954
49075
13973
27132
16989
25842
21270
40358
23198
29330
2569
27284
10251
5947
13366
40311
8201
49977
20988
26526
35827
6064
1389
47040
24462
16981
11782
6347
41888
26368
24220
28081
