35
37
89
110
130
173
198
228
286
287
313
365
372
373
408
411
424
510
525
558
607
654
695
708
716
717
775
809
819
844
880
902
943
944
966
969
974
983
1026
1128
1137
1194
1223
1228
1247
1284
1288
1289
1300
1381
1404
1413
1417
1425
1436
1484
1487
1491
1550
1564
1586
1588
1634
1697
1828
1835
1882
1889
1981
2023
2064
2086
2169
2170
2177
2222
2262
2266
2337
2338
2370
2384
2422
2453
2455
2461
2490
2509
2522
2532
2551
2555
2556
2651
2652
2683
2690
2697
2741
2750
2782
2783
2787
2798
2812
2832
2849
2876
2890
2898
2922
2959
2972
2999
3006
3018
3020
3032
3038
3067
3095
3101
3105
3123
3159
3209
3214
3216
3232
3297
3365
3367
3381
3405
3427
3446
3507
3517
3535
3544
3558
3675
3717
3718
3720
3728
3731
3738
3756
3791
3809
3860
3868
3870
3882
3900
3902
3913
3933
3949
3958
3967
3980
4026
4039
4081
4112
4122
4157
4167
4234
4271
4281
4293
4299
4304
4330
4338
4349
4368
4381
4384
4403
4412
4429
4431
4462
4463
4486
4527
4545
4547
4570
4582
4588
4627
4652
4662
4688
4693
4731
4753
4777
4796
4803
4804
4829
4836
4838
4850
4851
4877
4936
4955
4991
5028
5091
5114
5138
5168
5172
5189
5191
5195
5243
5250
5279
5292
5297
5301
5315
5369
5370
5425
5429
5484
5493
5528
5530
5563
5595
5601
5666
5735
5781
5782
5783
5800
5805
5832
5842
5853
5862
5864
5953
5977
5984
6057
6092
6119
6124
6137
6212
6213
6223
6287
6312
6387
6474
6475
6483
6488
6500
6512
6545
6593
6604
6651
6690
6694
6698
6699
6768
6778
6782
6791
6808
6870
6883
6934
6936
6942
6967
6989
7142
7196
7211
7254
7282
7300
7301
7304
7328
7363
7457
7464
7484
7513
7526
7533
7661
7664
7670
7766
7776
7804
7806
7815
7858
7879
7925
7940
7945
7963
8001
8011
8013
8014
8083
8111
8122
8135
8140
8160
8188
8234
8255
8274
8308
8314
8353
8364
8369
8443
8457
8479
8480
8498
8518
8519
8521
8534
8554
8587
8601
8637
8663
8679
8680
8710
8745
8781
8782
8790
8819
8837
8934
8947
8987
8988
9037
9056
9078
9081
9082
9102
9127
9153
9164
9169
9170
9213
9216
9229
9247
9275
9296
9298
9363
9400
9410
9428
9531
9533
9537
9538
9570
9687
9738
9756
30930
43184
25243
20262
5587
3701
12270
30141
27267
21272
30635
31098
7805
38044
1709
15466
18953
25082
42878
3903
11240
5082
44630
41851
9123
33416
2189
22249
45156
25789
7095
30205
5362
20217
43220
18451
29544
47381
43253
19884
24212
28515
16253
23171
3574
35028
21043
2949
47446
40516
9718
47326
38633
47862
14056
27137
5432
48908
33573
33336
13110
30695
12915
22194
42320
26341
38479
7810
9874
40194
3184
28627
35
34259
18211
42784
557
5441
27042
8199
24420
7970
38782
38900
45339
19329
11689
911
18291
49349
37674
32411
42869
17084
34766
11022
44830
5549
12910
19104
5414
2804
28267
48958
37712
9435
22258
34558
6142
29289
47375
35835
40945
8515
44906
49723
22040
46770
21248
24795
927
37648
43944
6570
12820
33146
4683
39914
13860
37870
18893
49219
9859
30084
7002
37944
38478
6399
42754
25571
7444
9289
48859
30408
10589
28354
48252
34121
12944
22142
1227
46873
9799
2365
1211
10955
27278
36464
23446
5814
42179
25748
43963
47106
2885
25275
18018
1477
16763
233
48492
11208
23113
8577
42867
23371
42105
37103
20393
45297
19894
22904
45288
47754
7360
16456
33983
38466
25581
38718
34460
45525
23099
41235
40275
42644
43483
24447
21232
45085
48174
45242
23972
33451
7965
49891
5843
18381
42759
9945
5640
34459
48424
33647
2598
33711
1629
23056
29053
604
10020
24642
2350
5775
7700
47981
48844
26258
439
26361
16182
48979
14312
12430
34745
14520
33360
43610
28487
44799
39080
19639
30643
4490
22924
21074
46843
24690
24387
27286
48108
25190
8200
34313
16529
11734
21310
34168
35354
10686
28619
23610
16186
18390
23667
38533
15831
41068
32107
23485
33831
48289
19529
46108
34711
15622
42543
974
1381
26060
10151
25838
38519
14597
37034
44721
41609
34017
26505
12409
9801
21743
129
45143
5883
843
42205
36228
3382
14329
35725
48587
18231
40802
45604
33315
35782
41613
7434
4239
45927
34715
48560
33058
5163
33750
29729
47473
21782
19677
41756
695
49734
34123
29599
48476
2145
4322
8098
20086
27537
7344
26632
24021
40639
4030
15884
32256
48778
34109
48777
16075
34998
17174
28428
18214
48856
28360
4941
32090
15435
44298
32309
31207
13549
26311
18697
34190
47925
31888
34780
17224
48891
27338
12836
14509
39271
29280
5684
40526
39104
12234
42649
6373
33975
7490
9449
35417
48059
46576
26269
22084
33235
26607
47337
37182
40197
2946
3741
25242
757
39664
40768
9714
22329
3940
35763
27934
20532
40504
38828
4163
12808
32267
9430
19630
39392
9390
5346
45004
1831
18525
36531
7243
25853
8898
20328
33683
13194
49067
28133
13084
30564
34318
48246
34855
29620
3295
11633
9069
11073
37328
33764
42309
44175
43279
12052
38217
31976
34321
17568
24557
13578
23899
15452
5093
10675
25110
41457
5174
30331
11251
40525
47093
49869
40346
30652
42630
28305
1424
2662
15379
15689
48147
1668
6013
26507
40104
7588
1871
21761
44143
22939
10275
32403
16160
25891
40861
12149
48187
12634
43659
36750
3214
33857
12809
33923
20205
31726
2652
6663
9767
8062
26416
4018
21874
9910
22326
49092
30383
4096
6923
9119
36201
43754
43504
4079
22146
28138
14456
48295
32905
18273
26571
2962
26322
48978
49660
32401
24507
35750
40654
33368
23830
30355
22769
25605
7445
48009
3852
44719
9895
16235
33000
5249
49498
12178
26493
35798
4080
37532
28212
44864
21564
28014
38823
26376
42148
9759
11372
16497
15352
49994
17352
15946
19982
3332
9751
42241
40401
45763
14486
22641
4411
9385
3674
40648
28512
29704
48852
22383
20188
29232
14948
32971
7528
33819
28300
29307
47599
26918
45800
34664
3713
24101
47676
43951
38963
5659
15594
6374
8655
5557
36836
25531
279
22129
35731
13225
24755
4027
2142
15992
39584
4504
38307
7520
17486
30324
21387
49339
36363
28625
8774
37102
2027
24051
16866
14652
10470
40652
48024
44940
49490
41818
26724
19633
23776
16634
41636
30497
36506
415
35373
35196
46474
39959
12078
20105
47404
18614
38321
8118
26018
9312
29274
38980
27147
28828
30710
24644
27434
33243
24257
6543
18979
1560
23796
8383
18737
26421
47799
20039
12817
33732
1296
1913
47320
38518
42235
39477
24094
9499
46148
22690
13707
27315
18677
39519
32369
40418
44017
40872
4060
16346
24622
26007
42226
13086
30052
39574
4295
17976
13850
32659
8797
2427
18358
21466
4653
25462
22796
43992
41677
29246
33011
4655
783
23106
49004
21798
3909
33558
3292
18951
41266
17983
30829
46593
11812
983
44145
17514
38670
2156
24887
44970
48355
19634
10607
18940
23808
32870
7772
48350
12252
20763
42083
37279
15288
5216
12499
16579
32056
18009
14528
40319
8806
35570
6090
29653
12507
48291
30929
43740
27944
29151
29367
49441
49050
6190
46192
16420
41651
7256
39480
34964
29513
26722
25920
43998
11802
9800
5657
28320
37747
11060
20523
36148
34002
45264
27571
23507
47061
7179
37945
2277
30233
5521
45358
47068
24721
14689
23797
11416
22304
19371
29980
36395
31855
17328
40460
7530
9934
9384
44680
29219
7464
45423
8453
22178
14708
24229
34201
40159
32002
9401
25352
24534
1454
37325
40334
1319
39286
32432
20852
41238
26391
20566
8638
27179
28456
3304
822
37976
24333
11989
7631
1522
21723
5589
42026
8969
23224
21647
14190
34012
29666
16721
22257
37561
26546
39995
19493
41146
18599
34019
49556
38387
45102
17071
21639
47912
24681
3607
39793
12344
44668
28408
37783
18406
2258
5494
20424
44662
33510
1701
25609
30709
35554
8272
46910
15707
24943
41490
35343
44743
47581
650
23978
12659
29623
3335
48130
22609
28223
28919
18694
34601
22724
10297
24939
3582
38098
7423
14666
11018
23836
189
49303
165
17183
41806
33950
47042
45412
14124
43542
11440
9813
18298
13915
13594
43700
2861
35626
21777
17762
9522
12393
43378
32363
7537
13489
9525
7168
27324
37178
2248
41774
4269
12029
14213
3880
26137
31837
7409
33516
6761
10266
24300
43277
14460
6553
38051
7883
26296
5972
6629
44167
13206
39447
20831
33919
15554
46394
38053
28865
9493
46945
16213
5327
22951
42204
33148
6188
10115
22645
18100
48100
19237
39553
20256
44580
34831
40287
3549
20537
34101
10548
7660
25288
11721
10513
37841
20458
3721
392
15866
18012
25023
1473
10343
17866
37191
10124
1278
1589
24104
41900
15087
41040
19554
5530
29348
30271
11762
29881
9292
26164
47916
8569
39926
40482
14390
39628
46513
5928
43451
2773
33781
20169
15542
34828
3329
5477
3011
20097
13324
48419
30295
6973
33202
17101
33160
40150
18861
38970
36357
32703
46625
31029
4165
40113
38185
39957
38335
11979
24720
44637
46632
28400
6904
24252
44303
48145
22271
6440
21439
42298
11431
5516
2453
30415
24881
3938
5580
22693
25236
48239
13522
20349
30116
24144
49006
38433
33728
5864
46603
30904
5623
26286
6503
45314
49856
27211
44299
12936
23377
35529
21533
4816
417
40320
16292
116
5323
44715
12777
3548
5050
13966
46586
30426
20723
13090
49276
39083
5738
5566
16460
35132
2574
33999
7907
7053
49340
9687
17490
7093
31654
15863
39153
24341
39230
37063
41234
17093
38977
32316
7865
8524
48136
33421
33076
16785
16704
38029
37493
39815
10159
43479
35546
11237
21144
36925
36314
12740
5010
39380
5481
37068
35858
45081
9566
18808
21143
25477
4176
33128
16230
11554
39531
31715
18299
4420
37718
36482
3092
13660
35859
13174
37371
28699
32775
35391
43076
12345
31435
34547
39606
7826
14534
25187
4599
35430
4240
33087
47332
41842
13069
35456
7462
20924
7174
28636
33502
29772
32718
22608
27128
34758
19294
35700
14341
25808
2401
21760
10516
22973
41121
20997
332
45457
34173
4097
28570
29293
43324
44500
46992
17525
32341
9533
40476
26000
45259
17221
37672
28363
1216
48520
47418
36312
17453
38083
15500
3347
44484
12030
20969
11879
1507
20539
2413
31693
17456
30769
30069
1954
46553
46949
3665
1249
10867
17862
38011
30240
47966
25460
12660
3842
41606
16903
5470
49373
8858
27768
13420
19828
10764
32218
38898
46380
1524
14806
35665
15887
5033
32070
19974
37377
19573
42010
12509
45344
48105
23194
46782
25644
34040
11304
25807
18710
27440
11014
12469
33052
9657
47560
47271
38547
42722
14945
16487
35381
44494
41971
26744
3049
43775
10499
16002
42755
7788
16219
21000
16567
46756
28208
3180
37039
31459
39723
34036
40851
31648
13880
1601
23847
2420
47329
10526
11643
16380
17257
34018
42563
21732
32508
15465
2848
2355
20910
14309
10812
37673
8258
44476
18782
9004
28402
36068
17115
37872
38224
32479
37931
28302
36615
9314
44165
7663
9542
10847
34500
26922
37250
29060
18200
9611
42379
7612
2513
44307
4765
2718
37276
31284
40420
41557
25037
42231
27813
4368
35796
39725
47401
11054
48209
46740
27438
10574
6054
25420
12802
27760
12807
24395
39486
49525
16448
27940
43564
48470
28791
49761
44294
40928
35326
6947
6008
18906
32144
22308
11661
29160
36858
5954
18436
2675
36621
45615
38551
12226
28467
38208
37879
27175
9868
47943
27323
18545
8849
27415
42808
37869
45265
6867
1598
15414
47048
27497
2613
37909
36634
41460
17509
16214
9009
12009
21945
39875
47726
6354
14079
5404
4645
40876
16548
7543
47711
31863
555
17054
19778
9077
48317
44045
17353
15113
29596
33996
16553
18080
17829
43266
43045
40680
44296
11031
37330
44245
17633
28924
24592
47421
37519
29917
21633
44770
46689
25995
11618
38591
14335
21469
33130
16965
44645
23566
43777
16375
30811
4952
7674
658
48119
20891
42852
16305
21087
48729
38683
18905
24753
43829
36175
4991
10353
6858
21023
36606
20474
49371
32721
6062
43342
48653
29540
39431
19438
9181
31213
40211
43002
7014
9059
21869
41019
25514
44785
2642
30539
30909
41907
37246
24549
42456
3515
8833
45652
13951
21305
18603
19305
3334
30924
748
38586
35162
5015
349
24351
8889
40432
28833
21440
24735
41324
32140
19445
13334
6380
39666
32631
32232
49169
20242
30749
3815
37079
33867
41960
36356
8425
31521
872
16513
19273
