40
42
48
66
95
101
111
130
184
203
226
256
257
289
290
299
378
392
400
439
441
457
471
477
533
541
552
583
602
616
621
628
640
653
663
693
797
799
906
941
966
1041
1062
1068
1084
1100
1109
1156
1166
1170
1193
1222
1225
1257
1296
1353
1380
1384
1386
1390
1411
1412
1417
1425
1438
1441
1451
1493
1509
1523
1530
1531
1536
1601
1621
1647
1664
1681
1698
1726
1734
1810
1828
1860
1862
1892
1939
1964
1984
1997
2014
2019
2061
2107
2109
2133
2146
2191
2216
2244
2285
2300
2341
2353
2354
2389
2426
2436
2468
2485
2622
2625
2638
2674
2708
2710
2785
2808
2821
2862
2897
2995
2997
3010
3042
3052
3071
3141
3146
3157
3172
3191
3241
3284
3306
3317
3333
3386
3400
3422
3433
3497
3504
3537
3555
3584
3648
3688
3699
3739
3760
3770
3774
3810
3834
3837
3945
3948
4003
4009
4015
4018
4051
4057
4078
4095
4110
4125
4159
4204
4241
4244
4268
4299
4311
4345
4417
4429
4490
4509
4548
4572
4656
4725
4733
4754
4818
4834
4844
4897
4963
5009
5026
5033
5035
5037
5041
5088
5092
5138
5193
5203
5274
5317
5385
5397
5412
5413
5460
5499
5500
5504
5516
5521
5528
5534
5543
5549
5550
5610
5612
5676
5681
5760
5769
5772
5776
5789
5864
5867
5881
5905
5919
5938
5967
5972
6016
6045
6047
6072
6088
6091
6146
6174
6178
6195
6207
6209
6225
6239
6267
6270
6275
6290
6303
6334
6404
6422
6423
6450
6455
6472
6496
6513
6535
6548
6643
6647
6701
6739
6748
6750
6767
6783
6902
6912
6918
7027
7067
7072
7144
7363
7390
7397
7420
7475
7476
7598
7631
7641
7648
7655
7660
7718
7725
7734
7752
7771
7821
7881
7890
7925
7927
7938
7955
7979
8027
8046
8112
8118
8137
8164
8200
8242
8287
8296
8320
8341
8343
8362
8385
8437
8497
8498
8552
8587
8665
8667
8669
8685
8706
8717
8720
8791
8833
8875
8910
8972
9025
9052
9053
9078
9094
9110
9130
9181
9239
9263
9267
9301
9315
9395
9425
9426
9447
9500
9521
9552
9568
9569
9586
9632
9686
9710
9712
9718
9750
9761
9808
9841
9869
9893
9931
9934
9976
9987
9998
10001
10020
10022
10063
10065
10081
10141
10185
10225
10231
10256
10258
10281
10283
10310
10354
10358
10388
10389
10390
10461
10467
10476
39139
3165
48297
14832
7455
46392
41676
16607
25258
7834
27061
6238
49177
18421
13553
25238
23031
34371
31576
32051
30034
42006
17246
10272
30510
21339
8284
8445
17348
4834
13731
12236
259
39114
2070
24270
10475
21759
3738
4507
36770
32927
240
5054
10099
39207
2914
12351
12599
31170
18700
6322
18645
40368
29564
38914
19171
49108
43916
31497
24716
29553
49571
46028
34135
2803
11253
9269
33942
6099
41980
901
42469
34523
20259
33537
13720
45985
34342
41507
29437
29170
19954
15374
34870
6086
25013
2586
33104
2462
47894
10543
24697
48964
35171
43713
27243
5875
33655
11978
45025
1392
16856
33014
880
25823
15418
3493
21028
8138
21716
48838
20958
5855
7334
20350
24164
5672
49389
8892
18991
32609
41028
3384
25225
23045
33521
24748
23872
18726
17290
27507
5217
17010
29500
4036
20500
36209
29078
39335
15237
13266
47380
27919
10361
36644
10095
27337
39069
40191
1236
3898
15964
43175
37557
10344
33783
4461
26369
29051
37207
8952
8057
49915
36874
1699
43432
42316
13851
34098
11277
8014
28491
36739
5482
19133
48569
45890
18996
17789
24062
27670
17610
4320
20620
29475
17066
39578
12125
16246
41647
36295
48286
4225
22268
3330
22583
45937
35321
49782
16304
30322
41172
37147
35302
29919
13233
21762
49899
46505
30366
15699
15346
29421
33869
34140
37002
37710
40899
38495
5255
46091
11665
34582
27747
38904
29014
10483
33124
36953
48877
48342
49025
17168
10268
27449
12861
30299
38808
27866
24412
1732
12372
41678
34248
22649
38443
1775
8574
47694
35593
45868
27978
25888
48457
10442
37994
8668
25374
8168
4594
13115
36966
22300
38715
35013
16422
8879
36799
14587
23669
19175
5866
27958
9645
21479
29287
46735
11501
20702
36403
27339
221
34641
18672
554
21298
42280
16792
18548
38162
14123
14714
2368
13883
11013
2952
8337
43344
41555
28125
48670
46477
7387
31423
15329
12194
39838
43675
17617
31526
35361
9265
44787
49852
9268
47609
49372
18274
7561
23723
39243
7627
19172
49250
12866
34284
37044
14684
30872
9693
4867
19314
580
40592
14831
13859
10354
40402
47780
31732
29788
26863
41957
192
4300
3160
24990
22948
12401
33005
25566
2819
41335
23319
41864
28728
9540
43444
2483
43623
26980
7109
10228
48120
32114
38301
13481
42864
45148
28239
40667
35181
29598
47376
39738
2640
28979
40641
18159
38523
13293
41962
3832
21312
11591
41253
42245
32461
31946
7118
29510
44442
46938
48541
30273
49542
870
24216
32165
11576
17853
26944
37492
32447
12353
21257
33264
26988
39702
21840
49445
25399
46498
34695
31121
17854
2646
16651
27386
43149
30990
47807
7996
47052
34471
18530
12806
459
4339
48281
46944
20466
14790
12481
37991
3972
6541
475
14292
46540
11793
42182
18848
10962
39992
38734
3765
36146
19788
30647
27293
24435
18107
42897
29414
25123
17405
42749
3874
31553
33109
36735
7287
36526
39098
24471
25744
42609
47782
32540
19167
24588
47341
32671
3419
35562
34274
10524
47291
21671
92
10302
19379
13967
46100
4972
28154
19513
328
44981
9844
11005
32203
715
5105
44060
23960
24765
9786
42799
33111
31462
32313
20237
33577
38815
18395
47814
47118
21111
26666
16071
1337
18728
16336
32819
41250
32034
49677
48227
26538
48959
30854
10191
35912
4658
7871
4837
24563
45325
12189
1964
19995
49434
14711
23617
15648
4446
49358
31131
13958
40169
11248
15092
11413
31670
9617
365
41201
26604
5253
44317
609
29407
47679
41935
49857
10906
49543
7149
35885
1939
6916
21596
26170
31795
15223
42161
49521
46710
26993
42333
15438
47881
562
44490
4611
29134
14166
25163
33322
34468
18842
24093
43191
33756
19502
30294
34319
30142
17330
37643
38138
13350
22172
32327
23820
46699
47000
44569
10337
16388
25790
49861
5446
29934
4469
21545
12762
9387
26603
9669
39956
20812
12830
49144
15716
19219
627
1822
29455
6775
31425
37858
11900
49465
11148
49697
44833
20540
1508
18797
2558
24095
35518
1479
32663
16692
16847
33969
23953
5949
11706
15721
12443
45651
7451
11830
11598
49591
37524
23282
48550
8471
9490
42847
28266
1859
6176
34152
23509
22578
46102
12857
47409
42203
17890
17120
456
1245
31076
45073
42822
15759
602
41447
7083
33143
32618
49400
6474
43350
13546
8854
24455
32814
49625
31266
8120
20841
21253
26112
28435
27715
574
13072
23177
5048
13810
7790
10775
18444
12318
22471
1794
26182
10098
30557
33992
43846
15865
43101
24761
39444
42579
38221
11593
3642
27124
35315
43423
10876
21164
9623
22426
859
43003
19051
32577
43817
43100
18193
27932
43883
34894
47596
49247
39342
21013
23640
8526
2721
39350
30504
29933
29766
10673
23731
2229
44690
36579
15617
3319
23355
40048
27458
2381
35139
46787
7744
12087
24347
39358
15914
47097
29530
47879
9426
14207
19464
6632
31244
5932
28507
35489
40606
30860
7112
46313
37420
41187
8348
38835
41059
9346
4879
37051
48249
31220
44420
4602
26784
3065
1398
30807
40345
16140
9136
9861
15268
16178
17394
37534
62
40110
31188
40123
9536
36733
14728
17560
30937
25078
26214
37362
42215
31032
23199
40093
909
44724
37394
32178
21036
25987
31661
13169
17063
26454
3130
31966
31018
28016
14464
16816
41761
10283
23538
10120
4159
23672
22954
41450
11327
39075
47708
42162
24178
1515
23973
7067
9488
21123
18104
38567
6667
31730
31219
28287
29725
8700
30303
13355
9427
23567
20405
34198
49936
37393
8831
46761
6159
13315
5764
12126
20898
47628
33861
41225
39267
14286
29674
45954
21172
34100
34094
8588
9076
48641
34419
27370
42835
47658
9796
37060
3303
46435
23149
21755
14389
27378
47791
1289
45635
37845
14054
41298
21741
30788
27252
42300
37642
26621
7668
18917
40524
2417
8235
20064
6977
18707
12503
33760
26108
36678
4975
28599
30411
40683
3350
41429
46038
1177
106
22635
246
13854
10381
19851
27027
21202
36766
36534
16860
44528
2815
13369
14934
19149
49379
8562
10142
38589
23201
40008
2160
48124
4283
35646
14149
41730
27352
17899
1036
19227
29773
23625
44100
12918
46714
29726
20668
19718
8267
10288
14328
1616
47445
19975
971
48552
39191
7443
4029
39999
32421
592
38002
40255
31778
36892
12731
47378
22023
35078
7514
17531
23681
22813
4995
42331
18236
2325
5948
8401
38901
48700
38625
39571
6651
29694
441
7496
40512
21919
42826
19817
5487
170
2643
13743
7108
2735
37703
8397
25470
46751
155
25580
6192
5910
47179
15955
42467
46499
10164
3380
943
31052
35388
25694
22440
13868
3058
10416
7876
42367
35671
25029
29344
10068
10317
47822
46863
8022
26580
25188
10620
44199
45649
1512
11993
18616
12115
26140
46033
35536
20288
2749
9664
4828
3406
22600
704
31051
6788
22661
34759
42389
9474
46431
38436
17874
21226
7639
47713
4988
26703
507
46048
11965
22147
23267
2687
21943
44720
8672
24102
46624
3720
20942
291
20052
41744
44811
8489
22920
793
24481
43029
31386
32532
15671
21414
13874
13501
44927
40139
15322
5667
20118
42497
27808
29371
16340
43408
38237
9882
3624
19775
21395
38797
17935
43794
30859
8637
18783
3093
23258
42692
27955
3764
42388
3516
7061
39362
48125
45551
38111
27857
32578
29362
47608
5977
7900
40983
26015
19186
15745
20727
45907
40805
8678
17922
30997
40019
35352
42933
18067
6679
39658
11898
2881
17654
19910
49374
41567
31313
22496
46139
46015
34560
5641
69
6468
13702
34892
47832
17020
10284
12024
656
25749
17180
8455
22022
4742
4383
45024
34120
45659
30076
47843
22455
20508
14804
17004
21842
23153
14010
6134
13695
2176
9599
8618
7329
2344
41109
24526
29991
6316
8111
2670
8358
14245
18432
1300
33410
20300
24138
21361
25237
15688
5820
1011
20949
19603
13241
38453
40784
5365
31340
26250
18055
39896
41413
23110
48864
25327
8717
24631
41943
24271
7523
21294
25951
1920
40284
16558
10721
30577
24876
6166
46260
21432
41913
12557
32676
25176
40864
2096
20100
32234
27864
7384
2285
17281
31563
9682
7508
38987
4466
43662
35826
4210
8150
20239
27281
4804
44556
29964
8665
32038
48374
21679
42571
48081
44414
21665
10376
43540
17167
2395
11577
15892
16042
47986
28153
16090
28683
46737
29661
48372
7716
26777
21830
1058
45461
42534
23374
48475
13816
25508
1782
40389
8414
41509
13227
47393
34021
45159
7066
4245
25392
44890
9092
41314
28431
12813
27615
46111
12646
37587
40780
46176
14354
42249
32077
17625
21477
7507
42957
18295
6379
22132
23080
46768
49865
41112
30472
48440
17962
29316
32800
26172
1994
16512
15455
15011
19937
48044
22492
29676
19129
10606
15635
43678
34792
8424
16716
35224
15619
38607
40990
14637
26582
20652
16342
14648
17149
39908
8636
8968
5687
44444
14427
45104
21249
37550
7484
40738
3170
15429
45620
26147
18558
11505
6470
41598
29882
7169
32183
30488
7231
11345
9972
22576
30087
48774
25944
2590
20370
42701
41902
8429
44672
24929
19509
43278
33029
5185
14277
6817
5360
40175
3931
11559
48225
13929
26238
39072
13923
42713
38322
47265
45626
18397
24907
33716
25047
38133
27310
10919
23497
11378
5155
47414
38164
40547
26131
8769
19123
36742
34001
35367
38416
49115
10511
38631
1721
33713
27841
46926
17736
2873
18118
14823
44213
28493
36555
32767
19733
3324
36229
17034
5078
4743
23870
28829
40429
45892
27410
43007
45743
7366
39937
40926
29199
38925
18806
20662
25869
32306
49746
8961
25002
40913
40695
42488
10848
36747
6044
8031
23125
23342
6050
8723
29617
15618
36783
21699
36551
4576
41612
42207
47019
9708
11368
17653
37104
46031
5573
31328
33406
44180
49976
40124
14883
47889
13582
31354
45994
18515
34296
18221
29537
18980
25794
42926
32200
43772
42676
21431
31879
39094
17813
30026
11461
13562
25618
45045
48821
45327
49102
28418
17252
35266
27887
49000
3155
37953
16132
21456
43913
2166
15743
30926
7222
26402
31697
35496
46975
16414
19836
40242
1452
41629
20719
13041
30438
11159
14718
49752
28204
14901
31919
35441
4204
3430
