19
24
45
79
124
181
201
222
228
234
339
467
471
479
514
571
582
645
652
670
703
711
720
782
789
821
826
828
842
844
855
878
903
945
1013
1032
1078
1126
1149
1184
1209
1211
1219
1260
1276
1277
1296
1299
1326
1337
1356
1386
1437
1507
1602
1611
1620
1660
1663
1669
1758
1794
1881
1916
1921
1923
1938
1956
1971
2014
2067
2106
2122
2135
2136
2147
2160
2181
2186
2195
2223
2258
2269
2301
2308
2329
2335
2339
2362
2363
2478
2524
2554
2650
2652
2663
2666
2674
2778
2781
2786
2787
2841
2910
2954
2957
2966
2967
2971
2980
3000
3014
3032
3053
3088
3102
3116
3122
3144
3243
3257
3259
3288
3291
3308
3327
3337
3371
3384
3412
3469
3492
3499
3512
3555
3572
3584
3607
3646
3717
3721
3726
3775
3777
3781
3798
3811
3815
3817
3855
3863
3866
3903
3931
3949
3952
4019
4034
4046
4085
4101
4102
4106
4146
4151
4180
4235
4294
4310
4326
4361
4373
4465
4493
4503
4529
4541
4550
4561
4575
4595
4599
4666
4695
4700
4725
4745
4765
4768
4774
4783
4810
4839
4844
4862
4863
4874
4904
4964
4965
4970
5002
5014
5024
5028
5032
5050
5083
5100
5130
5166
5185
5215
5227
5244
5250
5258
5283
5308
5334
5337
5347
5357
5376
5385
5396
5409
5413
5489
5496
5504
5506
5541
5634
5655
5714
5717
5755
5763
5764
5772
5776
5785
5817
5839
5873
5875
5884
5907
5932
5954
5955
5991
6088
6131
6160
6250
6263
6269
6307
6351
6379
6389
6444
6445
6457
6478
6483
6536
6552
6594
6627
6633
6663
6664
6672
6736
6762
6773
6784
6798
6811
6867
6878
6883
6897
6949
6987
7038
7045
7075
7125
7231
7237
7238
7249
7263
7271
7286
7352
7402
7405
7417
7462
7520
7522
7536
7554
7562
7589
7669
7690
7754
7755
7801
7806
7827
7835
7838
7902
7908
7928
7941
7989
7996
8007
8015
8056
8068
8084
8104
8109
8135
8139
8204
8205
8208
8252
8317
8330
8335
8343
8353
8370
8380
8425
8426
8438
8458
8504
8547
8580
8592
8631
8632
8640
8703
8721
8726
8732
8754
8781
8789
8799
8834
8844
8845
8850
8852
8859
8873
8877
8890
8912
8917
8981
8988
9008
9030
9112
9126
9141
9151
9156
9163
9170
9199
9224
9228
9238
9268
9291
9295
9299
9361
9364
9390
9408
9421
9481
28623
29205
16958
23006
28268
8825
12741
39843
15809
8227
20774
23897
65
24580
48898
29527
12800
35011
21218
47542
1547
18246
7018
29908
45011
44220
18458
9658
49085
48053
35649
35021
753
44541
39490
61
4553
36334
24220
40936
20897
30792
10476
14378
22070
10446
32736
4609
25331
5243
39820
37260
22952
48845
20742
41455
7540
17169
40178
21498
16777
15114
2394
14927
33847
47277
46920
14871
917
40505
22533
24043
23685
49759
16331
27228
1052
18321
29522
40046
19324
1605
15306
10790
11750
33599
12523
28622
6031
35174
24462
6137
16275
47968
21196
46026
28054
42438
20844
44217
49469
14336
7284
42116
35576
12719
13122
11543
40431
4615
20047
38838
17205
45289
17548
19678
10535
49269
46634
15512
22829
22607
33112
37650
32847
8124
22221
35356
11403
9889
8432
43804
18716
36891
16066
49587
36033
47254
8570
41576
27509
4326
14662
14311
40427
22998
20366
7374
8339
325
21014
41087
47362
7735
15855
13402
30006
36194
24625
5590
47109
22747
25459
29288
34701
24746
23311
34179
7983
13218
47266
37995
18719
19185
21540
47564
22710
23864
13242
30714
44475
7177
9884
11799
6074
6678
20931
20777
7832
26878
466
48669
14367
33257
38487
8244
46786
35705
24280
22063
42475
31776
33532
16400
41807
44725
14007
49163
7992
24269
49629
12893
37183
24336
35366
5137
38610
6349
44643
9442
2569
49539
3744
12494
38484
49314
13563
41643
9017
6325
15988
5572
3020
5666
3485
41550
23198
11829
43825
9179
35914
6550
42031
15506
10362
12054
37505
18518
35364
15451
6456
506
33859
49122
25621
38463
12264
27037
22043
43976
22419
30865
12100
3444
1079
37468
43372
18654
27009
8607
41849
41259
33392
26290
25135
46078
48185
23164
31522
18702
9365
32235
16471
5805
20453
14300
48728
396
14445
5422
22421
48003
6515
32603
18035
28244
42065
16543
36021
3238
3727
12865
7005
39256
17014
4200
8427
34690
21474
39437
4230
5144
18908
44474
15883
12336
24041
25428
15518
12114
15814
9127
9056
31959
46099
37024
28077
9918
3120
13615
11702
13701
31122
4775
49613
31899
13697
45030
32584
39906
30281
21624
35531
3781
4354
38822
41378
23833
4
18415
44282
26881
47519
29571
35264
40367
12303
13044
41336
49769
44030
32305
46
25165
22938
29693
44601
36107
34426
41654
21528
20442
45574
38028
14549
1304
45821
49438
37081
22060
14461
35004
6244
8475
33910
30804
31539
13040
11361
31925
42697
42053
17755
22984
16037
32623
8095
28975
29188
23887
31890
46588
30676
10393
3285
12283
2204
37847
2844
747
41742
49871
1103
39340
46406
28280
21604
22943
42637
5632
7988
29806
45834
9007
11782
49886
31345
27731
28344
21027
30103
34043
34616
20649
25488
25007
2849
33452
15646
5834
19242
1293
25463
14507
26008
41133
841
4764
27792
44598
29952
9534
27101
36331
24774
16258
17647
12676
43371
37476
3734
3062
14713
37588
46514
29874
28064
18228
44824
13158
34066
46140
8389
17662
20674
28187
19616
6318
10648
22689
39912
16087
11692
41092
26315
29809
311
21149
36751
46207
2084
28245
48709
47642
34287
21448
31607
2039
24480
25827
6141
16272
41262
11130
19869
41257
7221
49716
37257
18844
34571
23220
13296
29545
22270
39039
17539
40595
29068
38642
9318
7740
34596
44613
36158
1681
8191
24119
29876
12620
31945
32099
14110
29953
44385
1747
48358
16613
43416
7019
49494
46051
26168
10022
13098
17781
9400
30218
15792
45097
21153
14593
41138
9088
7683
26521
40762
25682
30439
29277
3131
9602
30747
16474
19448
20856
37422
36715
16834
8486
28989
16638
49999
34723
21538
28086
27195
28148
22745
38270
43668
13608
6494
43205
25689
40000
22054
12247
16925
26292
25625
36591
17366
12849
16985
31046
32453
28394
22261
15162
41861
36850
16077
12981
5811
18625
16023
29639
15779
13924
6020
37551
1494
31107
30851
40678
2046
25596
743
32087
44026
26614
28798
35567
12920
35779
28643
25700
18377
16937
19031
11134
41695
47670
206
8197
3924
33754
26509
41338
44960
49977
46693
4011
8001
997
42448
7718
45210
24620
10370
1790
46060
19793
13002
26257
28634
17397
29029
3512
23263
24979
20667
23116
20546
27272
6819
7338
49658
36721
47370
10711
20056
13994
27306
29203
12412
29019
32959
17673
45105
8201
43317
4084
36853
28530
40352
19500
2037
13006
13523
49426
41733
40518
43861
28790
2752
27129
27260
22817
6068
9043
28122
15061
9863
44754
38084
30949
34246
44425
7738
6608
6661
33615
41147
28580
4358
7048
30293
15748
8622
43102
6623
16019
34962
11614
41433
42978
44051
9646
37303
40201
19457
6814
29007
41911
40341
23546
20312
47113
49959
43240
20866
5897
43164
22479
5552
6959
22037
43178
17294
36483
43984
31282
30135
46717
4607
39936
25608
23012
11698
23332
48749
48740
35850
44971
36015
20840
15456
33561
44965
20951
25697
47568
354
2597
49376
31138
15172
13207
18263
27994
25910
14005
5959
40964
7288
20057
49505
22298
4648
590
19792
25162
26267
35134
12702
16986
26465
28001
23533
34913
40815
43854
39996
7102
44827
30088
227
32168
10145
23345
29146
44777
3827
43520
24680
5747
44367
26491
21870
36648
48036
41061
26937
13940
31951
23514
37687
47290
48310
17454
34862
9054
39097
22089
38266
49362
40472
30810
25264
20304
11082
1446
34813
42734
38902
1631
31985
23662
8900
9854
35235
24595
41153
21429
1064
6272
35081
49313
36791
16576
26467
24963
14524
13996
40296
12210
18902
32161
10251
14358
893
47606
4958
18178
23192
17479
36672
32319
13301
15662
14068
2200
44571
4624
17112
7495
8628
25377
26986
2456
49593
13191
28804
4560
26818
43948
22154
8809
12071
8130
47532
27642
3034
9411
17135
4803
12999
10229
34327
40092
21529
38646
8566
6969
22055
9407
7912
19095
11664
25874
46233
16006
30120
815
20937
34065
41984
14379
14470
33748
24338
7448
44483
14878
28882
9965
16223
12102
41463
8944
45483
15610
48515
38262
13952
31195
2762
3851
24255
24146
42318
13108
44080
5211
1660
34982
44158
42684
15381
17746
20244
24540
15702
40971
5
36388
17621
28526
10797
23832
35803
43932
536
13742
7350
25600
43797
33569
22334
936
5149
30560
24038
1305
17111
28552
8135
5714
21971
26230
461
1240
22816
22788
25558
13558
21813
45070
18206
6196
10479
48975
1413
4050
31110
43646
33845
33207
26652
22265
47168
2466
11037
43480
39474
39974
14302
43167
15574
26320
36039
38799
31019
21422
15906
24463
21593
41794
28383
25710
10387
8480
29315
42287
25915
48970
5344
6639
26158
9216
21871
9267
16012
25652
46649
44412
3399
5860
34138
24342
28038
8965
60
8294
43098
39240
8090
1578
41617
19490
43605
28137
31523
29967
46396
43085
28626
21808
6896
30166
19046
10826
34097
35335
48584
46828
20162
24068
45923
15868
42758
42785
3678
28655
942
7774
35070
14643
21563
12732
34163
2587
8794
12150
11910
2306
37799
18097
32295
37264
12360
34442
26935
36868
36067
44992
10363
8221
27284
45099
13444
33314
38204
19202
44936
30014
35048
19002
2656
9480
32486
11132
1364
25852
39724
6709
5885
20197
29264
16997
9717
46107
30457
38278
11895
7342
3085
44671
493
33050
21118
28694
26115
25206
39405
38804
7607
27052
7722
43847
45569
9402
49777
41105
699
19144
47639
47761
45040
25685
45580
48995
28474
8346
19079
14117
36455
46519
1029
18649
5287
43369
30856
49348
11000
40056
427
37630
41563
28937
30840
10190
38725
47772
41748
7605
21530
2433
48275
4505
42877
16753
5181
16745
36941
14067
21752
119
13722
45736
11367
30945
2184
37830
24018
44308
49040
33897
14722
27730
2268
32011
6656
34598
42113
25523
24425
32083
49572
16853
4858
34923
676
33271
11822
13462
21137
40003
9894
10110
8085
26853
34063
22833
20199
4334
36848
15389
46259
2320
44433
13088
30768
565
39902
1946
23203
41966
5438
12335
44183
18069
46741
25872
29308
17474
22349
29536
14247
39905
42976
7408
19399
32564
28941
7600
22163
35530
15308
29552
8667
38542
13999
44418
30119
10420
6495
35322
31152
16233
46732
15934
6371
38448
28876
27371
7148
41404
19867
27488
28297
12373
40076
19564
29763
8228
18927
33059
24428
46893
33390
1520
4047
25300
43908
2511
30716
26617
34364
36679
6733
18311
20245
37179
35789
4172
39058
20750
3379
43893
11857
30374
23812
12773
17128
20746
47616
38452
26433
35799
31323
35051
23107
9085
16172
7640
10403
27512
15558
26127
26740
34673
32258
31761
12570
44281
17924
4459
29066
13332
3404
261
34911
34890
6534
19760
24157
21245
49849
35401
1410
1006
13264
20486
9138
28441
8225
27769
29777
30344
34629
16765
43089
38596
17219
20680
8449
10568
12389
32647
19699
32438
34993
13010
17893
19581
22522
45642
36376
4932
8550
34385
26578
20874
364
2029
21653
7875
8189
23463
10522
37979
21720
31072
40935
46748
22041
10000
38812
33762
31552
36929
8371
5076
25614
13884
33650
22564
11427
617
14502
34420
6668
38858
38935
29347
9042
45214
45714
12977
33705
37440
34530
5084
3836
22422
38420
19499
20829
33097
49356
24263
4565
26741
1559
19481
599
8692
17515
9997
26915
41627
35926
41637
21369
10614
34810
27174
39132
10122
19484
34233
20914
38744
47060
31783
49491
1599
14995
21861
45677
28288
22656
13166
22151
26646
30182
23929
9066
17475
2910
18526
11133
16490
16598
27794
39679
26059
42347
26905
22957
48312
6828
28957
24591
38974
39622
37743
4464
35688
24247
19736
31445
16679
41690
31245
17856
9578
44168
37727
37248
9932
578
44466
30613
12185
22790
18354
32749
34429
13468
2428
40075
47178
40573
47453
40297
11242
39333
33351
47365
49989
28605
39769
23195
4458
29828
29023
37702
28861
4390
29252
5224
29121
39566
43206
32252
44309
275
36129
5014
6231
2431
44726
40602
977
30314
44767
31351
27905
3009
39373
5616
2582
45602
45377
36578
8419
17694
39668
5683
14351
7587
43608
39652
34194
15583
25209
39811
11640
40218
13944
24891
12470
15783
43232
41502
15742
5951
33164
39455
11972
29346
15528
20438
19405
16036
20381
