18
116
117
139
194
240
279
328
384
439
453
487
511
523
528
538
544
582
588
611
635
708
731
759
771
795
803
813
834
863
974
999
1007
1016
1021
1051
1097
1099
1111
1191
1215
1233
1328
1362
1386
1389
1394
1426
1441
1499
1535
1549
1550
1553
1554
1590
1594
1655
1663
1693
1735
1772
1822
1839
1887
1892
1906
1909
1953
1955
1972
1977
2026
2064
2075
2076
2146
2159
2202
2214
2216
2229
2238
2243
2287
2323
2345
2354
2381
2391
2424
2430
2433
2438
2551
2614
2664
2718
2748
2749
2772
2834
2860
2865
2908
2926
2934
2948
2951
2978
3012
3161
3189
3200
3215
3221
3247
3271
3323
3336
3364
3377
3399
3414
3431
3440
3441
3451
3476
3492
3515
3539
3545
3598
3654
3695
3712
3824
3906
3911
3958
3986
3996
4033
4069
4071
4074
4097
4177
4208
4232
4259
4293
4304
4324
4349
4352
4357
4377
4379
4431
4444
4464
4468
4513
4534
4602
4604
4631
4676
4689
4693
4697
4728
4743
4761
4850
4860
4866
4894
4896
4911
4957
4961
4985
4987
4989
5023
5025
5027
5034
5046
5071
5074
5090
5113
5141
5145
5148
5153
5265
5293
5356
5405
5411
5436
5438
5464
5469
5494
5499
5500
5507
5514
5548
5582
5583
5584
5593
5640
5652
5659
5665
5669
5673
5686
5771
5793
5846
5855
5873
5891
5906
5946
5962
6008
6031
6066
6068
6116
6133
6148
6154
6165
6215
6222
6305
6314
6322
6357
6370
6381
6394
6404
6438
6453
6479
6491
6494
6510
6511
6525
6532
6533
6535
6543
6545
6555
6567
6572
6578
6584
6591
6602
6605
6610
6616
6656
6658
6663
6669
6731
6738
6768
6807
6837
6842
6859
6908
6960
6961
7003
7023
7032
7034
7037
7040
7044
7058
7077
7096
7100
7153
7156
7190
7208
7212
7213
7228
7234
7235
7347
7366
7402
7484
7503
7517
7535
7542
7567
7614
7623
7633
7643
7663
7710
7780
7784
7800
7822
7853
7866
7902
7908
7931
7951
8040
8091
8111
8113
8146
8155
8159
8192
8224
8253
8275
8277
8292
8302
8309
8341
8351
8390
8403
8433
8488
8490
8541
8589
8610
8622
8626
8629
8636
8641
8678
8712
8729
8730
8778
8779
8785
8845
8870
8875
8890
8915
8936
8986
9005
9009
9013
9050
9075
9090
9097
9141
9142
9145
9180
9185
9206
9209
9273
9304
9306
9373
9391
9394
1806
13178
10547
11300
9834
43896
10789
16138
1758
16826
24499
43625
29486
5060
37930
30538
37267
12848
49293
33805
13799
39807
17737
16788
3255
23310
23675
28923
13935
36815
38062
42117
9823
6278
33804
1042
47241
46709
44560
11057
37254
2263
32329
1414
9939
30928
10816
35696
8142
21617
44221
22678
46666
10754
38236
8064
29535
22612
41655
5854
1118
10140
27969
34584
25228
17069
41319
40517
256
23873
20819
16334
24390
45407
46064
10562
24368
27930
16557
45127
26444
12415
18292
17364
1483
8595
39297
22896
13482
8499
39262
46154
38826
8931
28198
37019
22725
26533
26397
49965
36205
46368
36597
18431
49907
19629
49058
41205
2430
33324
30592
16477
16000
18972
25617
4315
5058
6986
3029
22852
17979
37230
10037
48055
35025
38737
34717
39261
39266
9735
18037
26249
18781
46672
10823
9075
26709
20681
45230
37529
8036
18956
13185
11841
7606
35385
19259
35108
12888
31156
35277
44366
20773
7736
26314
48420
22444
15514
25584
40198
49592
39767
20369
17159
3358
27634
21051
14143
4178
29016
11867
20808
39155
26866
32307
46383
38286
25896
32382
18804
35969
31659
47817
14758
19179
19263
42555
2015
23170
11136
11281
7568
33388
23940
19372
32528
4264
8901
48198
926
1577
42596
11167
7672
36677
28637
19542
35290
33155
48695
33040
48684
47263
17408
7400
37266
43964
36824
13514
36839
47638
2458
36144
40892
40266
41596
40300
34428
16996
15481
27929
45708
30203
49071
22928
16348
22894
11329
11338
39513
25741
33860
36569
38415
38356
33374
17649
7420
133
26208
36831
29208
43230
30845
25283
3135
1215
7193
27451
9548
49627
8115
386
10269
32503
31206
17256
20846
27915
6051
44347
42339
5991
10623
10998
19361
49796
12864
8909
16550
6759
1562
29557
33755
48438
30298
6329
36811
8465
27824
19010
41693
35284
22204
28502
39081
32152
19755
24439
5258
2563
20417
43152
41317
22267
42390
34876
43463
16854
21857
18997
44006
6892
39888
48272
19085
33308
18350
17081
5628
38814
34511
5812
21576
43036
34356
10348
33439
49760
16104
18124
1459
24856
14692
49132
27242
10278
25594
18435
3138
30199
37889
41492
21120
4441
28152
43355
3272
2074
16417
26359
46747
15547
25809
35815
47285
7894
43844
39762
16052
24768
34228
17499
30883
43748
32417
14733
6299
36729
42598
6164
20590
45069
49226
21816
31736
34067
44617
38422
388
16175
37556
25895
44923
19436
42184
17775
35046
31217
2973
45699
2897
38279
20707
39432
47835
13224
35814
22046
10672
31779
1764
26796
24090
18667
5254
18017
7331
13193
22120
32185
1071
15067
13284
43246
35158
5710
40672
34591
37760
30082
41304
16109
12633
30255
22782
24621
10528
4898
48357
15013
9958
46484
13026
21773
32020
31321
13272
41816
37636
8745
41052
42322
40465
42814
12410
35252
7666
31359
13516
47747
27894
39078
23505
32296
29406
46055
36957
24944
5767
26276
39306
33727
49961
49765
18405
36136
32148
34273
24267
49341
25043
41784
23750
39351
22015
39400
4510
1854
36037
42812
41526
499
48642
1543
19408
19816
6552
43774
30498
13373
37763
4513
25497
46860
19235
28916
17095
2102
6076
3191
26401
22121
35093
32888
31381
6010
43515
46040
37896
19519
25889
21101
17640
44514
5674
30274
45929
47056
42771
17805
31461
38550
5930
38732
48815
46941
41426
26670
34015
13377
25764
27916
31967
49281
10879
16088
45337
13353
3592
28496
29272
18041
28721
14633
22739
26203
952
29619
40689
34520
6818
595
25322
10422
18504
45058
6827
20399
33585
3958
12271
37882
13977
46129
18701
22222
11669
24786
237
48153
6601
114
32414
15413
45790
14242
5976
42052
1469
18636
1495
6363
4901
34401
33046
7546
28936
46946
24915
21787
17563
13198
3649
14799
15098
20960
4076
33559
20347
4107
29937
18556
27098
48180
46849
41344
31436
13132
30549
30805
23829
23356
42680
31247
12869
4433
46211
47099
42659
34719
28468
43941
913
30053
4016
24159
47356
16645
15282
38252
36189
10916
24988
20903
48487
13638
14301
4688
40709
40061
31034
32750
40439
19940
47924
24517
24088
26861
36580
6513
36364
15222
25711
48255
40585
32898
44374
19794
7027
6715
3544
36680
42368
2480
38798
16652
32469
14356
23621
42939
44286
44166
35005
13304
27086
33844
31746
7833
43193
28132
4996
12463
6283
28578
14398
916
2311
18468
36977
21512
19791
12838
23585
49815
40005
28771
23501
2049
45031
41001
36017
23577
29331
366
30897
23178
49485
32545
6939
10158
17956
9587
11561
43929
5035
40646
47003
3050
39429
49745
24596
25241
30568
43723
19712
7488
29481
48304
23000
47321
1386
6119
33773
40977
15613
28727
47455
1840
45523
6522
40659
46300
20780
10347
44378
36270
20109
44063
22019
30004
14630
7819
47185
4333
19212
19306
19200
10602
12751
11278
5061
32317
34412
21113
18010
25154
654
2612
14939
37100
36417
44702
20883
2119
39595
20992
33877
9719
4939
17564
5498
11428
49650
11553
22846
43532
6077
18641
22892
21344
41956
35793
1997
19931
19849
48219
6218
10546
47556
44086
16096
33485
22958
15283
47748
27421
46797
7816
29800
37980
49126
29614
36895
35137
43936
40497
12229
47110
31876
13789
14980
5792
15359
5525
29062
28145
23037
23204
47125
36338
36452
8202
28945
37346
20247
11877
13540
35988
29178
21025
19951
34592
31432
14290
6839
21083
24014
12439
12994
46942
21535
29441
42255
29622
30617
16040
744
6865
14272
49978
5241
46172
17462
789
32269
11411
19960
15271
6257
9906
43919
38474
47272
28262
28573
14215
6677
11950
26515
43531
3733
42126
13200
15296
44386
9454
13299
3699
36203
40829
11974
4478
3543
42593
46266
36114
37842
11019
30419
12759
412
25107
17181
23196
28480
17627
3817
14363
38955
31529
5784
10887
47246
40817
27951
22901
15073
37286
45000
39251
11460
10216
18023
14989
4399
12018
44471
27060
3534
9829
6633
4078
38938
12269
9581
10449
25916
29719
35067
19089
1125
23993
11146
35376
32116
6953
22359
4112
8306
11704
14822
25045
45065
1395
16839
30760
25343
7986
84
41430
19802
31316
35110
48265
1931
48923
31573
19599
33527
17822
28197
36820
11595
8687
22554
13268
5188
12023
25213
3877
7197
33904
36718
27910
6821
35682
3284
39354
20701
44769
34559
27883
46754
29534
33220
48918
32610
4900
11334
25537
24782
26697
15058
16914
36174
42470
19973
18528
7325
33019
10580
33330
48464
2207
12227
18401
28920
32395
34509
12985
39164
5542
23852
33496
40406
16876
43449
3434
18534
49264
15822
3146
20699
49801
41949
40340
29718
15564
36932
34151
40834
15070
47233
27672
29017
972
26107
35890
3013
15859
582
16633
14862
2275
14050
47308
954
5366
42075
43940
7939
19507
18051
40999
45294
38142
35020
19779
1808
15511
21553
11741
31265
48759
3481
42114
24406
25724
19582
40306
22457
1445
12529
12327
2608
24845
3975
44081
34937
7273
6739
7624
6059
29998
48829
13445
6321
16941
21108
33908
16921
10328
21388
34613
38176
25948
20062
10339
9741
38528
28168
26820
38180
2724
21301
20998
14400
7800
16618
37671
34506
42453
28392
17443
7201
26831
14775
36612
26683
20499
47794
23773
3854
35768
42747
13135
29745
2278
14002
47777
29671
28234
42550
31212
26163
4554
3071
23304
17678
30167
9331
16227
19962
6460
37423
44091
32211
30455
5925
42886
24468
3398
3782
15099
22380
6850
1828
6764
42330
29900
45610
1498
38367
44447
31739
28670
41877
40866
21225
15120
31093
16868
22219
10184
9836
37496
10295
29644
22669
41039
36399
23600
26411
40502
15045
44718
40238
25413
44130
23543
25342
39726
36342
38435
647
24025
42955
6409
4883
41473
16026
5328
15366
318
11448
15391
40478
17230
32335
17951
40106
48258
8343
671
26903
131
37244
29137
16467
27756
16022
26562
1835
19986
34332
39276
48237
37935
23784
16171
24612
42788
44655
178
48767
48732
47406
825
31304
7604
37520
1592
49731
16183
44839
19121
18481
8907
28884
28965
41479
23344
32236
37661
230
40089
43512
13547
20158
21302
26733
29778
34469
24898
41418
48567
24862
15850
30319
47366
4331
38265
42514
36691
17377
40141
15999
2392
85
6864
32241
43255
33340
19026
847
2075
32507
39085
3186
21100
46161
37228
29387
44249
19062
13442
28911
31331
12984
23860
37449
19759
24327
31389
35241
29047
9409
48858
28257
38225
10073
35972
29365
34605
19443
25068
22615
6239
7923
49183
21001
32546
47590
3715
23966
16972
27423
40998
7402
45353
30852
42466
1135
10305
3623
29312
30174
12466
26821
19074
31073
49048
26067
1776
24416
28969
3611
20230
22078
28087
49925
29359
28044
24013
39949
12787
26343
22069
18793
43768
15332
46982
10818
44661
22169
9422
45939
29196
19642
35383
32932
1019
35002
18500
29526
28398
12690
760
12320
41758
49689
37497
37791
3651
36773
42051
42355
38094
22965
31472
17040
41883
23435
47275
15037
17160
36776
19466
46034
40694
37948
21902
24427
33522
47039
26628
9072
2360
19636
39314
34126
4037
38057
26259
13732
37
1165
38155
2301
26810
9225
31326
2889
6979
20392
10540
13631
4427
48596
44509
25079
7450
1679
6573
6441
46517
739
21833
23246
44278
23909
10886
43568
43915
31965
33341
4795
17643
40567
19383
24930
22927
42338
49456
19159
3578
6261
36654
33382
12547
33036
16879
14745
44000
28364
38837
30803
4216
8391
18326
8980
38597
25755
16074
12365
1083
25811
49103
8620
3920
21821
45103
16589
31350
10465
17989
49648
8921
5560
12617
26392
20848
49413
5536
8859
40955
39259
31320
48773
21082
30825
46996
17463
18589
29621
40464
28868
973
49451
48523
37595
2366
3844
40731
3150
41841
34240
48586
1905
15644
22574
15842
9571
7085
9640
49229
45276
8367
11039
35214
32347
1518
29916
46400
27335
49476
44101
10778
45150
10496
5620
968
21641
38500
36260
6386
46556
44789
39472
13376
30761
29323
34955
47383
13039
4325
45576
28118
43617
39168
8357
14686
19326
38693
39667
10114
26699
33825
21394
38195
43906
12157
29592
12476
41846
32097
7120
17648
19198
38232
8694
35238
16005
43185
19037
14589
23290
26285
6726
