17
84
105
121
124
148
160
226
243
263
266
297
299
322
336
364
403
413
427
440
479
504
550
609
621
657
667
669
689
746
759
775
809
829
835
923
941
955
965
988
1000
1052
1072
1163
1164
1168
1192
1264
1272
1277
1278
1295
1351
1424
1446
1462
1482
1495
1514
1583
1591
1657
1713
1744
1771
1773
1776
1780
1784
1789
1798
1816
1865
1876
1878
1900
1903
1907
1958
1981
2018
2059
2083
2090
2093
2107
2116
2153
2154
2160
2174
2235
2278
2289
2302
2304
2308
2374
2406
2428
2436
2452
2457
2504
2527
2528
2672
2701
2730
2765
2784
2794
2814
2816
2856
2869
2951
2999
3011
3031
3040
3073
3108
3178
3206
3210
3235
3262
3280
3283
3293
3302
3326
3357
3391
3402
3442
3496
3500
3509
3522
3549
3555
3597
3602
3625
3701
3731
3844
3854
3903
3954
3984
3986
4004
4018
4021
4042
4049
4061
4093
4117
4127
4137
4152
4161
4166
4171
4227
4266
4289
4343
4349
4356
4410
4451
4455
4550
4587
4597
4601
4616
4617
4619
4636
4692
4700
4714
4760
4801
4872
4897
5000
5040
5069
5106
5183
5189
5204
5215
5224
5227
5231
5240
5281
5345
5360
5377
5380
5384
5460
5465
5486
5498
5505
5531
5535
5602
5648
5703
5709
5749
5785
5824
5825
5826
5829
5847
5848
5849
5893
5937
5962
6064
6089
6243
6245
6254
6255
6288
6351
6365
6375
6431
6446
6487
6585
6607
6617
6674
6699
6714
6743
6759
6761
6822
6835
6841
6906
6908
6921
6926
6992
7017
7026
7032
7034
7086
7090
7170
7188
7195
7221
7231
7259
7336
7368
7373
7376
7382
7415
7454
7524
7536
7539
7588
7591
7617
7618
7644
7650
7657
7681
7684
7725
7760
7831
7865
7888
7907
7916
7929
7955
7989
8006
8031
8039
8094
8098
8108
8111
8115
8203
8222
8242
8248
8301
8326
8335
8349
8381
8461
8471
8484
8529
8533
8550
8580
8600
8624
8631
8657
8720
8721
8724
8727
8753
8755
8763
8770
8807
8829
8864
8894
8908
8930
8948
8950
8994
8998
9001
9007
9045
9061
9081
9132
9176
9197
9201
9220
9270
9296
9338
9342
9362
9390
9391
9412
9436
9474
9508
9521
9603
9611
9635
9669
9692
9694
9695
9722
9773
9798
9813
9839
9862
9870
9874
9890
9989
10009
10026
10061
10065
10067
10078
10115
10117
10132
10138
10161
9866
39114
31511
33119
41572
656
21457
17007
1564
32622
2298
38133
39590
4965
20822
37329
18125
7233
11042
43149
29134
41070
27978
23766
27364
2817
3738
31219
8636
47414
19402
18395
18182
9039
39198
22714
35352
11577
47793
5278
32738
35572
44382
40001
18112
33817
44083
3904
15835
35909
16697
7287
22340
41943
1229
8879
36200
24934
24451
44720
6789
36892
27808
20081
26172
24748
34140
24697
18546
34030
11309
5339
31489
13404
31526
37988
20596
37555
2489
43883
48459
21377
13305
13582
38734
12614
28706
39840
39766
8594
28324
7046
37348
18153
26112
37643
47744
7834
30320
19357
23177
3115
23307
37803
4804
43014
46363
30035
43278
1508
40939
32777
35084
36371
29553
37492
30483
1967
21295
27886
43159
49347
22705
46292
161
48335
12175
18933
30515
33571
21169
10682
25368
28269
20841
17013
42768
17335
37557
32426
33372
11593
15490
31076
12605
3829
8384
3170
45912
8284
11306
32327
22581
7468
20350
31628
10688
41988
6964
26514
46615
21596
14354
6576
10483
11598
8468
25013
26170
7012
44690
1397
6247
35013
17560
24554
31717
36146
20089
25320
15757
7431
13616
29694
32834
23497
44414
8883
6478
3406
44633
25618
11667
8707
40493
8399
40571
2577
20739
38276
29477
39534
39072
36267
32183
17130
2778
6346
35447
32448
24509
34894
7067
31423
18522
10974
45537
16084
32200
25040
9108
38666
49258
9068
21123
27293
19725
14624
27618
19227
38412
21226
11244
39089
2929
19102
46309
39191
4837
28491
32927
4205
9826
15698
34683
44811
3978
7695
14821
41264
26951
34152
27281
2031
11206
31367
17519
44822
48757
39154
40990
27960
48475
42220
15455
45994
5777
259
21172
24251
20942
18709
18432
45650
34041
397
40784
3681
33756
27820
36547
17854
19910
47032
45094
43348
7668
46975
20984
4412
23953
23757
13720
22791
3430
6337
48253
32421
20863
23799
49144
37823
30807
27068
16572
34681
8123
24183
4191
34405
26487
19547
3753
32800
46210
47112
13788
1183
20662
38694
17271
2635
24860
16304
1775
8831
11793
41864
9692
14166
38914
4501
6651
38949
6762
4823
33111
31981
2879
37335
30373
20370
47596
12128
11808
39956
23434
26938
40683
10411
27839
28728
14876
3094
10337
32765
1391
36498
24841
45037
795
26666
2368
6862
21812
17022
32987
26463
36876
14442
13233
3832
44981
18514
27057
43029
26714
21111
11566
3518
38081
34743
32748
38619
29930
26594
18848
22524
21919
47615
32259
36405
40925
14648
14123
21505
3680
5875
33441
17894
43362
47746
4832
26720
16239
23031
6632
12201
14891
12353
39142
30217
16443
2979
43003
9818
47889
6166
25632
46445
30550
29175
6909
33055
2309
31085
32823
42004
5255
37534
28768
47886
30444
15128
3529
38443
25501
39350
4891
12251
19379
37398
49479
17891
17813
43889
32171
42842
46699
19720
43705
554
20812
716
23669
28898
33029
37722
45461
2881
27033
12093
2666
21499
14581
35142
39981
46751
6974
18530
10228
46624
897
38120
25163
14292
45017
9682
7737
33072
25508
26098
21134
5373
20128
15688
13666
37483
35173
19618
5630
22268
47409
45372
736
14587
36670
13854
41041
27670
43119
34815
49000
30438
36024
18515
26238
430
45626
5667
43444
5253
44569
41730
14207
32836
10004
39210
44416
18741
1323
39383
39707
34094
12772
39563
33861
31853
31258
35388
15260
14804
5078
11842
10763
2272
20239
24178
32501
14058
47999
35374
11674
29147
46787
47978
19090
13967
31188
13587
26703
6004
9262
47341
25888
31590
34371
20228
15022
41048
45115
20913
36744
34004
7716
170
8270
193
43644
41281
1924
3812
16676
17210
34655
7061
1749
20161
21383
31001
7484
14141
22589
20290
19587
1014
36391
27655
29747
26927
9555
37023
584
49108
46395
45697
48552
12395
29903
39802
19141
24563
18806
35088
26621
12699
33093
38323
45325
49180
7508
26481
18996
13027
592
13744
21611
43846
21298
610
47992
26671
25924
36933
29766
12585
16509
13322
18950
15015
30533
16141
25096
28762
21013
9268
26603
38631
13072
24471
8775
30544
20395
11378
49393
20664
4646
4446
30514
37072
1404
6514
7630
27640
32014
22218
1058
35876
34462
1230
39598
7451
19567
48316
24085
16159
3350
38362
29075
3250
27858
29877
39612
13350
8721
36758
23466
987
244
37653
40110
40109
6086
20873
32618
26198
27870
38881
5483
22518
44888
13674
21679
2732
34491
41028
7569
18644
5750
12268
47597
39424
6948
28424
31498
22813
892
21635
30018
35109
47814
11906
29725
9708
18104
45680
44180
8113
37416
21263
41375
31332
49897
12907
8961
36555
2128
37042
39239
21759
49852
9572
3160
11049
31480
44527
25047
12319
32543
44763
42922
4863
25566
8337
24878
47806
48227
10376
21160
41201
17444
6796
9160
41335
41570
43113
8248
41647
39593
9651
39916
23440
5304
16132
49953
20052
21699
7627
12196
9540
24692
17683
32547
35562
6435
49532
46499
29949
5787
39022
45447
14922
40292
19309
31278
31732
39684
46248
23011
4757
26440
45486
562
32203
1314
18081
20936
24984
31317
34523
8168
42693
18892
44092
15553
30941
2487
25088
47097
21140
48877
33158
17601
28918
8048
6803
19195
11693
37642
30433
42770
32562
7013
26863
28180
36209
17592
45898
13693
37477
42749
8906
12615
41555
23109
15746
15865
32111
45788
20728
8830
31725
47561
47879
31903
19706
18795
43212
25951
33888
42389
29929
1080
45478
507
45954
36214
46001
2232
7294
40409
11900
3268
26457
46111
42730
43899
18232
221
48864
2687
42002
35687
45024
20502
10903
47860
26334
4461
10354
23267
13004
33713
4594
29407
7947
19648
8222
25691
26678
15699
15927
40695
5556
12176
5986
12400
47986
24376
35036
42944
30926
23148
34718
17345
23049
19557
36444
3359
18783
10272
32767
24564
29850
28707
40500
24347
8666
38599
11503
2721
23215
30026
48602
19851
240
43794
46498
4794
46888
49631
38978
43982
36253
25823
43895
31553
9723
39605
44833
45617
8562
2646
36108
25348
40260
41253
42683
41835
30846
12442
41008
39367
47770
28642
36760
34577
27449
20620
42506
39106
23625
23351
32275
45162
10625
379
20954
8785
45649
34983
1862
24876
31497
38339
17617
38567
49789
10639
13576
35730
39592
35300
38477
10164
17012
3980
14318
32351
1702
16090
49115
3642
45718
44373
33521
42807
2255
8618
43357
47635
26371
31018
15928
3310
32089
34404
12249
29333
4551
41132
20650
8429
34333
18897
25123
1699
41678
46737
26944
2749
21664
1597
32861
24481
20867
36940
40445
971
28682
23408
39992
41440
45807
4159
47776
29362
24093
35074
2212
32092
25524
11266
30423
36949
40270
49553
33078
36799
36931
42499
12731
10773
31327
1429
42763
35419
21880
24328
12813
39571
1994
13992
38045
40252
15630
46675
47945
6459
23725
4507
45830
26948
31182
8700
15803
20110
42467
45148
14846
27958
2847
15880
4272
41251
31695
32279
22023
22214
6881
19887
9648
49011
49235
16902
14872
38743
38002
18461
519
3740
48432
31787
8715
16072
24139
4170
5480
26980
32578
4718
18107
4923
39364
17935
16978
8229
32512
32663
16193
546
17705
48647
31661
48690
12762
18623
9972
32023
5092
35496
20756
41676
7996
10613
777
49968
14693
46477
28153
47646
9960
41366
20594
40547
2740
27955
6977
1336
45185
18822
46944
1357
41298
31362
13095
27124
13449
4652
27056
13562
16830
35992
10443
1970
38460
12120
6468
6882
14348
32034
14901
9975
16650
21931
47193
6912
30076
1821
25225
48372
22616
38523
31879
3384
11505
31196
32819
5687
11200
24270
31745
31183
28493
22172
20711
5487
47782
38815
34560
1087
7329
22094
48698
17824
4210
17423
30607
46892
9674
17685
24164
19472
40062
34137
46435
15681
135
44659
36644
28284
26131
44199
31462
7646
25072
596
23858
32611
42571
25126
26538
2558
30488
49905
3169
39918
41913
39971
25944
27988
41403
41779
13565
47179
460
21905
19464
28499
27669
518
19416
29726
21249
1177
25855
43855
24905
20727
1106
3614
32313
33184
40276
49681
40192
23301
49591
24455
48964
22426
7900
37873
28134
17482
2590
47780
24435
39079
6316
631
19152
8870
42502
49757
45879
10923
13197
34582
17637
6740
16086
9055
29708
4914
43713
47181
27496
5641
32896
25518
25093
8678
4860
25364
7610
3640
35619
38733
37052
8471
26254
6219
4851
6418
62
6470
38322
18159
35491
24811
42265
1416
14982
21253
37550
39787
11529
13738
8940
42182
16775
19592
1686
10864
26694
16118
7973
44022
31390
48959
2323
43409
34198
7083
36484
4975
34546
10822
27153
7617
33109
8014
45047
21414
36526
4897
41083
46479
40578
30277
18558
10919
3634
36551
44685
222
33533
44787
13116
26580
2815
5469
27854
6123
8903
33459
38925
24260
5222
31456
8150
1763
46120
49161
39232
24053
35896
35808
16395
42316
48611
9693
15405
6775
10139
43489
18221
49828
32783
1920
15268
13728
32465
4066
23883
21050
15438
5454
49830
20288
37394
41769
49257
45760
35489
23838
38867
15346
41616
25756
10680
45620
38525
7934
3058
22477
7561
25207
7702
31692
41218
10317
42207
37692
22776
38727
20455
29078
21667
27458
40913
38754
31832
43622
26225
1843
17533
45717
21267
30961
10234
9474
5463
43109
42557
28537
26484
7231
13954
10537
11591
35895
19131
47245
27924
786
7497
47094
28507
44927
25002
5297
8637
49985
2161
18190
7678
31763
35540
9418
10336
7129
39613
39442
13139
5073
26220
19415
45398
29968
39738
13426
24501
35160
14328
32086
20762
27846
22374
18236
49767
2914
32852
1751
42705
44333
17624
35361
1011
32577
1770
6898
19479
33014
16860
43096
38899
11616
41109
31314
11898
30788
18917
32138
18959
40137
22504
46197
2381
46926
37991
31697
4365
24286
4092
9796
21770
15795
4812
45779
1683
43872
1174
29928
7447
38686
30508
18607
49182
30443
11706
28418
38625
34615
12725
20702
5949
11488
36390
13169
37029
22132
46707
418
21342
16281
12918
12115
23617
9324
39317
5730
17625
31675
48299
46020
46028
27271
6050
13883
2441
36443
41954
12024
16315
7535
21785
43100
27727
2110
42497
22455
20491
41059
2942
31121
37516
38589
31576
