8
25
59
63
97
99
101
108
148
170
172
173
243
244
246
295
350
359
366
392
412
440
456
495
519
533
538
544
559
589
618
668
679
698
714
738
828
841
879
882
894
906
925
930
934
951
987
989
998
1025
1039
1112
1116
1128
1140
1170
1179
1187
1202
1219
1255
1273
1283
1291
1342
1351
1360
1386
1414
1421
1477
1486
1497
1503
1509
1528
1555
1573
1593
1650
1798
1805
1808
1812
1814
1911
1950
1972
1979
2065
2103
2114
2121
2145
2157
2158
2217
2219
2270
2326
2339
2344
2365
2371
2397
2438
2512
2546
2570
2577
2579
2590
2593
2608
2609
2613
2629
2640
2666
2671
2676
2684
2696
2704
2714
2725
2773
2776
2928
2971
2982
3042
3076
3112
3140
3142
3143
3154
3165
3183
3184
3218
3236
3239
3307
3311
3316
3396
3399
3409
3426
3459
3497
3519
3548
3556
3614
3627
3630
3637
3663
3681
3711
3758
3769
3782
3805
3848
3870
3887
3898
3947
3975
4010
4017
4032
4042
4047
4073
4116
4127
4130
4159
4164
4166
4184
4190
4239
4319
4371
4445
4465
4477
4533
4553
4633
4636
4654
4663
4713
4720
4770
4774
4807
4808
4812
4831
4859
4867
4870
4898
4942
4990
5013
5016
5051
5076
5092
5096
5128
5140
5146
5150
5175
5218
5225
5263
5300
5367
5390
5407
5445
5448
5469
5473
5476
5482
5483
5546
5558
5584
5601
5645
5700
5711
5741
5829
5840
5853
5859
5868
5875
5900
5908
5962
5979
6007
6045
6048
6053
6080
6091
6094
6103
6108
6142
6184
6203
6208
6233
6239
6247
6293
6315
6325
6342
6343
6379
6389
6407
6422
6424
6435
6480
6481
6495
6531
6555
6591
6663
6734
6805
6853
6902
6904
6919
7024
7041
7083
7087
7119
7177
7242
7243
7278
7291
7355
7400
7409
7453
7457
7462
7530
7535
7537
7538
7548
7553
7593
7594
7650
7663
7664
7666
7672
7705
7713
7739
7748
7756
7761
7765
7768
7811
7868
7937
8053
8089
8090
8153
8215
8241
8244
8314
8318
8320
8333
8337
8356
8373
8414
8443
8466
8500
8584
8649
8664
8690
8713
8752
8829
8866
8877
8932
8959
9045
9072
9078
9086
9098
9152
9181
9204
9252
9295
9333
9346
9383
9390
9396
9399
9410
9443
9451
9459
9472
9534
9589
9594
9654
9811
9824
9832
9837
9847
9851
9930
9946
9953
9973
220
28966
27415
17203
23528
42069
42869
39619
16292
45348
28179
2824
30497
843
37328
36786
44946
24713
11919
18955
39957
14482
29515
38635
32775
38855
765
4176
3789
31086
39049
31658
3024
21440
16100
21602
25199
24764
24587
1329
23825
36386
27768
47852
20393
129
30830
40355
49219
16115
2010
9057
20694
44940
6400
25318
18215
49672
37246
21573
11255
17948
44906
8524
39059
42844
43245
36698
36289
19445
3382
40359
43483
2107
3246
48071
39372
48492
49490
42241
46303
39606
36183
7490
6428
30827
115
9193
47799
13467
38233
37664
34101
2707
41146
30440
5314
39245
38340
19438
12477
18298
7504
47220
15000
32708
5954
40525
32479
12257
45445
614
17232
7991
26505
34989
8963
33117
14343
9373
38849
37605
9525
20722
44961
3053
29666
20743
45188
15439
37772
965
1211
30048
31955
13570
24113
13801
22506
3113
41212
9375
650
47337
12915
13951
23522
47771
18713
8199
16912
4941
4861
32109
9031
2060
38419
29140
30837
45010
1454
5589
21308
13368
29980
38326
41628
22800
20452
26018
31947
16075
26824
20302
5089
43253
43670
17196
35873
8437
10267
27686
31450
17140
30695
20924
47022
13876
48059
39026
19015
34646
16840
18745
35929
4096
27047
10526
42400
22680
48554
3443
11835
36858
27638
11023
30158
18680
14591
19573
32432
11946
21248
906
45233
46366
34173
36252
415
29879
29343
29864
23997
7344
49799
48842
46113
27286
41751
3277
44721
42175
21338
2365
26164
213
38670
29341
21074
41971
47912
42073
30888
38235
28866
38466
7805
47689
41484
44875
36286
26207
29
18704
46116
35927
21404
48968
47381
41858
48119
3049
16116
41242
5210
4410
38823
45484
27324
4504
26644
3335
407
33654
9512
7187
4046
43996
47969
48147
32790
12509
40479
24511
23175
46041
36491
3938
34083
23386
41352
35326
1243
41073
23602
49735
29348
42992
37199
376
48729
39691
20537
38320
17965
11975
20045
44178
44430
18508
37984
30171
25615
19004
31213
19277
13334
4097
37532
11237
6260
45347
46881
8535
18906
9059
18847
38937
47215
20127
6687
32194
35403
8249
9945
49205
17838
35201
16214
21869
22190
46843
6609
29367
4155
11073
20295
36627
7784
7674
5249
45384
14069
8453
13489
38344
42105
17947
8746
25995
35089
24360
598
11535
23791
39471
42517
48197
30820
24735
20132
308
49344
18211
27071
34578
49921
11297
31865
3962
9009
27301
31144
19444
22264
48748
47336
12149
35633
47925
24844
30002
47693
38098
4311
14334
7782
34280
2035
23566
23738
46738
25189
45123
7093
4192
39589
4322
13434
2714
48355
17422
11302
39739
44884
19554
8207
25668
29003
12764
33780
44749
19216
46409
2006
33572
12493
17166
9123
15379
45559
199
4721
33857
46474
44175
27552
10911
43698
23352
10024
17568
19332
29289
48778
17154
40843
17056
12730
16487
24502
10686
33589
31756
17520
9819
27703
20795
28826
6503
33368
40635
11812
22844
40022
6075
25659
25316
35373
43731
18381
21594
33052
5470
7971
8898
42630
13594
28978
35700
10493
39793
49510
32626
6240
17133
36337
43998
4571
45919
19371
27147
45423
405
21863
41490
32484
38208
35758
23822
36606
31284
13030
28558
40851
35282
24818
11615
25220
5770
8623
16253
9614
14666
29505
30535
19237
28080
32713
17969
9401
748
42622
3570
46992
34019
19974
24319
29380
49100
18080
3891
22962
45088
21782
17183
49628
15191
23157
812
9417
45800
31693
45956
37566
49651
26495
38433
29480
21488
34283
36231
12910
39819
24104
34711
45089
42446
9800
48416
36395
15735
21533
14909
49067
8097
25191
42797
45262
21204
3900
12130
32070
33905
6682
29246
43639
30517
36374
23610
49530
35422
608
20275
12960
33153
41036
4574
34748
3647
20574
38618
1831
4787
871
34537
30355
20902
26412
7423
6308
44494
25261
46701
21803
11563
5323
41277
15509
7174
34664
29606
33950
33509
36506
43288
28444
11178
7095
42435
13068
39286
26493
27502
36100
3336
36737
1381
29653
20355
49276
28354
29732
32251
5533
116
40906
49556
27646
48516
38299
30609
40492
46513
16392
15333
34022
1338
15097
10401
36750
2513
28270
43667
6067
34558
45358
18763
37355
4490
44924
2504
8258
34459
17352
7243
15466
32931
21564
19740
39486
19066
8118
31207
1335
23854
42566
30297
40556
34123
36163
47328
1097
4295
9281
19480
14153
16763
44764
32721
2142
40890
6187
42804
4314
8242
7925
40241
23010
33336
33510
30052
18839
11944
14548
5738
940
42399
10513
30749
17093
39196
1044
24792
9983
45845
45096
5154
20015
27059
47207
11768
6374
38580
21924
22276
16564
38681
20086
26027
22688
35690
22449
25339
45182
31105
17026
44778
18102
48069
47585
40343
14856
5481
36558
28000
18445
25905
14441
17174
4411
10205
44599
30172
24158
36134
23478
10141
1473
45516
4774
9813
18920
2964
35446
15288
40612
37747
33700
20523
6665
35916
44830
32140
233
45604
25419
15949
18545
48485
8147
15003
46692
467
45297
41574
30605
33996
16182
2622
43727
8741
15318
43907
22112
23581
16541
37867
43909
36358
35626
3859
46362
45525
30376
20709
23659
17453
16920
37619
46576
4270
6553
44508
15137
45737
2391
6170
26985
47267
19644
26846
49723
10637
26744
20383
4854
11583
49711
42148
48430
12674
44568
25616
36195
9325
33062
12079
29232
348
15153
35414
41118
47645
29492
39926
404
27813
27760
24700
23984
11076
46439
26488
7889
33461
17395
29378
13420
37761
46380
42587
14848
13915
35991
48389
12344
16103
10811
1319
24755
10340
19027
21297
29596
9799
20267
1540
8099
35859
1477
37944
43949
7509
16048
7502
7225
34270
32703
21143
48105
33214
34746
23684
21892
25502
48428
12634
32363
40984
47994
32398
13712
223
10061
7002
43525
5803
15546
28113
22796
25807
8392
38536
21758
11014
42010
19493
29295
5414
14350
43292
34318
45904
37240
13312
23297
45166
16380
43211
43660
43775
28036
40648
42952
43771
17573
15870
3011
33502
17829
15414
18808
13710
31459
23449
555
1178
46637
43266
15236
32934
3214
1811
8969
39379
21975
47557
6650
27026
43375
3211
1428
35269
13583
39271
2403
33087
17842
10574
23377
29286
18831
46420
25786
41324
33076
10667
24887
24355
19858
32669
43220
4269
1376
37377
48635
41151
17303
8858
44925
32573
8136
2950
9435
21217
13490
12028
49
165
10338
14949
35470
17071
25789
44668
46367
22257
45301
2962
44662
48094
3582
30595
12777
15931
12916
46603
13833
35934
3940
9697
32263
42288
9287
497
48096
32256
4080
30979
33489
39044
28035
9759
37869
49174
7530
11122
25891
24592
44742
10548
8941
28919
20916
41435
39628
21721
37788
20708
32401
9831
48009
41797
20262
1195
11802
7360
27000
26342
3318
3184
3607
14689
46343
25270
8160
3263
1147
7842
46019
16148
14698
34460
25942
35544
7660
48851
1824
20097
15465
22317
24395
8889
40432
33416
44975
42235
5327
39480
12133
12297
25242
20710
6688
9522
10798
30520
36149
49535
31481
17080
44500
19716
16230
27427
37358
28311
32718
25236
5955
20398
5696
38112
9058
10656
18893
10197
26286
35132
3971
17917
45035
22904
47401
1999
7663
22951
6399
7655
23043
14079
31654
33819
16196
783
13841
23398
41696
21439
21539
43279
1400
31976
9379
34500
10008
18390
77
3051
39138
49635
27777
10265
22383
32870
22299
32839
20682
8209
17743
36723
14754
18012
22588
30400
34676
19232
25696
12265
35248
46523
1382
822
27645
29542
10804
35209
1935
25532
2421
37738
41152
22435
6858
45364
48847
40679
27175
30280
18659
43289
24750
15884
29599
39877
43875
17763
30699
39716
37561
48557
4906
31214
43479
35042
8116
13817
18737
27440
12131
24939
21259
21798
40644
10334
7537
14309
32341
39236
45163
8774
7528
3574
29783
5494
19009
25144
23481
49734
22320
10690
18525
12818
19386
21092
39409
32734
5477
15494
35327
28216
22684
26704
3815
36819
46369
33975
2322
29837
29057
36634
26499
18578
17257
1466
20217
33380
35369
31412
14867
18424
12429
39601
19084
9751
3852
3909
26662
36311
8522
29540
16825
42644
39301
21903
16521
21306
49497
19697
25027
41220
10601
40401
35179
4163
23004
12507
45390
2859
12009
9430
35430
23126
42618
1249
48939
44580
15102
38885
43045
15008
44616
42628
44709
2262
41929
8185
30428
12540
4778
13507
24931
47143
5103
33339
41879
28716
45304
8296
48671
17792
27323
42272
44609
49525
7965
26565
24549
10470
36038
15500
38224
21393
9510
12817
28014
29977
5557
39904
31048
18192
35683
11844
9064
35456
37955
44035
46807
39386
35725
2169
5472
36068
34040
1278
48587
33421
17488
9905
34693
44464
10855
41863
39149
24096
14347
8382
30467
34109
23776
39121
45615
22769
4338
2342
26045
12936
42190
468
34780
33999
21983
24642
7808
5775
42372
10031
28584
4509
3741
5640
45457
6919
32016
21064
3066
20257
38341
14434
16793
24325
33934
28063
41609
14116
14615
25538
5549
18657
35554
32444
31674
5216
38335
49189
24745
16397
15147
16316
39477
41756
30487
12072
15255
37079
41274
16015
49528
27170
25110
37646
28017
30304
22034
20763
27176
15502
32309
36981
16866
37877
19730
11029
735
36370
7898
20396
7060
41452
3884
30968
44970
32990
25037
26656
49559
983
49410
35
10487
38130
26311
1954
4952
25762
16011
6382
39780
25190
41456
14479
48109
22540
23866
46770
24447
14407
40649
1524
35149
46338
16776
38772
17387
16513
15620
40321
47599
15866
30383
42183
11643
25431
31819
17084
37265
6543
9004
16529
46137
14124
8478
34313
49371
16625
34321
1424
18677
40317
13043
34131
25489
11479
42165
11682
39230
32661
42784
32376
30426
22293
41040
26007
1227
43989
43945
43403
31591
16531
10761
45176
2014
18905
8578
33160
2882
26507
20349
6617
18603
10847
6376
26421
9362
32971
12767
8217
22146
13627
7328
24072
11879
49992
10782
12230
12363
33328
27553
17082
44298
30378
20474
37035
35973
866
39521
11208
26913
16213
15827
15594
28742
23804
1188
49245
14268
21119
49717
4141
18697
45349
41664
18299
46614
37276
23446
47456
32613
36007
47375
23796
24383
38847
47102
38254
9124
24351
35548
42364
