28
36
40
92
125
140
146
157
167
173
203
239
264
336
355
375
419
432
460
474
478
495
541
543
556
563
590
592
623
624
631
672
694
743
761
863
891
898
932
934
960
978
1079
1094
1116
1119
1132
1147
1148
1160
1182
1241
1251
1276
1313
1321
1367
1389
1400
1408
1411
1416
1425
1432
1433
1447
1459
1494
1500
1550
1551
1558
1601
1616
1617
1658
1660
1665
1689
1700
1738
1757
1774
1778
1824
1832
1851
1852
1901
1920
1925
1928
1954
1977
2036
2063
2069
2073
2145
2153
2162
2203
2219
2253
2259
2326
2357
2412
2428
2438
2448
2574
2603
2629
2642
2646
2672
2701
2705
2709
2731
2778
2830
2832
2838
2889
2931
2932
2939
2987
3004
3031
3035
3112
3130
3150
3176
3192
3208
3264
3323
3349
3367
3371
3376
3392
3404
3432
3435
3438
3445
3454
3463
3536
3537
3543
3561
3576
3599
3735
3736
3738
3774
3781
3800
3831
3892
3895
3930
3936
3957
4005
4009
4060
4104
4115
4122
4134
4171
4254
4273
4293
4298
4391
4392
4396
4438
4468
4555
4558
4617
4640
4662
4670
4683
4696
4861
4887
4897
4923
5003
5007
5019
5022
5031
5048
5076
5077
5270
5274
5282
5289
5341
5353
5508
5527
5549
5584
5590
5593
5674
5678
5689
5709
5717
5729
5782
5791
5834
5876
5885
5903
5923
5968
5977
6028
6041
6070
6102
6130
6185
6211
6272
6315
6353
6397
6421
6426
6429
6437
6441
6457
6462
6591
6614
6615
6621
6631
6639
6652
6655
6734
6767
6780
6823
6826
6903
6907
6913
6950
6972
6974
6989
6996
7019
7114
7125
7134
7136
7139
7166
7231
7277
7310
7313
7333
7388
7404
7414
7509
7514
7515
7526
7533
7543
7544
7553
7560
7675
7684
7705
7711
7750
7765
7782
7787
7812
7864
7869
7899
7905
7973
7991
8020
8021
8047
8056
8084
8119
8149
8156
8169
8204
8222
8229
8257
8260
8268
8310
8345
8382
8406
8408
8413
8429
8529
8606
8617
8620
8642
8644
8657
8676
8726
8740
8742
8813
8821
8827
8835
8838
8849
8961
9036
9052
9077
9105
9178
9180
9185
9201
9205
9241
9267
9281
9336
9343
9368
9390
9434
9454
9460
9469
9475
9478
9500
9523
9553
9560
9570
9571
9575
9622
9644
9647
9675
9709
9757
9780
9812
9846
9878
9899
9906
9974
10009
10047
10052
10053
10073
37693
47428
4239
3292
47557
14329
8515
48416
20045
4490
43564
4592
40442
2882
28972
48782
46593
23972
22724
22540
8569
41557
13902
5549
34828
12393
33603
39619
23096
29348
38551
32629
27047
25419
7647
17764
46486
37087
20334
23964
46655
30280
4096
45089
29941
20574
11208
41118
376
23099
41277
39223
45621
26684
32401
24360
22769
3102
12740
27862
7423
42998
27850
26499
2964
48415
42372
27438
3263
44666
16115
23386
7971
27202
31756
6663
30160
29879
25288
47143
8898
23528
49308
3329
48069
36254
6190
21964
12363
42984
27415
47381
11897
42073
28817
44307
25362
11022
48289
404
5346
6650
1816
26546
37869
20758
10353
17093
32484
31961
16060
14080
26322
371
9384
30000
42644
15572
38345
30205
29888
47332
24592
25762
45956
10470
32376
36924
14347
14666
2707
41702
34341
457
12419
25212
25748
49371
45516
49863
37783
16460
16965
39121
1684
11783
10777
37325
16559
44568
349
36606
18203
49344
35418
40197
25267
29729
44746
47271
39486
16952
44773
4249
34012
22684
11216
32369
34601
39589
43324
42435
9471
5327
17976
39995
41242
18545
16531
14486
4270
10493
3842
38321
44968
17488
13400
47355
24764
700
8355
557
14796
20265
17948
43944
13289
25290
36627
48844
25786
13937
35354
24676
6393
29189
21761
39780
1188
48643
4621
1708
27128
33368
25270
28912
22178
6124
5557
17517
23866
41040
41410
19988
16316
15992
33453
8782
42439
22904
22034
20708
30383
38591
29748
12936
26764
11073
17100
16010
26124
25578
21869
39904
48729
8118
1400
14520
43375
28216
13357
15097
38937
28212
30829
927
8778
19945
38029
24169
45190
44067
33235
23602
42332
48347
46692
37648
48458
25037
36925
13800
14190
45412
11879
40741
7865
3051
38823
31880
22026
39709
22875
11255
1629
28897
37199
28036
7674
42364
555
15886
44849
608
38633
47763
8443
24252
16182
26027
30084
46969
45387
2014
36558
22608
4918
42597
40589
12029
11958
44141
17107
44296
7212
8136
8437
872
37493
21143
49869
25712
32744
27338
26667
2574
37690
46277
32076
45438
27075
38618
21345
21310
26430
22991
26662
14867
12037
49656
1123
34949
45123
401
29039
14848
4081
18306
46839
18302
30002
13473
4940
19859
3644
38208
48560
12030
22286
9379
7547
2403
9413
27777
10326
10124
24720
42569
3789
9751
40525
44143
38613
25546
12493
30324
33694
7511
35658
39026
9800
9171
19728
41324
3478
46394
33268
38828
24374
14482
40761
39104
12660
22645
8160
47401
38849
41546
1338
18767
33000
6543
35683
10148
604
20622
28724
48788
34022
28017
11008
37984
43811
10681
43989
49236
36497
43649
43757
13894
15661
8313
15304
25460
46898
29599
8086
17349
12777
44956
12492
20287
27516
11297
44778
38900
45357
14754
23155
48587
21924
2035
8099
30743
26722
17084
2773
5324
47931
35528
25616
11633
17620
11151
47882
35820
28305
33922
19812
32708
21288
29759
34724
47560
31888
36862
25004
22383
45919
30200
15255
26003
21472
9966
25439
7434
3570
16752
44770
8882
39380
45304
36374
3295
29364
29505
3609
7930
2622
27710
42272
35731
7805
31506
15414
35788
21633
29468
45827
698
34799
8365
13230
19294
12083
47106
26879
1234
6132
35195
20471
341
38000
44136
35554
264
7784
20383
21997
34283
15003
37517
5094
3900
9767
467
25422
5115
47050
43754
49164
37999
14652
32538
43458
1913
35846
25995
28068
10115
32283
13656
10212
45656
27944
3903
28469
16235
40910
34017
22164
6687
13165
22688
29274
29860
40680
14334
38326
44771
12659
30415
32874
48054
21488
40460
4919
29980
20824
2683
16579
9281
27497
42105
38233
4957
44443
24356
6503
30426
902
42572
39037
1954
34917
18906
48677
47943
33895
38547
10867
17838
39301
16801
8971
26632
34627
26840
43475
19196
35095
37330
28408
44794
39966
23847
31412
31987
47163
46200
40945
26571
39286
48266
47339
11424
17884
18857
38980
36693
22674
24589
39170
26505
650
18630
27358
42892
39196
4420
34578
13817
9604
29060
11054
24020
31593
6711
24887
26607
26723
30029
26092
4619
11612
36038
22579
9895
8963
18737
8453
5566
1205
13206
25316
5494
42204
48842
15571
13420
10987
48145
15949
44721
4162
44369
28302
40432
8199
36052
29641
45927
39926
24291
25605
47017
28653
34318
28456
29190
713
44749
13031
45106
9312
14307
11169
1214
26842
48130
35690
12542
32022
37041
31674
45737
12355
22800
21158
1097
22967
37877
38536
16230
9881
36201
5580
44546
11802
35835
43664
10267
45509
2060
8258
46619
20205
27553
14528
21878
15502
7174
13650
24700
3574
14193
24851
46935
30297
15636
30635
4498
6382
24567
14550
11078
42069
11509
9390
7808
46822
8655
1329
20694
45010
33249
626
2066
2639
44764
2264
38285
47689
6640
48516
33347
23732
33087
31927
33510
38782
27286
24514
13106
14343
19030
10776
42288
38718
27623
30913
7444
4269
18768
32341
15436
42248
21634
24939
42010
37233
1674
18953
11887
38670
20790
43783
15623
11643
44257
43875
20523
34831
6396
13979
49735
3066
46046
9077
30604
20256
38307
3113
35763
47446
36545
21874
8553
25350
4353
4601
344
14460
33363
39153
24661
36357
8410
37772
5414
1119
10667
13223
46380
27855
37182
22858
16375
37519
20275
20398
5484
39409
17352
10265
47966
1668
28570
31521
42931
22924
3318
19503
32870
2429
11425
27071
47862
1926
13434
16647
35858
44864
1593
13436
40649
25144
10020
5888
5341
13225
3214
31286
14592
4477
44430
18133
564
5194
21825
3536
31757
47337
4759
4861
10637
47685
30904
48924
34032
18839
44350
29518
30695
48389
8242
23754
39719
39431
25930
24111
31000
9430
38977
48378
11661
7093
7907
32718
5770
43002
39396
30521
45679
38855
11431
11475
4271
4925
23924
47431
32967
39241
29542
6972
35369
4787
14712
23485
29704
36100
47267
26178
29492
41484
30895
37358
28185
34131
31678
16840
27522
24581
20242
32090
30520
28270
4229
36393
33153
26488
38628
16297
3136
15887
23320
48470
16346
14689
31083
6553
47852
44148
39213
34781
43073
38041
23182
27562
35934
32109
37279
41490
32884
20002
989
1249
11671
8702
19749
42376
38499
12749
25023
22040
41932
12209
18436
35665
49176
15622
13833
48850
15137
45364
13660
7320
43592
17453
5003
46843
22418
48968
12509
47404
13248
18215
40245
28636
14509
8994
45233
27724
25352
20710
32256
9449
36279
41151
30539
8806
5426
16894
3880
9193
19445
23240
23938
40830
11989
12192
18659
5082
8660
32267
39329
3246
47253
14441
41696
23371
32721
48187
10146
44494
32365
7311
29173
13084
17633
42649
38519
9287
33438
7581
20568
25792
23610
42934
33243
6929
4295
38772
29413
23684
10952
29927
8268
13507
24355
48197
39716
18249
40752
1632
46409
22973
33315
24144
25659
9945
46362
17456
26922
129
47849
28703
27867
7187
31586
19115
26522
27981
10713
9905
37102
38185
48792
48094
11237
45349
36470
36337
12634
18694
2617
37976
8849
44320
25920
11709
694
21531
12325
45344
38091
1709
24365
8272
12499
1755
14124
29003
14597
48489
9934
8663
13483
20817
37035
28665
33999
407
8292
2675
49528
20928
48252
17221
26088
32346
48108
4282
26416
8376
46108
48105
46419
10686
18047
34745
2189
35285
33130
40193
12181
39027
11689
29634
39477
49490
7700
2848
11440
11775
34746
32204
36007
20014
34270
12345
34944
1144
38466
44545
45035
48554
15147
46113
48777
40851
9799
16903
40928
36955
42622
30141
25609
37867
35796
8342
37039
48174
26815
17071
6067
38010
24681
1507
29578
49174
687
21865
49660
9325
4683
12297
43639
11178
14213
38224
39397
45513
19066
35633
21533
43814
14350
11029
22109
21469
34070
32444
11056
9157
13876
439
11416
33596
11946
11583
527
36370
19305
20584
17829
1872
13068
22458
20743
29151
12165
1607
47693
28231
33514
5587
20217
47483
17088
6504
47061
37566
27703
36311
12477
17842
1044
3701
46632
8857
35283
17763
8185
19753
22609
39883
47328
3140
45096
37189
7991
13710
10526
40479
37905
7979
23024
36446
28113
4368
6260
8444
24750
32483
33509
10787
1626
24072
38334
43849
5874
41971
24543
2885
46603
3375
25330
22084
41200
39311
30048
20682
24802
33489
32613
48687
37944
25070
9058
48419
17485
5533
18893
32432
22435
9328
40648
22189
22123
1811
46992
16456
48148
22410
21674
34417
6276
49498
22628
4929
44616
16186
47799
44484
48239
4821
45314
44035
45615
49263
1871
7344
1977
19894
24837
34168
25261
7550
31600
11080
36175
16397
32934
34231
42057
6597
23581
20127
47048
17511
2209
37178
5033
20831
24931
8296
2780
41220
43483
21248
44967
16918
12226
38344
20458
46964
31693
25719
22304
47617
30257
46287
1376
37962
42165
37160
10955
45182
34722
20816
49340
7015
44830
20686
44637
9925
10487
2996
42026
20709
25538
41907
47912
25066
13835
18508
2692
18218
38036
23224
23481
41456
658
28380
18905
6400
39927
43454
12461
47711
48939
28014
9014
36993
47326
33764
2355
2513
29480
20658
185
45601
43838
10486
28133
21863
43992
37504
8217
15153
8096
34125
38053
47834
28558
7588
3042
35202
12802
20188
39006
43253
46474
28619
43508
48508
7970
32326
23786
34173
30355
28625
44582
32661
20916
5362
17232
42103
33052
7203
30304
41068
41882
31098
9009
40131
41821
13011
25177
14567
41258
20180
33419
7731
44805
16529
34998
16065
32905
40679
19370
1524
12534
2895
38179
23245
16721
43289
35916
49130
5702
24713
5972
21932
28208
20606
1381
22329
6440
17101
25644
48280
10798
35883
9874
4060
43967
38748
22317
28924
18391
16450
6062
46706
11812
49557
35325
43965
5642
24685
44970
42231
8925
48514
41121
9124
19277
37747
24735
10545
35162
25532
12375
12967
1195
279
28733
43288
14806
40420
28791
7060
33767
7464
18200
18782
5954
34036
12785
15931
3114
41452
34235
29338
39149
32626
24583
46740
29219
20452
19928
14275
3831
3852
1211
29940
14488
29160
10215
6170
26391
32713
5988
39815
25187
47105
42019
14585
23997
752
17353
4540
20404
29174
24983
25097
4854
22604
18599
49375
38003
24212
5441
47805
18697
17458
40548
5684
43963
