61
64
111
151
154
170
180
189
206
228
229
238
245
248
274
288
309
381
382
429
436
443
481
489
562
564
586
710
712
727
737
793
801
805
840
845
868
905
923
963
988
991
1000
1052
1103
1133
1155
1197
1260
1287
1292
1294
1316
1317
1376
1404
1435
1465
1470
1494
1515
1536
1538
1554
1593
1722
1729
1749
1770
1792
1824
1826
1830
1883
1886
1936
1959
2104
2111
2114
2121
2134
2146
2150
2154
2170
2202
2240
2241
2244
2258
2268
2280
2303
2335
2353
2363
2402
2415
2431
2501
2530
2601
2605
2619
2632
2650
2667
2694
2707
2720
2745
2809
2817
2862
2920
2925
2937
2959
3026
3034
3075
3076
3096
3110
3124
3149
3161
3163
3182
3188
3215
3231
3245
3247
3280
3289
3319
3325
3340
3354
3412
3414
3436
3437
3448
3483
3533
3557
3567
3592
3599
3606
3638
3651
3680
3733
3747
3760
3761
3781
3810
3814
3827
3835
3904
3946
3985
4007
4015
4024
4077
4081
4087
4127
4142
4178
4231
4253
4260
4266
4275
4279
4293
4317
4321
4339
4478
4487
4488
4507
4512
4533
4542
4550
4556
4567
4595
4605
4650
4654
4662
4670
4726
4752
4754
4779
4790
4858
4866
4881
4886
4912
4917
4955
4981
5005
5030
5048
5066
5097
5172
5179
5204
5206
5250
5262
5269
5311
5313
5334
5335
5422
5440
5449
5461
5493
5524
5565
5570
5620
5632
5640
5644
5648
5664
5677
5690
5701
5762
5787
5803
5824
5834
5871
5903
5956
6010
6143
6157
6218
6221
6255
6272
6340
6356
6361
6363
6368
6371
6406
6455
6493
6499
6512
6518
6543
6598
6618
6627
6715
6727
6739
6759
6768
6844
6857
6863
6869
6879
6884
6896
6906
6938
6952
6989
6994
7000
7012
7015
7028
7042
7043
7045
7076
7080
7112
7237
7276
7311
7324
7366
7375
7443
7461
7464
7489
7497
7500
7503
7515
7543
7559
7614
7617
7620
7637
7660
7666
7678
7681
7725
7743
7789
7805
7813
7841
7890
7906
7930
7934
7953
8002
8007
8031
8034
8056
8073
8175
8222
8225
8257
8281
8324
8337
8366
8396
8398
8426
8433
8438
8483
8491
8561
8611
8614
8631
8649
8668
8707
8717
8747
8824
8835
8841
8857
8865
8875
8951
8991
9025
9028
9054
9079
9114
9117
9122
9164
9166
9194
9211
9219
9220
9232
9252
9317
9330
9404
9418
9491
38191
13586
13308
44391
31937
40858
27196
34077
46999
4783
32355
7262
34214
36705
46705
41977
29025
3237
16347
4667
48626
38602
21714
28781
11388
17240
17466
28656
2935
3479
11170
44912
16458
14599
42857
36099
32925
10291
9091
35280
21537
22915
38516
34811
11096
17452
3079
1186
48544
15965
30985
34129
39890
27018
17061
25784
17258
44190
39993
5997
31862
28371
36064
35699
39984
14100
31538
43558
4622
16454
16718
5275
3929
40719
29985
21372
34526
32442
42981
22117
5293
19299
9195
15249
28391
14953
5476
16307
34085
42454
45497
19534
29105
11232
28406
43614
8532
20599
26445
10312
35251
46698
43960
23075
25499
9065
15725
49228
44682
40254
48696
46438
28778
43199
29992
7920
10138
18789
28376
14562
24042
2215
43104
1247
5138
48313
27133
9893
23429
47435
6666
30776
13133
31971
5077
19549
42387
35625
26101
18252
34995
2001
6083
6727
26348
41408
14271
37387
47031
34773
40722
4586
41156
14510
14868
9302
45052
37509
6937
19687
40237
15637
7703
49035
37782
14224
14361
27548
42420
27299
26932
32041
23019
6171
11230
38793
2158
14616
31643
30038
35897
25604
40810
49926
36045
29334
2498
6579
8850
45673
2308
6043
16359
25297
34970
12314
28701
31014
30934
2624
24657
42458
11941
2506
43008
18209
42561
3149
29306
49911
579
45116
35886
13155
38005
643
28567
31758
47896
37723
41354
23299
24066
26627
35856
15096
19073
39870
32133
19146
35795
13906
37667
8493
5668
24407
41161
49694
48461
29776
49427
19597
46955
40324
45871
3737
1217
40766
20004
12104
41904
46327
29431
14813
29507
25060
44640
14265
49670
16055
23325
36118
1610
13342
29112
40257
26832
40931
41244
3633
9187
2129
28543
21999
38473
45696
7763
6887
40079
5235
32176
41276
9673
2468
9608
16317
49878
24001
1706
18430
10934
4289
30648
24162
30973
45792
47429
36088
10504
31233
47177
23687
23904
8089
13346
4735
35618
48827
48308
40948
36309
21683
13294
14220
18703
32838
24391
46852
29820
26113
23726
38314
12248
29843
9947
9003
24273
29514
20894
14545
32962
48339
6835
33182
49860
36741
48151
41396
24550
3232
16614
953
46844
11681
25973
9739
46355
36865
23886
48568
28591
13407
10659
41267
8354
38621
26252
1379
48171
5231
43566
15694
32841
32039
3526
15
1326
35670
22181
45791
27256
33887
39736
22206
29574
8327
5688
14458
38363
28879
21993
47709
9358
44449
46390
4252
31458
20683
47697
18967
38393
27581
8501
42395
14564
9532
295
9810
4371
49425
26227
3126
5395
40043
9487
43679
18805
17888
45063
12680
49904
25510
35720
44332
6150
11373
35297
47895
24188
27122
40361
18392
21895
36898
8811
41901
8402
39084
5056
13745
15188
28846
5040
37126
38430
19805
37245
5974
2061
5332
47238
6384
16343
29924
23368
5591
34006
35702
19766
40068
19302
42159
21523
37478
40166
46654
4889
19517
40015
1456
15586
44678
3477
27818
20481
12486
46685
3983
1000
24601
24173
12712
14825
23749
2192
49637
47569
20428
17218
4842
39781
44372
18898
19680
38056
34958
43803
44036
11607
14475
30954
35057
8587
512
34399
21926
11774
14695
35393
41560
13214
756
5031
33281
28931
18937
480
26152
32851
32249
20224
11797
23341
46345
28907
42672
18068
18761
3202
42244
5083
41310
47515
31829
19377
15150
39816
42556
31533
3075
17927
11555
41363
28886
30678
16382
33316
15190
25623
30416
1390
17052
12392
23397
16708
5315
7691
42025
10497
7415
19891
1714
30580
20635
23751
6006
46059
16884
47461
14471
17987
32940
20388
37606
10261
18337
47262
11931
31838
14279
27380
11516
36967
47504
18244
42289
39731
18666
9466
38768
15031
12653
27815
43522
6811
49287
17433
1201
12789
24731
1279
7694
33588
10751
6991
419
44716
2032
4457
42741
36456
24149
33568
21110
40622
18947
30932
41166
22134
23471
41813
41386
40494
10983
43729
7943
39199
679
27245
24070
7111
6766
20354
42349
25936
48431
24320
4364
17042
6052
44683
7337
45920
30051
20587
46104
26825
22880
12644
360
20718
30966
5697
48887
3819
21290
31630
29094
5465
39320
10342
40895
45943
2551
27784
17905
33157
29519
14170
27591
13690
3088
44605
14784
47648
45562
47501
19670
32848
40970
45577
8439
5164
19311
49823
48284
46696
28495
25586
48921
29805
30363
37014
44515
24214
34666
27972
3697
42733
48743
48084
5394
21489
14892
16728
43719
35358
28713
45284
49208
35568
21289
110
1748
32466
33483
41633
45160
35829
43604
48268
22917
27717
11876
19289
8394
44548
4049
5271
4321
27040
24310
15085
27119
35097
16378
28709
36695
3342
29529
18020
26875
9434
41787
21923
17903
10743
41226
43696
20231
46978
45781
16061
29750
25361
26869
46280
13962
43039
19953
2055
7461
1590
44521
3923
17108
15501
27654
33928
6643
8479
20165
1045
33982
30946
17747
37927
12467
49073
26506
47307
20693
9270
37864
40082
42422
23229
22956
2920
43310
41504
15264
45684
40174
19486
15978
29116
11549
28019
26839
46346
13063
11889
42157
4215
49260
47084
31186
34622
37535
202
428
12483
28365
26805
32292
3702
21242
49842
47174
9376
44088
33856
36753
27340
27575
49206
33391
33460
45059
36697
18183
5199
14424
18539
46861
14097
42407
15066
36042
11677
2526
2880
45614
24474
14610
44698
39156
47419
35085
26620
13370
8673
29602
33913
19824
4623
30736
22296
33417
22452
29193
22464
47715
16901
26057
13963
11589
35592
21555
41906
38530
38273
23001
31453
16094
33656
16599
19923
27693
30178
36837
19380
46559
36590
41503
21680
3312
40698
6997
48332
42346
20518
19525
7904
33024
48387
40222
29565
5234
28544
5861
28674
45844
1075
16
45241
13128
39174
10626
45231
24027
37225
34427
40605
5611
9425
16447
34474
25129
21894
40052
19523
7652
18796
26574
37295
2956
16720
42055
27343
28129
33736
42224
44502
45378
40265
41361
2632
18213
37392
33900
44155
36329
7069
32489
15101
36529
278
13669
16641
16163
42941
5731
4986
23091
10306
16407
39699
13780
7594
18120
46777
6245
5605
40315
9213
12957
27837
34878
27190
29590
43619
36401
32380
20827
35749
10287
35372
10257
7891
36315
29130
22623
10056
28010
14998
30118
23562
10285
17393
40812
37490
19719
8838
9447
8012
21170
36076
47187
21213
19353
46664
42208
2728
42058
12563
8413
25001
31008
21847
20211
1213
43839
18963
24712
19369
47085
6900
46646
23813
26610
47767
35676
43689
28684
34525
45825
5612
32156
41468
18982
31638
3811
35127
36210
1263
47656
42106
16488
11457
13255
46335
28215
6587
45766
8141
46662
33639
42667
4684
30555
23433
5408
8821
49453
23798
37737
34147
4150
44836
46774
15337
46537
24609
15033
33433
15302
438
19659
21350
17404
11139
17228
18692
38871
49244
38928
31291
29142
1105
23422
47154
2531
10806
27527
48919
8281
2448
19469
964
24175
23305
33868
35116
35461
12427
31403
27011
43997
30285
5801
28329
48140
43943
44588
23931
27025
29167
46567
40303
26229
47583
23028
26847
28581
20670
19796
32221
39274
40413
35657
39093
122
2170
34483
14083
3392
40915
35984
29609
28959
22367
16255
31774
26374
27277
22856
36479
48705
23531
29401
28968
18361
38742
45261
19050
30853
20855
6662
4169
2086
29458
40507
31385
29938
15936
18943
47660
21406
22366
47875
1718
6036
13199
15209
48442
7892
12298
40387
15993
11152
14705
17974
43616
14323
34633
32717
15005
4584
24893
19709
48353
41544
5071
19893
36928
20552
37090
19776
3247
45426
46651
10161
46401
34386
29418
14847
29248
31483
36291
15062
36165
17428
14571
29045
13491
39510
21121
19976
225
32158
44969
19243
20675
21645
14433
11660
1940
38024
7421
34730
23961
47269
49249
881
48615
21696
32407
15187
49662
15401
6671
38139
22663
23664
3596
11883
41840
13017
30620
2157
49816
13730
4256
15821
26435
16293
30773
34991
27707
16362
23550
40781
49086
39872
1796
38541
34625
43910
42632
49194
28358
14783
33208
17434
39839
7608
36432
42295
14902
43176
34285
46186
40825
13662
14731
43787
45093
12729
35706
29002
4121
17579
1972
21461
23303
39827
886
42306
17945
47985
6845
24107
12159
18989
24087
10388
34713
13717
20735
49580
35203
4992
24086
17982
14357
5692
26013
35330
48982
25766
35047
30823
22091
24331
22285
306
28932
35019
22166
1343
26518
18000
3143
12262
15350
19355
12878
24718
48468
12497
5602
5671
38759
28560
35423
43016
3774
21592
316
21334
14179
18071
24730
577
46713
40845
26201
35206
4690
25091
48031
30064
46163
45593
17367
11210
15252
23990
47175
5532
11292
24530
8110
28353
11225
26650
44722
47755
16773
205
5316
7071
39063
41640
12709
41876
36541
19190
20176
38986
5018
27551
17784
32591
32439
16744
32254
17895
8758
26289
42905
26531
12312
322
6431
20944
14523
37709
31827
36983
32921
5938
45173
13705
11128
14467
32563
23979
1422
41089
47069
32755
22805
14112
11659
29335
9396
45020
20713
26828
6413
33672
39832
29628
166
26284
31571
21690
34205
46611
44065
23169
46574
46302
22186
36059
5772
26955
47025
15841
41477
45498
16354
406
27616
16655
27957
2838
47247
27148
43921
9598
7628
26952
18423
21542
7302
47700
47692
48121
5382
11316
36878
47076
33893
10467
22311
44247
35813
6525
10996
34271
28908
39586
25021
6546
37857
1765
21330
9652
10421
42213
5595
26852
21729
12008
12413
42900
6480
11715
38117
47592
9683
20167
21799
37139
22051
27569
9432
31077
20825
48713
46278
16519
19751
48034
48577
28448
4142
22140
22315
41634
35574
23383
11601
22925
31772
5569
8716
7512
24388
36143
10078
40923
6610
36381
11599
21516
9336
44511
8613
5496
22233
2853
34177
20430
8103
14436
23759
20516
37249
26069
20013
32273
16681
23551
17264
7526
21212
5011
3677
46178
32766
34538
666
43760
48196
41245
49945
16205
24248
13034
24133
9025
22494
37017
17551
274
39319
40083
1
3652
10845
43171
8565
21067
29073
14661
8298
46878
44188
46775
25907
541
3602
21411
17731
43474
39855
21907
5140
45101
7629
22187
16369
16078
26480
6201
9139
37547
45167
43341
5839
45707
32102
27287
29585
11332
