11
24
32
51
52
95
216
220
230
256
301
327
389
398
428
433
447
462
490
494
503
504
530
569
576
590
698
712
722
728
733
771
801
816
828
860
861
864
870
914
956
964
1008
1030
1039
1042
1096
1110
1235
1247
1296
1305
1356
1360
1366
1375
1385
1387
1392
1396
1403
1418
1425
1514
1558
1570
1590
1591
1601
1611
1693
1706
1729
1737
1750
1757
1770
1771
1782
1835
1856
1858
1876
1949
1974
1997
2098
2148
2159
2163
2165
2245
2262
2301
2341
2370
2412
2490
2545
2611
2621
2658
2676
2681
2727
2738
2740
2742
2749
2777
2811
2841
2923
2959
2967
2984
3045
3054
3057
3123
3124
3171
3180
3184
3234
3239
3252
3261
3267
3295
3297
3357
3442
3496
3505
3522
3605
3614
3618
3676
3699
3740
3796
3866
3887
3908
3927
3942
3957
3962
3963
3969
3985
4005
4017
4050
4057
4064
4077
4093
4118
4136
4139
4181
4194
4222
4269
4297
4327
4371
4395
4496
4577
4611
4620
4646
4702
4716
4718
4751
4766
4777
4800
4825
4838
4847
4903
4932
4968
4971
5035
5036
5096
5171
5224
5228
5244
5249
5274
5280
5327
5332
5350
5369
5377
5431
5446
5498
5506
5563
5588
5628
5631
5714
5807
5870
5908
5915
5964
5974
5979
6022
6041
6056
6158
6160
6181
6194
6196
6220
6221
6293
6313
6316
6324
6373
6376
6406
6413
6424
6426
6428
6480
6487
6503
6542
6552
6558
6580
6581
6642
6647
6707
6728
6733
6745
6800
6808
6885
6888
6902
6930
7020
7078
7080
7143
7155
7165
7190
7204
7228
7265
7273
7281
7305
7344
7347
7353
7354
7371
7377
7392
7402
7405
7409
7416
7447
7459
7464
7475
7502
7530
7586
7623
7625
7702
7710
7759
7817
7854
7869
7909
7988
7996
7997
8001
8003
8005
8013
8033
8050
8118
8119
8180
8189
8236
8250
8307
8393
8413
8421
8455
8476
8478
8483
8524
8535
8547
8647
8660
8664
8672
8677
8717
8719
8725
8727
8736
8821
8822
8823
8827
8829
8888
8919
8924
8976
9048
9057
9068
9107
9125
9143
9146
9178
9244
9249
9269
9285
9327
9334
9366
9391
9441
9462
9468
9572
9620
9621
9623
9638
9644
9721
9729
9742
9781
9802
9809
9846
9932
9941
9942
9966
10052
10058
10063
10092
10122
10128
10168
10174
10209
10214
10224
10272
10296
10310
10348
10375
10386
13835
30267
48246
46116
9755
35343
40271
25110
2574
7784
1432
9281
6142
37693
9379
1306
27638
23462
9714
44668
2780
29596
9140
32830
39153
3329
34459
37905
34106
29540
2962
29844
10323
21674
332
27751
41740
4721
417
35132
13668
3337
17328
49245
47050
25275
1926
24793
34780
37674
31450
30929
33058
35883
29380
17865
35701
24720
1560
49490
13106
29879
2365
49339
23847
8136
16292
30605
9471
48001
20190
10399
13627
2427
7612
42204
39760
22238
34748
17998
46738
13436
45982
19116
39080
47766
39531
8746
44176
25659
2287
29
26507
31098
1187
42231
48009
7470
35195
27440
1144
843
27934
1507
24374
7053
12209
36389
448
17509
31880
14080
14712
9499
39301
23528
26592
36889
11008
7914
48187
8217
36634
49711
18951
28000
5341
48635
45364
39723
43375
41179
2435
35952
30914
24447
18249
48096
8207
1463
44167
24104
38344
40612
13181
25460
38718
8813
43945
4673
8782
31904
7826
8272
28919
2718
29772
17353
40113
36055
1540
8925
19106
48145
35934
9257
6503
29060
18767
19541
28636
38574
43303
11305
31207
16113
348
23999
16596
43525
604
19644
24567
14124
9985
46992
41879
18782
2209
19828
30271
43989
47676
42283
18436
31459
15678
46046
13490
5414
14069
49441
22716
49164
32967
41118
32378
12757
35916
2622
39121
15735
37035
27944
28584
16866
1524
20473
45288
36231
12296
23221
43998
46344
11431
38855
13613
27427
10516
47691
45349
39026
23796
48470
34715
20555
16146
32309
45314
11509
4498
40245
43698
40741
44967
19697
27155
29803
48792
33780
48100
41456
14329
30743
17422
28428
36819
3336
15452
45419
10776
46864
16793
36750
32662
17743
36038
39719
37504
10777
31865
49387
23830
41756
16219
22769
23899
44582
6570
34131
11671
44350
3051
23446
10332
19173
13594
26300
7168
4468
29927
23004
43660
3438
39027
8853
17174
42711
44709
13069
26007
1935
27026
13348
38345
14116
11618
34781
20976
8062
37087
22410
45233
14534
13467
23002
30591
28208
7183
44742
17387
33153
23043
38913
7537
25191
46619
14948
7187
37068
36279
34783
12328
23224
47176
45656
17349
12165
41762
11535
27646
4081
7972
19305
30116
34722
12294
34123
35414
23848
13800
41073
20658
11014
29593
35286
18390
26488
38823
18200
4476
27104
48788
37432
33542
28179
14487
9751
1668
47339
43363
17994
6682
41164
25106
3066
9767
29003
35369
25549
45546
23610
35179
4787
36531
47215
40190
24605
7663
48979
16733
14807
7396
43700
1434
26656
5033
21440
7979
650
23997
19332
8099
40703
26842
28216
30002
35996
4798
8451
47560
11479
25615
7511
35658
20449
220
17115
1757
14194
46632
33339
29659
18605
37325
22146
48254
8857
44624
18211
13583
48197
15494
16752
44443
24057
49303
32874
41457
20622
28035
36506
35248
42372
24681
39379
19728
40635
20295
23866
25385
38326
4368
25532
23781
4155
13966
3214
658
38963
9328
564
49359
29729
20686
44806
16637
39927
12836
44721
19818
35430
46523
19103
3689
28400
21119
38783
40418
40928
15871
18857
26341
11263
28548
20132
13260
22254
28650
39396
3585
9077
29480
30979
8577
15623
5719
47398
47328
2171
10064
37648
28014
34032
27004
38187
22924
38533
42559
6904
14025
47473
25189
14945
24589
40022
36491
13225
30048
41432
45827
35796
45190
47585
37619
32790
35846
14335
18905
41324
44924
39245
7060
4018
2660
3893
16918
28354
25027
49344
29280
35201
23485
46897
48318
15893
3940
8522
11022
38478
32613
8410
10151
33596
37522
19942
36358
34037
38312
12078
40442
18298
15542
16704
2342
17054
30376
822
38341
49535
26269
33905
12809
27358
9236
481
5589
37646
33328
44552
24349
9221
1211
6867
24258
14898
16554
30520
39886
27609
20682
47326
15923
34017
27911
27562
39471
36254
16513
37199
49628
1195
29653
44864
48212
15396
25097
20584
5928
34568
27431
25502
32990
17511
30408
44770
9910
22645
1664
32131
36395
7970
44294
36858
19216
17432
13902
35446
42628
44149
25267
30497
3971
965
2350
28467
37102
46990
25190
46680
1428
5470
22258
19395
12131
4273
24851
18735
27415
7631
872
12818
2021
1205
19573
9464
1977
22800
32109
20980
11229
12802
23808
5174
40194
47550
43951
24641
3880
8797
23297
27813
27497
10601
31339
33489
26846
44970
33654
19294
29173
21874
28817
14909
28036
16225
44001
24514
13801
29092
17311
24096
32190
20379
28025
30428
21863
39380
43289
25178
35963
16939
13507
10637
36314
20265
49346
13522
27059
39995
30331
49373
15509
41907
18386
15304
44074
2808
36737
32016
16920
17221
28699
24795
48209
31693
24144
46873
12477
32708
3549
30888
40401
28791
10764
25581
20097
47689
29257
44794
4991
628
2950
49439
14275
20916
42465
22435
7588
21467
49869
21721
26879
25668
42622
21466
41121
17517
34168
18231
18677
44257
32703
11056
23652
32885
36323
30280
32483
31888
14456
5994
38980
18706
13400
49635
20287
20275
16169
27639
29057
7144
11661
47433
42569
17071
47317
28300
42804
20002
33076
3906
2504
14708
7505
30820
15333
44925
23566
30744
30172
22773
40479
18105
18737
436
24881
35758
42576
44175
4619
26427
30968
25816
24679
1708
17396
5349
42110
44122
46763
812
6008
18291
36134
17514
7212
20242
31391
43610
37532
783
44805
42759
22350
27571
28444
32661
32076
38041
11283
18854
21231
45457
39650
12915
6165
48257
30609
21232
20257
19945
12252
13716
36180
36100
7930
36312
2401
37371
43475
40542
32022
27211
48560
14312
12435
35873
12660
3987
20790
34321
26723
3515
42867
42649
33767
40275
23938
47048
13650
12257
47227
44946
34646
26361
8535
13084
44568
7347
46782
31144
39739
26704
453
3582
19104
41200
19094
24094
45313
47946
37772
317
14137
10686
4373
3536
13420
46725
5566
19273
11122
15946
5924
25719
30904
13707
36530
2189
22304
34855
41068
48109
37628
24642
2680
47486
41019
43949
38289
7674
43092
42175
25807
12325
9438
35418
2578
24814
17084
21092
28133
36386
33584
44580
29364
17101
4918
17232
16952
48013
40320
4821
37561
2720
42587
33242
36836
10297
47557
17103
40211
24983
33662
47805
371
38591
28515
29413
33831
40548
12393
3318
29606
22164
6479
27522
9759
21903
18697
24163
42796
18979
2459
39966
31412
20334
38581
38235
15466
24492
21248
16448
14666
45089
14482
25609
6929
23106
3361
22628
25880
41848
43479
32573
10675
7434
26184
34664
9671
41774
41588
28665
28063
39236
48147
22684
23157
49941
49555
8833
42301
29513
6240
4229
38387
404
47089
33127
19017
42869
5432
14365
4651
279
28052
48317
15848
36501
34761
40867
35456
6512
34259
2996
35281
43292
8638
38222
40590
43054
4353
47431
3184
10674
29348
41960
6124
33732
8421
3570
42361
1607
46137
32194
22026
11939
23096
25160
20743
18203
8132
36909
2035
37738
27042
24549
26376
2107
9171
35317
14550
9799
37493
6113
21472
7243
7464
18424
13086
35089
39519
11107
29039
39480
2145
8200
5477
40411
26708
22881
14479
4337
36155
48105
37690
1123
17573
22178
28380
18572
10761
4387
18012
35325
5828
12355
3292
25814
27338
3204
13833
48378
9831
28449
48971
13028
26499
38849
39006
32107
29641
14499
23964
18508
46041
7889
17357
23786
31987
45516
6563
15352
2233
30645
15087
7647
36464
9193
38753
21932
2861
39271
27724
20539
44875
22951
37976
28092
48026
32659
46701
8858
26177
13483
41040
3136
9696
48850
18765
37949
17178
44645
24058
15755
32670
22112
45339
42439
7015
47274
28113
41546
22540
46910
42618
38043
21387
24476
33770
902
39281
29655
10146
43838
48389
47418
46749
41600
8478
32173
5428
16056
25419
5324
28525
23061
33438
43542
5362
24101
12910
11073
27323
2895
16316
22962
5614
7643
18906
7772
21144
11963
43378
39793
27280
19904
23891
31213
44820
27981
9296
35554
33268
5702
21322
5249
2598
2714
49130
26546
31214
9697
6374
19127
17352
497
30069
38340
19633
28833
36786
42183
12553
29412
46439
23797
22777
37355
36311
32341
1147
10867
22844
27553
48059
31048
45358
29819
49006
8524
24511
41851
34036
32009
1329
21195
25712
28003
7360
757
28619
9657
42566
15008
21469
4935
43037
23952
12037
14548
26744
8209
905
16116
36763
12230
23126
34270
17983
12740
10589
8147
17247
8753
15707
47740
41222
15113
37869
38551
39223
47298
13951
21243
13480
16391
13649
7445
37984
13751
4322
39044
1601
32484
48844
9853
189
18214
6260
30924
938
27758
4869
12028
43368
37439
15414
5115
16963
405
17438
1234
24113
7527
42364
1589
15581
22118
46513
748
38052
42984
47468
13031
11251
9881
38617
35713
12674
17486
19529
2169
17458
1878
47525
44741
44731
14585
48842
16423
46613
27855
352
33336
32538
41152
48859
35209
47093
16420
3053
9401
14848
21071
40485
32971
12429
41696
22692
49050
36925
47143
28767
39628
11879
3665
38977
14856
11424
26164
4543
37063
694
12634
43757
24700
11400
25242
1227
25616
21064
8842
27533
21413
504
13419
35744
45176
12993
2652
40956
9495
32058
19974
21393
30078
8748
14592
8382
33638
14509
19662
20928
7530
2773
19445
24943
11849
42019
9124
47428
32831
36862
46369
24834
44320
44599
35196
44500
28212
31164
41131
40125
33421
38368
10486
23776
47849
36573
20852
36337
11762
41258
49656
16734
1086
1674
43750
34002
35149
11944
23240
48415
9094
32471
32247
42105
38586
21758
36068
33179
2014
26599
12640
439
34607
30429
32204
14782
7808
37841
35761
7327
21760
9058
49837
19761
687
20452
2855
44454
48136
1130
457
3900
19041
29174
23629
22641
20396
24583
13165
19065
7991
18955
29341
23660
30378
6650
2490
39521
39709
38238
38321
36201
32857
14958
37328
46287
41628
28231
9312
44494
29587
38633
6597
8660
42226
24639
30426
37377
48618
1266
989
44630
33728
36886
21143
32206
42644
39083
26552
5163
38003
29232
49375
37189
11018
39819
13334
43002
35855
12030
41467
1715
16763
37881
27749
5765
14390
30695
42190
4571
41929
41355
14778
1872
35391
18383
44940
16060
27516
33922
2885
2142
3831
32403
40906
10338
1340
41510
46902
40150
45143
9004
43828
13876
35685
