74
111
143
176
184
201
202
230
243
332
344
360
367
382
389
394
431
443
447
455
463
475
483
489
500
511
545
598
617
626
633
645
683
710
718
783
784
790
799
813
857
863
889
893
896
968
973
1053
1091
1105
1108
1118
1127
1138
1140
1178
1192
1259
1291
1315
1332
1341
1364
1365
1402
1416
1491
1493
1505
1548
1550
1556
1594
1601
1669
1672
1729
1779
1842
1898
1901
1969
2007
2015
2028
2037
2076
2079
2082
2091
2118
2139
2218
2237
2243
2270
2283
2357
2375
2388
2417
2419
2421
2423
2453
2457
2477
2485
2504
2508
2522
2558
2587
2588
2603
2693
2744
2768
2775
2812
2815
2826
2858
2863
2998
3014
3051
3064
3102
3152
3177
3246
3251
3269
3308
3340
3342
3344
3353
3384
3409
3471
3478
3494
3501
3513
3528
3531
3541
3544
3549
3555
3563
3579
3595
3596
3622
3675
3723
3756
3760
3788
3888
3895
3903
3929
3931
3938
3946
3947
3969
4006
4016
4034
4057
4118
4130
4137
4174
4210
4213
4231
4244
4256
4318
4333
4351
4352
4359
4392
4409
4411
4425
4431
4474
4501
4505
4543
4569
4606
4613
4652
4660
4665
4673
4689
4700
4771
4860
4864
4876
4984
5021
5058
5059
5062
5102
5108
5119
5121
5127
5164
5204
5228
5242
5276
5312
5376
5380
5398
5503
5527
5544
5588
5594
5596
5608
5609
5613
5651
5707
5727
5769
5787
5797
5820
5832
5866
5880
5885
5886
5888
5894
5895
5923
5927
5952
5974
5990
6010
6131
6175
6176
6204
6282
6290
6308
6314
6318
6370
6371
6378
6461
6487
6490
6516
6526
6571
6589
6632
6655
6673
6719
6720
6748
6751
6753
6769
6796
6799
6818
6890
6906
6908
6911
6966
6977
7021
7061
7067
7228
7254
7282
7285
7311
7370
7386
7399
7420
7437
7442
7503
7512
7535
7549
7562
7581
7600
7607
7626
7632
7672
7686
7795
7871
7876
7888
7902
7969
7970
7972
7985
8053
8128
8148
8149
8239
8276
8283
8284
8301
8305
8361
8368
8388
8393
8413
8419
8421
8475
8498
8551
8567
8568
8587
8599
8609
8632
8711
8720
8738
8764
8770
8772
8926
8955
8991
9000
9014
9016
9037
9073
9111
9126
9157
9163
9167
9185
9228
9284
9401
9422
9488
9558
9588
9596
9606
9652
9663
9713
9731
9794
9804
9837
9863
9910
9935
9943
9947
9959
31007
33575
33170
40009
7452
11035
31821
37409
36154
21145
2704
21034
32103
29354
9194
37943
39646
30437
48480
21285
45761
43010
6547
9067
29042
11500
2741
41995
17818
13107
21446
31803
18328
26148
44660
12472
13362
46216
16530
27865
8324
24429
23450
21476
41
16974
4154
44195
30111
3119
48095
35320
47903
48553
31897
29912
790
8736
42792
24789
3963
48733
23586
13698
24978
36449
11270
9354
36481
5575
38170
2902
47127
5535
28026
49972
20656
25901
4896
12694
12819
15789
6805
17512
6558
35482
48994
42094
4116
27729
12782
38291
21131
40133
32730
513
13321
13413
20490
8844
27081
38676
12021
10591
2870
17382
44048
38476
6944
21630
6772
8144
9802
20876
37820
37856
32544
24033
9137
9991
9900
16690
44535
43443
33708
2875
17380
22708
3185
38605
26957
17834
19224
22376
14135
5410
7521
10461
49256
27878
6499
18652
25415
27484
24935
17844
46235
37424
43361
37594
32470
9954
4306
20724
36524
42687
30145
21115
4342
8024
20308
22032
2772
1838
11443
18375
36835
11087
41939
15139
46702
1354
1787
29303
43541
11295
22953
39901
13278
25516
27169
47195
16712
27984
27973
18287
18075
10428
38488
48364
15310
21701
7477
42181
5165
14270
4518
43319
10588
13418
43261
35734
34630
47742
46931
121
21656
6660
44765
29779
32809
13408
25149
27542
42091
696
49678
21504
21224
7056
32639
36186
7542
20130
28827
23064
4034
1328
22729
4471
31035
44207
19157
10885
7661
41405
4491
8218
10842
23775
3417
910
35347
36860
13275
5922
13970
20468
27743
18529
34497
37895
13640
42267
5967
21550
7279
41024
33846
4521
3245
46410
24064
22835
47853
29570
17291
30524
20850
31802
34256
957
43095
27555
26234
463
41071
14720
28399
38365
27498
800
2557
25528
33134
23742
45521
43078
44595
32437
48628
7410
32291
5527
2719
40480
44644
38594
27185
15464
49558
37255
8881
8362
35947
32036
17695
22250
12693
38055
11789
15972
12250
30454
33987
2007
27499
14013
15975
12361
13856
30096
39222
7766
13752
29728
38705
31531
47808
33836
21987
45494
2491
17757
32013
25145
7008
40961
15995
14500
49536
32678
26169
41930
27704
5252
14299
21765
28176
33616
18901
38563
39248
3368
11538
37373
30371
8178
7644
975
19579
2878
13341
41538
39925
20112
4830
31280
14404
5926
24210
45306
33649
6390
35677
9579
49755
12212
29532
19328
16900
4853
14829
30040
47034
49721
39412
37581
46509
3455
26695
10204
19915
28645
11915
14206
32705
38622
37198
46114
15297
18162
28301
41716
32763
13989
41458
31223
2041
37811
16306
47589
15910
9403
14327
34925
25939
6917
5294
40918
29658
15697
43106
18880
14834
27980
14768
47730
42412
1884
10959
33730
14157
41604
46491
26449
40372
18053
43287
9484
36305
38182
36138
7275
35075
48973
46957
803
26523
39515
28802
42990
19343
47632
13081
32482
8682
7897
16111
18138
23951
15091
32687
40209
31005
12323
9168
1606
14602
35096
26773
3339
29269
44121
18635
16715
44495
36293
7633
1818
5537
2004
32850
11811
17902
3101
34968
35420
27091
12471
33531
10567
5132
26549
13955
7194
37397
36468
25911
33282
34023
9144
5871
7098
1475
48493
33032
47432
13759
21189
48012
35466
25295
36832
30081
421
46053
39310
49877
1620
20138
108
17972
12504
23118
11455
19295
9420
12188
40968
49802
25665
43961
22281
33291
3610
8740
41498
26630
3889
31171
24403
38889
44783
21521
46724
13848
1122
18863
24617
47
5240
7146
24218
9255
7068
18163
22755
2349
43478
28893
16807
47255
38007
20318
7878
25912
2343
21590
14646
25859
28114
46000
19213
28890
8776
1670
1752
25512
48321
29637
47224
11548
9463
35824
1189
27097
37515
7739
44203
42706
26956
12656
37578
31343
15639
23165
26175
18747
21867
45023
36184
14761
27874
2408
40342
35350
6621
36726
11961
31979
43099
47152
35834
33107
39508
37008
13506
22287
21365
13300
16581
37745
2315
15160
10398
39242
28291
29483
33699
17981
7522
2868
5609
22864
32151
39008
13485
41084
1163
22515
43041
6704
41551
30470
7658
27737
9577
11705
47910
25602
28673
29162
20695
26527
33474
7844
26588
18612
29198
27721
32420
38905
49329
32526
13036
20285
41085
15146
5825
4620
36570
20317
39436
33822
49724
8936
13524
35226
21163
16906
16326
13273
19963
19655
4376
34079
47397
42942
19207
26398
27696
7688
35065
20545
9763
10360
23597
47353
8800
9386
11221
17786
18360
4455
32361
2867
27816
18026
41104
7877
34398
18573
19785
22808
28734
9523
8862
48589
33680
31743
28343
24771
27110
15200
8990
44539
44186
41802
14752
37166
46088
37111
29511
40225
41211
13819
13424
27163
48989
44053
39983
36496
46541
26629
33108
8843
9790
29715
27201
15731
14887
26001
17239
40020
2090
47958
12678
425
43507
33412
15289
7882
1430
13621
27823
12346
30665
10433
36152
9597
4370
3662
15034
30325
12338
43312
19551
12574
49331
47587
46179
34928
40011
17127
18239
44510
12148
3675
46728
7962
21748
35031
30746
4604
6976
14266
43990
1768
36112
4168
7026
11891
47316
24061
42185
39360
15262
36883
26762
21099
14094
30493
10391
26119
19287
15529
35126
29742
9437
38060
44688
34062
37232
22587
43314
26864
40924
23070
42523
40534
2354
32908
7919
43421
23128
4598
43080
29988
36245
22155
39550
26765
12380
48169
46254
22974
28107
26282
44256
32807
35711
41667
5712
23138
3693
30596
38407
37878
24670
6757
25887
38439
19964
16249
39655
38638
47335
10469
43959
25426
14860
31289
7308
1727
19868
42696
39269
18819
39390
7178
24719
18184
29448
18101
16498
21859
38216
5758
45570
47904
40995
37586
38971
21031
32257
13163
19044
46016
1676
14106
24780
37838
19001
49290
3517
3488
11934
21750
1050
46686
21925
45529
25593
39861
23340
39821
17690
38102
10417
34102
41454
8092
34747
41991
46564
42020
28043
19205
33379
13438
7009
13059
11349
31420
5111
37361
3117
16057
11335
13487
34222
35146
36972
21725
38398
10700
6414
14435
2484
43484
45015
8418
25354
26305
34729
15068
18204
2393
31486
9559
20839
7868
35958
194
23950
30690
7258
9603
25591
46589
12219
46832
35936
16102
36355
47016
23918
14459
47601
19611
29079
10512
22486
8706
34639
11342
43503
42328
40126
9740
30246
49987
1936
15585
27966
48090
13397
16415
7552
36020
34266
22676
11354
35486
34651
3462
9217
20563
48784
26242
9440
1008
20580
36116
45855
15584
20696
38399
36635
17267
35880
44627
7184
885
47492
37143
22803
32328
5340
26786
2114
16202
32310
10289
13270
28689
12892
1334
32101
44774
5248
14842
1307
14426
30070
33901
21018
14063
35230
12398
8750
41231
16352
2799
28748
22035
37278
47449
2377
29090
30988
990
7596
19686
13777
16402
5150
17407
3253
22877
2230
43702
12506
46475
11518
8454
41775
21491
30045
14364
22797
43469
41599
701
14946
11168
15443
20065
7942
33834
39661
36675
13477
38349
46014
12376
7888
8798
4090
45451
21412
27482
39729
24610
39931
29814
4732
44905
36583
17739
45341
23289
25467
5634
45940
2936
5386
13
22441
5574
41972
45713
27239
24409
22107
13290
3436
41644
33793
42542
14675
10742
34580
40841
21900
19425
7948
31623
13643
34268
4511
22307
26442
28664
2033
3395
33899
32419
23395
48833
34896
6467
33644
6836
31293
47194
37613
8304
44608
11962
14930
47481
4677
28867
14774
11843
44279
34178
411
1792
42993
26155
44288
38016
2589
44540
42180
40860
39185
10152
48365
36849
7662
39178
40714
40282
41469
7089
11115
18588
22397
13431
42147
44334
17362
22603
23147
34653
31691
6069
28568
218
8055
3535
45803
25302
39671
36710
25192
1793
39747
27480
23911
4895
37855
25086
28545
15695
35740
22733
36300
41488
47200
34181
11106
37128
42648
19258
49784
23069
300
18720
9712
48384
13985
19110
19899
46373
32899
4038
33632
19225
31493
3226
38806
46106
36398
12423
42090
35887
33042
49153
45703
25861
12137
14114
25847
2550
2693
37626
36137
45852
41295
46261
808
1844
907
42694
49956
44216
15565
45639
11030
17262
8322
23559
44230
19376
9093
27738
24555
41884
48694
12421
5867
33741
42427
15118
23188
39943
24919
37572
5531
30858
41308
45692
48427
29925
31823
10976
8166
48951
2177
11202
19874
12074
12173
18790
48906
28944
32457
32981
12200
3626
7330
7783
13228
47846
34325
25491
30365
44467
5715
39809
21824
45109
16819
33564
35111
11666
36423
18225
18198
8377
16416
36494
33602
2759
3416
19220
12058
33047
5660
46501
44766
31785
10991
13318
39019
5189
28161
30232
31428
14903
11420
11313
48504
19359
19337
30584
3786
22535
23003
48745
49275
2387
17522
25884
21090
30765
30795
31501
18837
40900
38032
737
46183
14988
34654
23283
14793
21167
1981
12448
28124
2641
36122
14228
9917
37015
11641
45424
43823
24165
31773
7363
46258
17761
26299
22734
38459
31705
23062
24798
47122
9526
44113
6315
29517
44351
26308
48482
20061
29126
47180
31307
30980
43631
35721
41007
1180
13286
44238
37969
32456
18285
23414
22570
37280
400
1207
24199
35656
20038
2205
14640
9290
14085
6886
9333
34608
48146
8043
4372
29948
36492
14770
5818
17325
1850
26541
28345
22639
22810
4806
29682
2514
35216
41894
39426
37742
41411
24136
26186
31887
41125
2595
23508
35306
21247
30887
37816
36169
34827
42
12607
46115
28224
40213
22310
5639
8065
49781
24962
30751
14697
21063
49725
16875
27795
802
31621
20779
9498
6461
17682
40333
14811
16123
4755
5471
24747
46800
39324
37368
3669
44482
38535
7807
12978
4209
43970
2121
44867
47593
24980
34293
13465
26795
10180
10807
502
7135
25921
32951
24772
31572
4186
4549
30102
49449
6549
46813
17403
8585
19737
3423
38186
11006
26096
1409
25928
16446
46575
27393
12748
29229
2812
22841
38352
42217
42717
19845
15765
46082
21316
18489
1443
3708
35575
1675
18322
38722
48893
27121
43465
4052
7397
13007
7745
39675
11713
38244
34597
26999
29706
17217
13786
30317
40428
26266
15820
16221
5506
1295
41577
30377
29249
49093
21981
44392
40115
45533
33350
32513
19969
20009
13340
19888
