40
65
66
67
71
87
89
114
180
194
203
223
254
282
306
323
340
362
372
395
413
446
463
525
534
542
581
603
642
694
695
749
780
782
787
795
798
853
869
878
934
977
1008
1026
1064
1088
1098
1103
1116
1131
1140
1187
1191
1235
1239
1286
1291
1300
1313
1332
1337
1371
1373
1379
1448
1457
1479
1480
1493
1508
1522
1552
1664
1687
1692
1731
1738
1756
1765
1782
1790
1859
1895
1900
1925
1941
1954
2015
2024
2029
2054
2070
2072
2077
2092
2099
2138
2163
2170
2208
2328
2331
2374
2383
2405
2465
2472
2520
2537
2539
2578
2584
2645
2659
2668
2670
2686
2702
2711
2722
2731
2743
2745
2760
2771
2819
2850
2866
2881
2883
2970
2975
3002
3021
3048
3057
3118
3121
3126
3156
3180
3185
3197
3200
3204
3232
3271
3303
3335
3354
3392
3418
3444
3496
3517
3536
3557
3587
3645
3673
3678
3687
3693
3704
3726
3765
3770
3776
3827
3859
3924
3960
3991
4002
4023
4048
4050
4072
4090
4102
4135
4160
4162
4170
4212
4226
4244
4249
4266
4281
4299
4307
4309
4398
4403
4409
4428
4458
4476
4483
4485
4486
4506
4622
4628
4654
4705
4741
4845
4855
4886
4925
4942
4968
5028
5089
5116
5173
5183
5188
5189
5238
5240
5259
5264
5350
5361
5373
5381
5450
5518
5545
5561
5619
5622
5673
5676
5793
5866
5904
5922
5936
5965
6010
6151
6158
6169
6178
6192
6196
6197
6210
6252
6267
6310
6339
6389
6425
6454
6494
6528
6557
6599
6616
6626
6643
6663
6666
6686
6693
6702
6730
6732
6768
7019
7065
7083
7183
7194
7251
7255
7290
7306
7317
7373
7379
7392
7420
7447
7480
7489
7492
7510
7565
7566
7571
7602
7644
7654
7681
7704
7751
7820
7853
7919
7927
7930
7953
7956
7976
8025
8100
8102
8117
8127
8188
8245
8248
8295
8346
8410
8411
8420
8431
8494
8503
8510
8523
8534
8556
8580
8612
8632
8644
8669
8683
8702
8712
8777
8793
8808
8815
8840
8850
8865
8909
8932
8935
8936
8990
9003
9007
9058
9062
9066
9078
9100
9121
9157
9178
9182
9191
9218
9329
9346
9362
9366
9376
9399
9435
9438
9505
9531
9552
9564
9574
9583
9607
9642
9659
9667
9672
9781
9796
9810
9822
9825
9910
10002
10005
10041
10049
10087
10100
10160
10162
10171
10218
10219
10235
27674
5977
28979
34224
48838
28985
42050
33124
12126
25725
11461
26583
27924
9351
12867
6459
28874
909
46176
5274
6646
25823
47409
19167
33093
17531
8802
10475
20867
38467
656
4972
33225
32461
16193
26381
2603
2176
704
47212
23109
48249
18177
40641
12938
13020
1292
34894
49347
27536
23669
35352
40070
27496
23865
25577
7294
8070
3269
37583
16816
3038
8284
38754
39840
32578
27976
31628
23272
17592
1162
15573
18045
30261
17962
21503
29919
6717
9663
27293
24905
3130
27615
18193
14132
25754
2285
40683
31052
13810
23183
36803
17116
20984
36644
19479
8562
32243
22340
32738
48120
32577
42024
7966
24945
12277
33570
27068
19817
46001
5482
1702
45733
32800
21395
16381
46737
11591
2819
8445
46477
6346
49025
44690
22791
16978
16860
24787
42897
11948
30388
49936
34743
38808
12426
21253
40139
45446
26170
48044
27955
36579
18153
34171
17020
22172
580
21515
44807
38881
12891
12747
19102
1245
716
3978
40147
23728
34371
12065
7996
44285
19374
10646
2847
40700
32265
12951
36770
18725
49160
39605
46499
37803
6789
41008
15429
46431
46012
32111
31725
42249
13169
33407
48500
40691
40493
13720
14045
3093
9483
17394
8406
39254
2534
38133
44083
6898
16650
24907
44205
9682
15759
49631
39970
38453
6468
16676
4514
30252
41288
46917
5777
47960
39139
23765
10369
37534
40001
26944
43805
36780
4812
3430
40136
6099
1649
2265
10456
1673
48965
25013
11503
11965
24131
6219
39545
16118
36390
42944
27864
5283
38815
14728
10664
28287
14438
7109
3357
32448
21172
41172
49905
6139
5750
27364
41507
30882
34641
29475
43136
3800
40592
32562
27982
26703
39658
26664
44822
3738
8235
14158
9722
9226
31652
23312
29344
19987
16161
22758
20455
39114
35539
45354
21175
18141
16991
15241
47758
19254
28461
48273
2172
41543
40191
2805
37416
16430
41163
22455
29437
19768
4800
6974
28929
42699
20617
21936
7443
42842
48475
32014
37994
10016
15111
35628
18145
4979
13369
21484
32475
15374
31795
30443
11042
34610
43939
43817
28950
2463
5795
6631
16072
11898
47945
31810
35018
45442
36424
39383
12268
8785
15418
8399
45815
7287
47094
41685
29328
37207
48320
29964
8163
36940
30957
2462
47652
26371
11793
39364
3324
35374
26720
43278
29556
18691
3169
48286
18461
3584
46479
33456
1375
17012
33005
259
33165
20360
14565
38619
44414
23454
2381
43100
18067
6250
5246
9747
38587
17335
18168
26538
23540
46048
35646
2438
3740
39032
9136
46139
34135
28180
31966
6529
10663
24347
10003
7455
19605
16071
3829
41689
45104
37308
12606
5932
40601
15268
49321
12236
34295
1323
5469
11667
3670
35365
48393
48127
21456
39442
44331
34695
48253
41954
31617
19342
39653
7451
36584
34468
193
21483
17423
23534
10099
9108
49953
1749
43505
40925
5523
11253
22616
39707
37329
12442
10524
546
25780
21257
32327
8329
5999
13702
42499
6508
43429
8048
3384
39802
48175
17225
9627
12197
5284
4501
39795
26035
32506
7871
30660
5272
32644
8229
34296
1399
41676
7118
41712
10572
3058
8007
29014
17405
30444
8138
32051
10120
6880
17167
11158
30529
4995
29490
45047
29773
20652
27056
1665
7013
11266
27550
28842
35671
26580
3313
10234
15671
48372
39776
14637
28928
8241
47112
4469
6881
35621
47999
38274
10103
27490
49827
46102
37845
14693
42534
8397
32114
42571
23946
49857
2434
21972
4383
7693
22583
31996
1106
9192
31372
36221
31085
48990
31917
11010
32760
631
30916
27808
40402
19416
38460
17271
38700
44137
34825
6337
43713
27337
45898
30508
24990
3215
38421
15329
46551
723
9536
30221
10147
13386
21596
45461
11832
45809
12401
29690
24456
23049
13426
28085
1859
26437
11345
42763
34656
15328
826
10903
44333
23535
10288
38689
20650
20620
46152
15618
47596
1174
6846
25096
38164
4287
13425
39916
22888
38715
11309
19124
13574
46314
30472
3857
38214
135
5644
49916
35181
48107
17459
47400
14982
20898
14876
15635
20594
32501
6762
34001
44701
8665
33533
44043
15346
42609
32323
1479
42162
859
31131
25902
36534
10069
8861
45954
2586
33264
8961
19954
2368
42521
2954
47597
10805
12400
7413
46309
39577
27783
41264
22948
1452
12189
25629
25207
21263
46538
40260
41808
44681
39207
35678
23736
24286
19937
2382
19530
21160
37148
38323
36438
45462
4466
49250
28955
16044
7131
192
21664
46707
567
32876
32974
4207
46714
37653
23509
37808
12876
5643
41403
37587
34342
10402
47350
30380
25728
18221
47818
33022
35173
19502
36097
38589
32349
5078
3482
31846
31480
38276
41112
40110
12855
7012
38523
36893
11798
12543
11095
43003
48432
49358
6541
33840
37023
46764
34869
19851
2558
36766
32726
18848
37703
33716
18522
45697
6989
2857
36985
47990
15405
34212
20000
24740
36966
34471
10416
37384
29734
14870
45608
27670
48562
18728
39590
6667
43489
8715
39191
20596
13293
20395
39243
24083
8700
45168
6342
12544
36708
16159
3881
42781
7237
2229
38727
36391
26603
34681
39015
7499
48133
41042
1994
10645
36200
10191
39454
45148
29316
20711
38081
28586
36792
15260
36551
33385
22023
7361
6909
5855
48311
4092
27261
20739
29954
35572
29882
26108
21541
47993
9265
49378
29781
49696
40408
39627
9861
42389
49532
40913
25524
23319
25237
20726
23962
33014
25320
27532
2914
44477
35663
17022
21667
8648
43492
40344
45578
31157
18842
22635
43350
10974
47658
602
291
30169
11863
45985
25029
37044
33195
12207
42331
29725
32512
43534
39612
37516
3155
18917
38686
26438
43408
21759
18616
36403
48953
15615
18777
30076
441
17824
41773
1914
27886
49570
16388
9159
30406
25450
32832
49007
30664
3998
32836
41957
17220
19658
33852
49654
45017
9269
26590
28683
11808
46710
28279
24984
5378
7484
47245
9743
38927
32574
30745
40409
43622
34523
92
19131
44759
26988
20786
49861
42617
3268
30411
37323
19132
22784
37307
29598
48936
5483
49144
40578
1771
8005
19090
44310
48569
2942
48821
39106
31367
11906
35142
39253
48558
5427
9664
24501
29764
44937
20246
15811
46272
27378
20259
8707
39317
2923
32421
11368
22600
49429
20863
32897
34333
26352
7995
23565
4274
1429
11593
20405
49543
12092
13616
13572
13614
40899
38857
23845
16649
22056
25111
47395
23513
32819
32178
44362
5764
35266
19227
18182
9623
42770
2666
9514
1797
8526
7431
43161
2815
13694
35078
20958
13883
49960
16651
3681
47886
14804
32279
41413
38136
13322
8998
23472
12605
17891
12233
18236
30510
42202
45760
28006
4222
43858
34815
4551
24362
25557
30640
4617
4711
1862
24632
31259
7104
42048
45635
42388
4923
5658
32465
5648
190
40886
34455
19618
24150
23149
11378
46863
38645
7126
32200
773
19036
8787
24455
10610
46963
32306
32092
39956
22992
795
13197
2778
35536
8180
11272
19251
240
4779
3904
41761
12249
33954
46582
15676
25518
41315
35210
48374
31390
30398
7083
27370
44984
19910
16846
23827
15164
24085
26678
46248
29786
5365
8618
26948
31511
12926
30601
32447
4863
24183
2679
42611
18349
29695
19775
18980
27541
32424
3115
31968
31841
3518
3250
34140
48725
35825
34152
27866
11049
20598
25938
38436
34979
15334
1337
21770
38107
25756
18140
30460
23199
35999
10606
29067
14141
46975
1058
5250
49851
16257
6651
17753
35876
4815
22518
25632
16336
14991
8278
31018
2003
41028
442
4602
19129
2417
23148
16127
49876
33104
20604
22705
31037
40292
44888
18055
21479
36760
25906
48081
30329
1250
16697
38524
21169
19141
1116
9648
33892
4245
40695
13157
45243
33946
42449
40179
43086
39971
23799
1439
11577
32714
518
34419
27715
22776
1416
46008
365
6238
16902
29746
10721
39198
18535
47791
35074
5929
48491
29199
16239
33441
13684
37557
22531
3333
26098
16512
47181
27171
35139
5732
7534
13501
24053
1688
9866
43899
25078
10065
48156
36151
3634
48756
32540
15323
6474
5869
49551
33446
35301
43895
19948
1383
18421
18933
3305
36758
17854
32532
34963
47063
29968
34089
38469
11180
26198
2590
34792
41612
8022
28125
21611
12115
18840
2160
39896
47077
36939
25072
18171
16630
592
17683
35321
26938
34977
4001
48752
31526
24692
43119
39298
45159
32259
49567
45447
26334
26977
28230
29055
28037
27612
31675
10313
19297
35518
7384
8982
20705
20128
14872
36505
21013
15927
39239
22537
31189
24554
25951
29537
20936
16657
39022
8519
23434
17922
11569
19509
31787
26457
13315
13854
40175
35388
26109
23110
17281
46787
44199
33111
40883
11942
18530
22976
20419
17588
3159
32977
26547
41714
14207
17935
33969
43362
31278
17601
14123
40483
11676
11149
6948
14208
47782
26369
32038
34104
37888
4955
20530
29414
25669
47733
43540
9023
3493
9972
36571
37477
43191
32896
32281
43855
18797
21312
41002
32234
15892
47708
38162
8273
40926
12599
9882
10708
27661
14665
15046
24564
22774
25618
18672
22827
17416
35192
23839
20491
37411
48793
3874
10442
13004
9366
13620
36933
8031
32089
34274
23081
7744
37144
23617
49782
5701
8672
30514
26463
2426
4300
34319
2487
20467
19283
2881
21339
40223
15629
41187
42730
7523
47206
4412
25047
13868
27061
41434
15015
48597
21699
17933
49681
38870
44057
46821
25392
2309
30577
42371
7437
3745
1643
32622
47751
10228
12830
46100
7051
37362
15745
31314
37643
12857
22813
21608
42220
15619
41281
20949
21267
10354
38288
5262
18546
26484
47628
10088
31424
29766
26579
4837
39283
36131
30448
6407
19147
21319
40939
34473
18631
29782
6576
41935
34983
15795
3883
17318
13535
18660
42324
46445
6403
24825
32271
2663
18266
38371
48457
21123
26055
44951
40785
43644
26402
8919
5185
37029
20161
1686
28115
2721
23440
18395
27851
23640
3310
42926
25533
30438
2232
17696
29340
28507
39424
42236
10864
42957
15416
22022
7973
15422
44213
15022
49968
12093
18382
39462
25470
19547
6964
35995
475
15843
44156
10682
40636
16049
13562
49043
42864
44691
2918
21931
26440
41889
5875
11013
24765
3969
37681
43883
38901
4277
35489
1314
19921
16457
27643
41732
44569
38362
