50
81
154
181
211
223
230
241
251
252
274
281
307
336
385
406
407
450
538
558
570
716
730
735
785
789
832
847
850
852
870
887
901
949
1011
1045
1056
1091
1105
1150
1162
1168
1192
1228
1249
1274
1287
1294
1306
1316
1382
1421
1449
1482
1485
1611
1665
1666
1688
1695
1725
1727
1737
1748
1762
1763
1777
1794
1838
1892
1950
1958
1980
2002
2046
2063
2095
2100
2118
2124
2147
2259
2269
2296
2304
2322
2327
2336
2350
2380
2392
2414
2464
2479
2495
2505
2530
2547
2551
2553
2590
2666
2684
2718
2726
2747
2781
2807
2815
2938
2956
2970
2982
3017
3044
3049
3059
3071
3079
3107
3128
3148
3185
3239
3250
3317
3346
3403
3469
3531
3540
3545
3546
3585
3598
3606
3631
3633
3636
3646
3660
3699
3703
3710
3762
3775
3918
4006
4024
4029
4076
4096
4105
4109
4155
4169
4254
4264
4271
4293
4312
4324
4344
4359
4377
4427
4453
4466
4473
4490
4498
4503
4515
4530
4542
4569
4597
4610
4697
4721
4783
4807
4819
4851
4877
4894
4913
4921
4967
4998
5005
5009
5010
5025
5041
5049
5109
5120
5134
5142
5150
5264
5278
5309
5320
5340
5369
5380
5410
5440
5445
5446
5453
5556
5596
5619
5653
5671
5748
5765
5802
5809
5810
5916
5968
6034
6054
6112
6115
6117
6145
6182
6219
6223
6245
6273
6297
6319
6341
6357
6366
6371
6375
6422
6431
6434
6441
6497
6507
6516
6553
6564
6565
6629
6636
6661
6669
6689
6740
6741
6760
6866
6952
6969
6992
7017
7018
7062
7081
7085
7105
7137
7180
7201
7229
7247
7251
7257
7300
7331
7421
7427
7431
7442
7449
7463
7516
7520
7538
7573
7598
7606
7635
7658
7685
7721
7770
7858
7870
7887
7926
7935
8115
8135
8211
8234
8268
8313
8320
8347
8382
8396
8397
8432
8450
8494
8560
8572
8636
8648
8650
8659
8695
8785
8788
8823
8828
8848
8877
8932
8966
8970
8971
8990
9063
9071
9079
9096
9097
9128
9135
9185
9274
9332
9333
9351
9398
9418
9425
9452
9459
9479
9513
9541
9557
9682
9691
9728
9744
9750
9761
9792
9800
9822
9840
9881
9919
9964
10005
10008
10047
10062
10065
10120
10149
10163
10173
10241
10278
10285
10296
10313
10360
10370
10379
10382
10397
10422
10449
10535
10566
10634
10644
10661
10684
10737
10740
10743
10744
10745
42520
8400
36964
40419
27401
24415
34879
9264
25249
3456
24495
32468
29425
15293
10668
32833
47899
46638
30579
4788
17027
39456
31111
13644
42396
39229
13087
8051
24353
8407
3388
18939
6048
8373
41938
7266
44330
2182
27377
29482
44706
3966
39002
20684
32944
26969
30567
46316
34220
16134
6155
11600
41139
28217
40105
39347
42256
944
3547
49155
42961
15685
8204
20899
11298
22679
31038
33702
22131
9174
31673
12630
40014
27279
46546
3022
40831
11928
24532
30375
39092
3902
1786
48715
15862
32895
20422
45482
40868
27890
42432
10907
7150
16698
15362
7113
42728
8198
919
33001
21186
27671
47647
27776
22392
4153
42344
16955
32978
32393
3965
30098
21089
49579
20484
1152
5905
534
16544
46440
36075
20861
48189
44388
14929
22174
43395
19083
27833
2095
44740
45422
2685
18731
15908
28679
36073
5448
43025
25272
3837
26896
22819
33163
20171
43495
37436
13251
47786
7236
28460
44988
43819
3767
7545
15764
26682
7270
47209
42533
47357
39167
39551
3229
8156
16540
27348
33579
28341
8985
20542
44665
4890
17898
875
28877
27590
21279
13283
42363
7780
22876
7139
34003
20952
3968
8878
1331
45477
28263
17833
48330
3047
22434
22083
23510
9948
6105
30201
14119
32238
38624
16166
2334
23902
11610
894
1588
6978
37986
30831
11201
45992
25821
46217
3616
30701
13651
2549
6042
17259
27838
15861
1636
29896
26581
19723
4002
13758
37946
6642
18061
48155
34403
15544
29858
31190
32598
44506
20101
46074
1355
17773
8579
34739
4366
14015
21839
48245
17733
7057
38140
8671
16079
2081
44021
43879
19652
8768
7260
37598
7164
26998
45903
12687
4406
7699
39414
35189
17934
49661
40443
3995
33504
48934
37915
42273
45544
19182
1061
22840
23769
24813
44623
11922
30381
29961
27844
39458
48302
14331
44089
11819
29031
22757
13316
43156
37003
43886
33631
8929
14522
35748
28854
30188
2231
33720
18773
173
4547
47167
8398
42115
33331
13285
380
43468
13257
35993
32636
18137
18762
32277
18928
11405
48754
29946
17392
48750
27392
13679
12135
37880
47480
16797
5043
34541
4161
44781
35547
45007
19663
42538
17175
1423
8494
1713
11112
14026
16976
215
44734
26028
7246
13805
37612
48398
41190
1998
10914
28851
45142
46924
12290
36556
38692
19698
29712
15952
27520
48685
3431
8928
20365
47107
31574
15393
45481
26747
24440
43418
22436
13249
732
47496
10294
33289
12578
38882
19786
29450
18064
1513
31303
47714
6001
3370
83
37282
12485
24650
17740
29491
14355
33295
5920
18981
39663
27459
32824
28342
39748
10737
42989
12832
32798
43011
38954
44788
12281
48199
24969
38411
13356
47720
10181
15798
44848
33125
1993
40180
29603
23898
44290
33467
4920
31836
11861
47732
15708
1538
38629
34302
29774
20207
43467
3993
19693
2945
33333
36944
32773
23554
41638
37011
26996
25693
27066
29769
8050
17619
24796
39569
13067
8230
25775
28741
981
49703
4692
25408
44154
12357
2722
42813
37096
31137
12088
27689
4419
6760
47011
12496
36962
45492
39712
23092
28632
13840
9286
19021
41703
44813
16185
43466
37852
30090
35015
18563
37527
49033
31592
2984
37338
28294
4135
37360
30742
13050
34112
24503
40938
29393
24160
13517
1618
26330
35232
15177
36035
33931
12468
34846
2755
35821
45273
1567
11847
44538
49508
32216
37784
14453
25864
41875
44445
16210
21915
5233
16168
43759
18983
23694
35247
18873
27530
35061
14663
21450
8496
19999
39973
48381
17493
41587
36587
25141
5962
33064
36453
2516
39381
3746
39742
31485
11723
48397
35712
31309
49316
1656
16043
41720
26418
40456
27666
25550
3828
5849
28241
46329
14627
37914
33962
8463
33707
3271
4579
39920
18913
44914
6675
7345
23249
10724
1066
22184
13911
39790
21265
34444
16470
34702
44377
31994
11097
33138
14875
47778
22232
26971
37768
12655
43259
26479
41367
37099
34117
3394
33172
18634
21214
11077
14227
44229
34183
43425
1591
26804
43703
19423
14093
30017
16377
34888
28746
32677
28852
32804
37196
15219
46762
43058
41566
37312
49680
16741
34411
47424
6419
39869
24105
16081
47913
43005
19623
5510
4733
8586
4004
12005
27269
47753
45627
19889
624
6092
21916
31883
44306
10324
17882
25465
47602
15370
28438
33912
16277
4160
21957
3794
12947
47225
48274
24831
15549
20277
32900
21126
16556
40754
45345
6443
30105
33464
19595
4990
33555
44349
23639
31646
46536
31200
4463
23335
2733
11491
1157
12246
993
7726
16110
11174
2009
48566
24744
34660
13618
35166
18770
15499
47919
29242
49548
26751
49380
44160
31551
3667
1949
28510
9196
1943
32658
46267
27819
4451
22722
27092
5136
9594
1750
11790
2236
1911
3451
29554
40763
34192
36350
39497
44223
41046
23949
37541
36416
27472
24489
30095
41025
38758
10509
22830
9355
38359
3747
31922
33494
32780
36871
14632
45553
18764
48980
32821
37216
12716
10971
6355
607
35112
29857
5057
33430
34687
45557
28484
43842
46360
22742
29624
29816
44551
44667
42966
19176
25740
198
34451
46899
10831
46916
8795
14033
1780
40662
22357
7978
33820
5399
47012
31729
9698
9547
4850
15320
11853
5367
21379
26138
11662
25517
49294
12839
12144
46708
22657
39487
45219
45125
48775
38240
40467
25774
24283
19896
18475
20292
12682
19007
46927
35513
48208
31243
23641
20801
33622
24098
37790
16524
24890
35602
26962
11462
17236
42937
9665
48624
44268
22961
23007
35684
7157
14004
3491
39682
47555
39845
28633
41113
49455
47509
43790
34122
18262
21726
11143
33835
31995
33628
8954
37813
11314
21075
18945
21797
26827
17721
41531
37114
42178
1136
44603
1521
7031
17495
11530
13990
47065
2013
47781
26836
5729
35905
32427
49957
35543
9634
45942
13150
29969
33818
16236
19583
44033
19240
34704
14657
44227
6358
30283
17612
30099
20732
42613
43321
41752
22416
4878
31028
44106
18748
31155
8282
29713
23316
21449
38099
33304
47988
8334
11519
47847
21370
8755
7815
42218
47229
4255
38507
19029
22338
33311
43455
49927
26278
2604
32906
30927
767
20747
32184
3055
29608
15242
43330
30931
5270
37059
20043
28022
28736
25353
26033
42530
41475
14961
45134
10542
20495
3778
12696
24473
5039
49884
21502
44593
13159
40331
19319
35053
42243
9746
19610
1096
813
11523
39975
13142
24287
36387
41115
48362
38424
11285
1517
26686
30703
11396
24663
40997
26313
42089
29883
10995
10482
8274
324
9377
29037
18267
23557
25707
20672
36958
44371
36224
37218
17868
6455
22119
43347
21804
8675
33199
23494
27053
27943
13673
10878
49722
16799
5646
13579
41828
39624
16408
47059
27732
47659
18347
22224
5755
8188
23090
39441
32452
49866
36411
44087
8154
33576
11947
44823
46288
7773
3949
49514
15403
10514
29921
7518
47416
27701
1198
18830
42943
11496
31647
38114
29304
28857
4319
34854
26277
15849
40154
19316
27677
18441
26143
39730
45312
29373
21352
24487
3459
45503
42866
5749
30819
28094
39923
36603
29649
38106
16374
15408
28740
5335
14792
42987
46239
4699
48910
16510
37911
18281
40471
24754
27690
43075
18946
18511
8590
41832
41743
30112
38819
22630
40543
43307
17611
1810
7354
30989
9815
12119
34818
41318
48437
49467
43221
12310
43275
10270
48817
25845
42642
22937
31631
13456
13252
38306
19177
988
17931
46853
305
16566
47043
24937
13405
47173
19506
23121
41564
28531
42818
28602
16658
26388
9030
6965
43653
4456
13187
8923
31548
13103
32889
5993
8134
26808
20415
21494
31273
18245
15845
23774
10740
23614
23046
32333
43133
14931
34074
42377
21266
10760
33723
4330
16896
45153
7476
18729
43809
36227
9748
8836
14437
40813
21977
6154
12621
19993
7208
19362
36912
34472
45772
8917
34833
37501
48701
21996
19856
20562
20315
5751
36782
11245
31120
38498
27422
5458
16873
34634
12082
18958
45545
24126
42323
15432
30540
23039
6797
42635
8243
23369
7090
25230
46494
36016
5965
14298
4448
7679
38997
35389
19222
11217
22473
35822
16823
23967
7873
16009
3060
30952
47477
33297
19434
17825
25634
49709
26125
30134
24380
34838
8799
20394
2367
40555
5651
7000
47757
26529
14960
34391
17165
23733
9470
28439
4534
7446
42528
11622
27150
2877
39733
44312
9649
2384
39214
44555
42001
35000
20382
7229
36022
19756
24826
28652
32835
49334
20692
16653
41425
11818
42513
25607
20122
48495
12202
34659
49707
16610
35052
1847
12012
46635
44046
38924
37894
734
17501
4874
20982
23238
1172
2763
28475
32118
21061
45448
47351
13930
27977
35497
19209
35762
38717
45891
36041
7192
34941
49474
34551
34059
47884
5613
46203
2361
35898
167
6957
19754
11437
35627
32481
38582
28909
18574
30554
42054
7425
33259
1979
18167
8287
34803
17659
28306
11852
17599
33319
7017
19690
23174
4641
20809
39147
49242
25171
25284
32386
48383
33161
31240
4822
15103
4529
17778
23185
31525
25606
37623
4849
23042
23385
46087
14669
30477
34763
11995
18083
43866
44532
37441
35552
47095
35452
27349
23233
8948
5760
675
35879
25193
31149
26410
26728
2806
2261
26365
28090
6575
32667
1661
9458
2371
45633
22355
25702
9832
26504
30137
41942
30519
19338
1991
23741
3040
31347
4260
13983
11269
21669
39642
36840
1805
14797
46973
46350
6100
29760
16781
424
21670
43991
46930
26920
32625
17358
11121
13689
38632
4961
29077
26591
40477
35695
2736
44260
27495
46525
5305
38966
42505
22305
33056
33986
7697
30766
9280
30337
39216
2266
13352
21190
21261
43189
19105
49111
42088
43338
41358
26303
49304
43273
31561
6781
1298
18001
17710
22771
43979
56
31409
20416
18150
30395
20084
37568
13359
25875
46901
15724
23544
34353
3162
4814
3790
33927
38503
44325
15431
20836
44792
10423
40771
4728
26473
11735
5626
10803
28952
43526
14579
18708
25333
47485
43140
19320
42405
7472
34323
24352
21428
16280
28845
31047
34186
2271
3751
25658
1206
48724
43399
17152
13885
4467
19809
18318
45674
1486
10880
39783
23059
38447
20939
21709
36954
43868
45215
15775
5606
31185
12652
35510
49859
34180
2120
33837
2059
10945
20421
16098
42902
