65
89
99
133
146
150
189
252
257
294
312
397
420
455
507
516
524
545
575
581
592
605
613
646
688
689
790
794
805
811
816
817
952
958
990
992
1019
1022
1036
1081
1113
1148
1179
1356
1380
1412
1441
1461
1478
1486
1495
1612
1650
1671
1672
1677
1680
1715
1737
1746
1805
1821
1901
1956
1998
2002
2014
2038
2056
2070
2159
2167
2204
2250
2253
2278
2289
2312
2324
2358
2365
2368
2373
2515
2526
2528
2559
2582
2619
2683
2756
2779
2794
2797
2799
2825
2828
2840
2877
2890
2932
2943
2949
2976
2992
3006
3007
3025
3038
3072
3086
3111
3114
3122
3127
3158
3181
3191
3234
3278
3283
3299
3320
3321
3334
3362
3411
3450
3459
3534
3541
3556
3561
3566
3599
3610
3670
3687
3726
3744
3777
3780
3782
3794
3814
3823
3855
3857
3871
3919
3950
3975
4031
4078
4134
4168
4173
4234
4248
4259
4278
4305
4310
4356
4358
4367
4393
4413
4420
4475
4517
4540
4567
4568
4574
4629
4647
4669
4677
4747
4770
4818
4828
4842
4921
4967
4990
5016
5028
5045
5083
5091
5095
5127
5146
5207
5226
5247
5265
5271
5303
5384
5428
5436
5447
5463
5466
5484
5505
5519
5525
5545
5549
5569
5604
5637
5668
5672
5721
5830
5832
5898
5924
5970
5973
5978
6016
6030
6041
6091
6100
6104
6119
6130
6139
6169
6272
6274
6335
6400
6414
6438
6450
6487
6501
6564
6581
6597
6635
6643
6648
6654
6660
6694
6704
6728
6738
6755
6906
7014
7050
7081
7086
7191
7257
7317
7341
7384
7414
7528
7543
7567
7664
7705
7717
7742
7765
7813
7821
7866
7896
7918
8001
8026
8067
8073
8145
8166
8180
8191
8222
8252
8258
8296
8368
8373
8382
8405
8474
8540
8554
8600
8696
8740
8762
8787
8837
8841
8877
8897
8905
8916
8929
8934
9013
9033
9074
9098
9162
9180
9241
9242
9256
9259
9262
9304
9321
9333
9338
9339
9388
9455
9468
9482
9486
9490
9492
9498
9504
9511
9548
9605
9643
9650
9687
9759
9767
9770
9785
9839
9852
9859
9878
9888
9899
9963
9965
10008
10016
10029
10042
10066
10093
10116
10189
10197
10247
10254
10296
10311
10360
10396
10439
10480
10528
10533
10593
10639
10663
10681
10695
10698
10707
10711
10743
10806
10844
10873
10887
10896
10919
10923
10980
10998
11012
11015
11022
11046
11050
11053
39695
43468
12564
37623
26281
31729
22876
9867
6874
5970
29577
14530
450
45499
30456
43886
35000
35029
36851
32924
47037
43120
34353
11160
15973
30010
49324
36335
14495
12567
19754
47621
38447
38564
1417
24819
10397
49920
25445
5175
12769
15006
30662
21279
28294
25465
30248
1580
46165
21705
36022
27092
28843
3270
36308
20126
31667
37317
27107
14707
32566
28595
3388
14298
32999
41141
34221
23392
39002
4882
17659
4467
12987
305
47753
33631
25854
33125
28845
2906
13356
23641
47209
44164
33172
22632
40620
6352
25505
36392
47424
11740
324
29896
44290
48330
6707
25127
21961
32196
37632
40419
40053
46441
6100
41997
19993
28471
26354
36669
21534
28730
21190
33006
2877
46487
37531
12352
3747
16168
31646
37736
25272
43347
3837
26728
23803
49680
20688
4535
39730
10549
42273
45269
22941
49988
27290
4529
22848
34111
10242
21809
3916
34626
17931
23316
2916
45271
1886
42293
37501
35684
22099
9099
48328
29132
18416
29562
17305
23369
12005
29425
24363
6202
10758
38555
2945
18346
39967
42344
23756
30989
49437
13689
21554
45374
18064
32821
28659
28736
16043
27224
624
10566
35602
16321
10482
24238
47024
25864
29630
13236
40957
18685
31145
16188
45553
7560
11725
33193
28909
18212
19583
26236
43093
37096
10382
39669
10995
13773
31255
2182
6483
17343
35944
5547
38775
20684
12144
5043
40772
33989
24952
35265
17889
29785
48437
9835
26889
44738
42286
29398
43816
8140
35497
26010
3426
28438
13673
542
10862
20140
7270
11462
4260
18267
35680
2009
15488
39090
2748
2755
21465
8866
7090
32352
7241
13781
37003
35232
34374
45245
7515
44094
49333
7981
10423
30441
2371
10945
19908
16280
751
12962
4698
37011
9875
8511
30133
20076
43770
3451
44265
46606
39228
36048
7140
2963
42989
17855
35513
43418
2054
19683
46510
30387
19156
22086
37312
17642
42089
10657
31555
27401
29256
8452
21556
45417
21126
16009
27443
4641
34444
6444
40989
45083
38373
19900
10258
20075
32386
37508
15476
11442
17645
25826
38629
32554
48674
16835
4610
25699
1567
27355
37331
14227
36056
32511
25597
3471
44214
11165
11143
28746
8464
24506
33629
31582
23898
1204
12545
28693
8671
31543
46063
1152
28221
26125
20092
11694
1998
21266
32364
14850
11322
11980
24283
26845
32978
42348
31273
24909
14681
48730
48890
39029
32516
26277
41720
17708
24687
3162
36871
13610
15980
25249
5613
33912
8398
40662
7590
42538
8463
41130
27223
17656
37101
491
32910
43366
2236
27225
15544
23777
45989
17599
7057
27941
35055
15815
38570
39381
27495
40992
40940
34183
374
27893
23874
6580
3174
20292
12912
27349
33835
31611
25284
40490
44665
29040
11603
35155
3751
12390
13345
5962
49803
47773
35389
28758
5335
28661
38272
49005
47358
215
44931
26095
32849
19423
37341
39923
46084
42494
32427
3557
13050
39569
41400
49017
45678
49508
13067
277
3163
26791
47103
47714
25903
13097
25775
30579
8282
42409
34188
37685
46381
9433
37366
4788
45477
31525
36454
31474
43340
2194
15764
28286
37419
17971
19169
31240
15365
37541
35247
47158
15177
39649
10921
814
7072
27690
21986
28612
784
5555
25012
14763
31055
6358
44813
36769
42549
12198
45952
12068
35660
17399
22890
34837
25353
8502
8167
33628
20365
38874
24352
5136
36191
39845
9444
3421
31226
35501
39817
37880
47757
27305
26755
24098
13159
34732
12053
34687
4844
44914
12012
45331
38990
7246
46715
41687
49070
8731
3968
28218
26735
39602
10410
12357
1206
13685
20478
13375
2398
30310
9377
39018
44623
20732
30831
32900
45884
18971
25588
45636
14322
24037
25205
32093
48775
19892
5961
46916
4463
33056
21726
24575
44150
19022
47173
11351
49644
48495
44979
21855
39116
36166
8836
44349
2294
17368
16419
41175
19338
31892
48822
8334
18475
38758
29145
21915
29491
13103
27065
19240
32636
38975
14987
5421
26073
36411
25777
45018
41062
33079
21428
6259
3410
33338
10555
20860
23432
2242
41692
39790
27844
5755
46095
28440
36301
47778
4635
36796
18563
34839
18541
38210
40161
35409
12833
21436
33962
875
41697
46667
40503
4448
41232
462
18919
35822
10432
16955
44555
43395
20807
6338
2440
43999
31120
37359
40763
260
21543
29890
17811
37310
13551
42115
19397
24951
40154
14026
12571
31303
34436
32431
42620
14273
11061
48571
4451
40417
16166
33430
26954
48935
3156
5749
569
30046
15987
5503
31330
47555
11928
31620
11722
424
13405
26700
27
3960
48189
38424
4347
15713
27462
42461
23349
35061
32912
17665
15408
32782
22715
47905
43307
23810
43387
25555
1991
42582
9665
22357
22355
6184
3748
2509
28282
21834
37868
26313
20101
22059
45043
26138
19201
19003
33634
30629
24105
40543
13251
49523
20460
44407
10844
40572
44676
30095
11330
44361
42820
2361
30372
47913
15432
2374
8500
14246
27664
17354
20043
11155
16566
34702
21062
42745
16969
37612
44337
36354
4850
17795
19154
5205
22830
38839
39092
11201
21916
5100
36093
33306
19698
46378
27677
9832
34074
24120
37402
21258
36532
31710
15728
33304
45545
46035
981
28616
42356
11121
1525
6982
39347
762
993
49267
11988
38471
42243
14221
6248
26030
26543
7031
8198
15371
47054
9899
2231
38657
37746
3993
28633
35905
41113
9729
37229
35234
11723
7510
10319
3619
31995
26867
26804
37224
7815
1274
44377
42776
34192
28439
6778
27804
35802
13288
45312
24877
9337
6533
1849
35534
33269
12716
42772
3198
37462
47620
40405
20053
21839
13865
18983
46684
22771
30162
21320
24867
9030
46767
1033
6419
16270
27770
1298
32658
839
32919
32769
4125
42384
22392
48715
35775
30107
13456
9594
30500
12573
17006
31856
7677
47625
45207
2373
6604
22184
2028
31793
25919
49484
33606
38306
4160
32944
5411
29566
48011
17495
37914
7280
3949
3264
26917
339
9804
38302
46471
34403
1513
15450
42076
37559
15393
14682
1779
41358
19612
3148
26914
26303
36899
3667
1423
5905
42817
39538
37958
12559
40783
25720
39403
27903
32942
9703
33454
37470
7103
9948
3280
35543
43011
40331
44330
16795
4890
12349
21009
11523
1474
37622
11493
44847
10971
36362
42432
3917
45903
39757
27797
27283
15032
42218
4572
11507
42798
40905
14908
31716
38507
25418
38361
2148
29836
48161
23518
47507
31185
46393
28679
3794
41139
47416
38245
25262
21682
4019
23515
47268
21709
17882
38784
5593
43651
43879
16748
29251
29110
10509
43693
28870
17065
16247
9280
29575
31592
18966
23227
128
29386
34954
24153
24287
7742
44403
21286
23059
39551
6689
18003
18516
35819
30099
10669
42054
21889
2183
19176
24440
29624
15074
27265
25603
7229
44929
48900
1198
17871
15510
42016
3028
46847
49188
33702
15431
4494
20394
8662
14004
29608
33477
47509
48381
19540
17921
17518
2730
14961
28340
32845
25311
28997
37125
25740
8579
44211
38709
14657
19182
45503
7094
8407
35712
44955
28726
12089
22047
13252
19889
34838
6092
36439
42088
49315
40467
4878
38790
2763
32795
42503
15602
35640
16698
27066
22235
7697
40934
3293
22224
2850
19042
928
40528
35125
3195
33295
26753
31864
44089
28629
32877
48724
46734
25722
47629
29713
31557
3595
46997
11536
18521
21124
27093
14792
47480
49118
26836
42613
45629
29276
25733
20031
40105
5981
27159
26179
38788
7724
15708
3171
13930
20201
49859
30622
11737
34383
35627
21356
34859
41875
38074
21214
16081
33757
34846
3017
3132
11376
26799
9634
22853
35989
42111
2711
46187
37749
19362
15898
33464
28460
40091
31867
23285
1979
4135
21046
11314
43009
30889
42274
46275
27943
1199
27300
25141
21059
3055
12581
27445
37316
14931
26171
29758
12431
852
8960
46597
18732
41928
16771
4002
36035
27219
8756
27289
48403
46842
43053
17445
37360
19012
7266
7236
36126
35189
41942
24969
17027
20416
48625
15774
16361
35695
535
40721
39714
21278
7685
14952
49052
18281
34738
25925
8768
21220
35445
32184
21804
20445
14140
33682
11267
16524
5288
33768
18128
10760
10703
42451
43878
16623
8742
20361
26682
12135
4532
6105
3752
6037
12649
7139
39497
31817
15606
41646
29302
48992
19652
43852
3187
16185
9622
34660
13721
29450
39332
47160
45492
34323
40904
34935
26640
34755
19491
18202
42038
7021
500
25425
34728
38369
7082
44260
17293
44434
11083
4862
19211
28536
48967
37059
23802
12687
18288
19856
17079
12322
17880
34237
27890
5458
750
39441
20615
24890
17825
49867
34112
4009
45326
21920
20156
19965
49729
47820
39316
13352
13187
42987
33136
4424
16540
426
8964
44237
32824
13387
16444
573
16510
42686
1517
29795
47672
16797
11933
14760
3767
13840
32862
1133
49980
6017
10270
5039
28740
13245
43249
10515
30337
37860
26775
18001
24585
42937
11164
37218
48395
41587
11245
31568
33161
42033
45882
44853
21352
2246
46096
36057
34186
8223
48010
12246
25670
37768
13048
36912
7873
26962
41480
7780
9586
33283
9641
6443
48754
14119
31028
21610
34299
49452
1922
18096
20279
24190
7351
39214
41176
20861
25252
5135
44593
5049
25610
36217
14034
14700
28854
23385
18845
4042
32216
5036
25233
29342
35609
30028
13651
8793
34884
14522
18176
17278
30189
2305
38079
11298
18243
28299
12728
34763
37852
11262
44756
43796
18440
3867
6355
47954
4127
21148
6853
16291
38118
43881
28902
43181
45051
6958
7908
24339
49294
40180
24831
29127
43248
7364
7938
10603
41098
26587
36869
27991
41096
37381
853
22766
30567
33199
27590
11247
27598
48383
36988
9649
47230
2104
5108
39318
28093
19610
35639
6730
40857
4874
44388
47388
37436
33319
15229
1482
47043
30137
2017
37911
5379
1093
24741
12202
44439
17733
29382
8847
16210
14929
6807
13829
5920
13758
2260
45762
28999
47333
9035
23176
8923
7699
33138
43868
31200
44024
36103
22895
9284
29482
5233
26418
16110
21707
44933
1156
16494
38241
42174
40434
3221
41365
7776
7978
29804
24442
14875
21598
10800
39411
13676
16812
36435
49890
12235
19861
5098
3015
22321
15943
44085
5700
25732
9205
46083
40616
45992
33723
8412
23044
47496
