84
86
95
114
159
171
180
211
225
228
236
379
419
454
579
608
626
630
643
683
685
695
761
762
792
810
823
848
867
902
913
930
979
1001
1003
1005
1064
1092
1117
1178
1217
1239
1269
1375
1386
1398
1415
1422
1443
1472
1477
1484
1490
1494
1508
1538
1540
1550
1570
1617
1637
1638
1657
1671
1676
1686
1779
1791
1794
1830
1831
1832
1855
1897
1903
1913
1916
1917
1925
1997
2015
2105
2116
2131
2167
2173
2188
2209
2291
2301
2311
2330
2333
2387
2400
2442
2456
2564
2568
2626
2661
2671
2674
2691
2700
2702
2813
2854
2887
2914
2919
2947
2952
3071
3091
3103
3122
3156
3177
3184
3185
3194
3215
3232
3255
3308
3309
3335
3345
3355
3374
3385
3399
3440
3497
3505
3514
3553
3555
3556
3607
3611
3642
3692
3715
3789
3797
3804
3880
3915
3962
3965
3987
4005
4072
4074
4076
4087
4152
4190
4222
4225
4253
4267
4283
4288
4312
4338
4348
4369
4376
4393
4405
4446
4451
4466
4514
4582
4598
4643
4647
4654
4661
4680
4695
4702
4724
4775
4793
4817
4869
4889
4920
4944
4962
5021
5045
5061
5070
5073
5151
5157
5164
5186
5195
5218
5222
5234
5240
5262
5281
5388
5427
5439
5452
5484
5486
5514
5515
5522
5579
5621
5625
5653
5656
5675
5692
5749
5800
5838
5871
5929
5963
5996
6007
6008
6015
6093
6121
6126
6162
6166
6171
6181
6293
6317
6356
6373
6401
6468
6474
6528
6539
6540
6586
6589
6646
6674
6770
6804
6811
6909
6952
6961
6962
6991
7071
7074
7122
7169
7179
7187
7211
7220
7235
7253
7263
7269
7284
7309
7326
7341
7370
7372
7389
7408
7419
7421
7454
7462
7510
7582
7599
7639
7654
7681
7682
7696
7769
7777
7791
7813
7831
7847
7850
7872
7873
7909
7913
7994
8001
8022
8052
8160
8169
8175
8186
8190
8215
8219
8238
8240
8263
8288
8302
8395
8404
8444
8460
8461
8486
8495
8557
8630
8636
8652
8679
8716
8799
8912
8929
8991
8993
9003
9004
9008
9046
9129
9132
9207
9208
9211
9212
9268
9278
9293
9308
9365
9387
9420
9545
9555
9599
9658
9666
9695
9697
9722
9775
9816
9847
9852
9889
9948
9965
9974
9994
9997
10026
10072
10086
10130
10141
10151
10163
10201
10203
10210
10255
10281
10333
10335
10349
10356
10366
10368
10419
10490
10544
10553
19764
49748
16023
34923
34905
49021
29068
6325
48294
1170
21653
8189
6736
19533
44107
2775
11134
41032
20843
21971
13884
7147
20376
47288
48115
35666
13768
41519
31126
19886
32580
33907
13040
10122
22314
45427
45157
8757
12123
11470
30495
45030
38818
1068
36520
2765
3605
14461
21498
27769
22859
22658
10380
23578
41404
24263
7723
37652
41748
5232
24774
17722
42276
33724
17294
18178
9535
10711
46840
17169
35567
48917
19570
39820
24654
38278
36868
30238
11000
20079
26742
47237
26267
32210
9508
22656
30047
30646
49286
39353
36550
19363
29066
26646
18413
28352
41322
617
44520
45403
22396
24137
34063
31645
28220
49060
28643
10453
44991
25872
45548
29761
20736
29023
18752
29571
5810
44620
41230
26994
4840
31761
36838
41017
823
38756
3659
27809
26090
33118
32226
30570
7198
12746
18832
21870
12773
29716
47900
10236
11716
40972
6434
31011
23006
20273
17279
1541
3678
26008
10359
15486
42410
10403
21795
40678
14351
17802
27354
6122
8426
39828
8625
4517
28882
22269
30446
17893
24539
23260
5144
18744
27794
17017
37666
1985
30738
17209
39109
26450
7600
27792
21141
23357
30716
7286
19539
43519
4
42860
32
11782
19769
8628
20056
8350
28335
45014
11663
28798
46281
6121
41948
7261
22108
29552
38211
18438
28192
11361
36578
21984
14538
44726
30439
43618
12628
22607
40633
49933
45821
33217
8690
396
44472
568
42282
43641
44674
23263
11585
36053
18825
19079
486
9668
36040
29133
20391
9042
9252
26818
12927
20327
39195
13152
13323
38448
36215
48899
15162
37153
16272
29512
25069
6725
33705
8692
46796
11109
37024
23160
49787
37979
17366
39058
6915
16929
40060
20764
35850
23711
47470
772
26292
16428
33198
47168
40509
32941
28086
20444
44767
29828
19930
45910
38946
48639
14512
34108
16853
16753
22906
5438
4039
12114
38804
33112
47642
65
32806
31203
36595
44869
16087
2756
42935
35344
18859
34206
36614
42697
5207
43102
24280
9534
17861
29264
43668
1421
29409
39532
38260
32367
28292
29911
38785
21528
7284
39692
40034
15868
41723
25993
8475
15704
20911
19736
45194
12071
10571
17136
36153
25689
36236
27607
19699
23752
28605
18670
29212
9365
35691
31657
27545
17860
49509
3183
40880
40218
3727
30006
16723
43098
10771
21848
20865
18458
29120
48617
15883
6064
25405
17843
37092
13849
24595
10377
28441
23032
43148
893
42081
13897
19710
31583
4132
31311
4932
13488
24540
45856
48995
3734
16128
33939
29270
30865
1304
37260
40815
28981
44004
10568
24003
47026
31776
47588
15702
2762
41736
6623
7378
16211
33754
25459
23058
24999
13264
42735
49759
6349
4858
1090
24206
4625
12594
12741
29261
15984
35508
8175
36500
5102
6464
8371
8563
17475
37248
33650
40138
16275
24041
37301
753
25799
20829
36663
42007
8735
22261
6656
16223
14518
26080
24450
35576
31512
24292
962
3230
28127
46099
18134
49401
21631
23959
1448
34080
22596
4664
22982
26637
34164
24484
19526
2862
13895
23020
6733
17760
19351
10325
34202
24398
45201
37913
30516
32087
49503
8201
9765
13647
15151
17112
9576
39800
49136
49652
29121
1586
2249
33539
21056
4565
37755
15809
14384
15363
25909
16276
22745
33399
28847
25558
23345
49122
12275
11308
14288
46859
19971
16365
44754
24725
39277
28474
5572
23311
37136
12964
11645
42954
46427
18639
15988
24336
38719
16037
15885
9583
44097
30856
10107
12064
12054
176
22349
2306
39240
20155
13234
44412
6779
32564
5834
16673
17700
10000
39911
31587
17771
41525
11614
40092
48740
10298
19678
34830
46928
37461
34163
22938
9582
8085
26405
18961
48584
15386
47495
14805
454
14927
46507
4013
7827
9884
28268
43935
25961
24463
36907
16962
29309
42912
302
44367
33832
6899
42116
40207
28989
19226
43969
11831
27130
44185
2259
39737
26404
43317
24680
44168
8419
23463
41105
18480
29049
22395
20114
38744
45228
47989
25842
22900
6889
12548
4200
14451
40178
3072
41666
34832
28434
44235
6709
34618
31711
29330
17593
24043
30712
18994
39818
35827
12963
8135
24417
11301
49587
13239
34445
22306
49886
10846
29952
49562
30208
49409
25196
14713
3840
45195
40358
917
23100
21547
6769
17128
2837
31329
17534
7438
2094
19667
41911
36129
26532
35587
49849
112
9745
26456
23864
34862
4993
37440
40814
33415
22090
35979
3285
25567
2039
10352
9863
23548
9849
16082
8432
46026
4011
14117
26498
28274
35465
11776
41189
7375
6353
41455
34595
49381
6226
40427
44679
15299
39948
16299
17586
28926
16006
40453
16997
29932
32294
29555
22998
46906
47582
46240
27319
11367
47310
42425
7740
48141
21397
5196
23052
2394
36473
20835
13563
36238
47365
26729
24932
30399
16682
34162
41807
16765
12592
38892
6191
8216
18654
17269
47226
23107
17409
46051
2731
10535
20311
40173
31274
18483
23210
23232
22145
22111
10614
33063
20381
47060
49163
11955
17606
11464
36732
3444
5769
14311
46828
18879
36568
23533
16310
22818
49345
29901
32099
4942
32042
38950
19880
7915
28077
6871
34911
37320
23982
14890
12311
39652
46078
48128
38037
841
1464
978
16248
41138
17331
45866
47680
36028
12648
24400
46332
46741
19890
31604
42292
36445
10476
2422
24217
42925
29699
7173
21152
42666
23425
29905
9578
17901
5247
36641
7728
17106
4084
28383
28580
3366
49469
40386
7349
18456
3934
28963
37480
34596
17255
37506
42498
39560
45003
19301
49173
47109
13924
4553
1145
389
6908
33188
23607
36208
13462
46206
30463
7659
24515
39118
18907
32168
45685
29616
36872
15574
31351
24018
3062
9602
44997
11822
33625
22952
19185
8001
2067
15662
45923
18719
38542
7214
46717
28027
23662
47836
13052
10495
49075
49354
10627
18057
12586
24247
45787
3924
3078
42673
46463
27402
34902
35966
46304
21137
26295
28694
21073
19181
5759
34233
48681
17673
41133
40749
27404
30182
45483
24828
11824
21238
14204
15897
47208
3836
13534
19898
9247
5895
28873
6928
39250
49151
44686
40172
22763
13996
12231
18683
37253
18495
22545
26331
42823
27009
21563
9889
12676
22265
6295
37081
26521
14978
29808
49795
46748
37689
39811
16077
41010
37257
10079
43085
39387
10832
43240
40576
9854
25323
18331
48122
10157
47001
15557
16338
46003
27510
13217
37296
4762
30344
37183
48234
32305
13823
15528
21020
5236
35048
45977
6371
30418
40279
26937
39204
17726
20214
22165
20680
20811
8339
20199
30407
37826
6366
45126
24923
7977
25331
38484
13098
23190
43605
42709
26467
5559
19574
3415
30676
24979
44725
25857
33390
12856
12025
34287
30821
21585
28344
20745
26257
46908
3620
14061
38031
561
36813
46610
7374
45768
4797
25300
39724
36703
41563
18117
16755
12299
23833
7177
23338
7019
13037
39990
36891
1251
25621
2802
33866
19292
7358
18333
25625
32624
23936
1565
41742
37989
14524
743
4244
30752
15447
14417
38086
47280
31634
9988
30992
4648
47290
20858
27584
48312
7887
8449
27260
8573
42531
45246
21416
21178
35668
6896
33440
22217
37920
12169
36086
32083
27989
42669
32720
47670
9407
6375
44466
47035
20907
29315
40838
16577
19546
2994
41338
136
1731
14966
6955
35531
45013
45332
4358
13722
27143
8566
43132
29231
44818
38464
8181
22899
29088
17031
14643
15295
34906
3661
5860
1305
3907
42785
33718
25534
37592
22472
3984
19760
26935
12800
36721
13417
43235
36542
30049
34571
20366
19166
25201
42652
255
12893
24678
44835
34909
31599
13922
39905
34809
44269
34176
29149
9857
47980
11473
17755
29986
21933
42341
21448
5070
6241
17950
22824
10100
45487
31539
40118
536
44647
21661
61
43600
38175
29203
2268
4983
4299
13332
13366
1413
30693
12232
14182
4636
46865
977
42113
16400
17553
41445
31079
45068
29792
36058
31407
16594
41859
44309
24833
32147
13999
27174
34675
12521
41248
30183
16986
25278
28064
37995
21206
38902
37687
28840
44824
28276
24470
43585
27251
14507
13555
41114
834
31765
11196
41607
46461
13277
22817
49148
11532
46328
212
676
34301
24625
38183
30951
14068
31749
21455
25652
10819
35757
25910
46177
1578
12494
8332
9524
45655
40936
8796
28024
11696
39524
21615
45613
20895
20914
35406
12622
40935
25463
16745
29308
44117
41471
12516
42438
9822
14339
42879
18345
37303
7821
48574
46598
37981
18932
30486
747
21422
35339
11799
46794
3231
43207
29807
42877
4631
37533
22675
13952
10229
3601
28196
21104
10902
20304
12538
31703
19765
4585
26465
7390
37309
40220
11179
32886
22503
20896
42464
42606
20731
22070
19499
49589
13763
22437
36298
29146
42958
4866
30019
38929
38630
44433
19810
38838
9442
38152
23439
34810
1570
48675
18471
1320
23714
2752
19619
13558
41015
9806
36975
34364
30641
3142
49820
12185
39192
39023
330
16736
9898
28288
7124
482
30269
5663
16848
43786
40602
22474
31107
36021
5841
11683
16588
1799
6515
20244
13244
12865
43789
42805
33505
33870
38571
33751
18885
10747
28420
31072
9766
26915
126
48078
761
2661
30103
42281
11890
21196
13218
7707
13667
31352
26298
21150
25117
24268
11427
48515
2286
15601
33307
3899
29576
49040
33196
26368
1973
45399
19265
31208
29536
40423
22388
37476
26470
20088
26230
15061
32679
10953
16089
44425
8995
7841
22552
17964
17492
38935
46914
4443
36039
21293
33808
5627
21215
6489
40762
20331
15308
8884
29876
15609
27868
20368
44102
7540
28187
15867
39208
39352
16937
36046
44960
41963
10370
29765
34097
6828
45268
10630
35933
14764
30471
16575
14995
6272
27970
31959
35076
14659
48322
16958
22586
25061
5224
34813
32492
13755
20931
20857
48746
44526
28476
13509
15776
34821
21593
393
3935
43359
5951
8119
32811
10797
7408
15389
14067
19989
37422
42658
7475
28526
25050
10790
23564
8794
12080
18007
43186
20897
4977
2469
30804
42211
48972
16278
49150
49326
15512
10644
44080
37460
9317
17274
16256
35805
44272
29285
45535
28210
40341
28958
49411
29693
44183
9965
45567
32837
38330
44273
40003
16613
36618
18562
42163
36537
1604
14110
8729
30458
17275
29894
4327
40145
22564
12849
20307
