25
76
90
144
175
193
205
206
218
248
253
307
312
367
371
377
436
447
462
505
614
627
670
705
713
716
734
738
745
757
763
792
803
848
877
886
890
891
904
955
987
997
1016
1017
1027
1052
1069
1122
1123
1146
1173
1180
1203
1224
1273
1279
1300
1319
1359
1370
1391
1393
1399
1420
1421
1473
1474
1505
1511
1579
1603
1618
1634
1646
1650
1658
1659
1668
1680
1707
1737
1750
1752
1804
1805
1813
1826
1827
1861
1885
1889
1946
1958
1976
1991
2047
2053
2121
2169
2173
2200
2207
2292
2324
2327
2384
2386
2406
2428
2494
2510
2514
2544
2566
2594
2615
2645
2657
2696
2726
2753
2796
2808
2817
2828
2849
2861
2882
2900
2908
2918
2921
2944
2962
2989
3045
3057
3084
3090
3115
3144
3159
3250
3255
3273
3295
3343
3355
3438
3454
3467
3489
3508
3513
3550
3560
3593
3618
3620
3621
3634
3642
3645
3652
3662
3680
3684
3690
3707
3714
3785
3812
3830
3861
3872
3885
3927
3928
3929
3961
3962
4023
4028
4037
4041
4081
4109
4114
4173
4174
4193
4213
4220
4248
4288
4399
4459
4482
4500
4521
4542
4551
4560
4563
4585
4590
4629
4635
4637
4648
4652
4654
4660
4692
4707
4734
4758
4786
4833
4846
4875
4937
4938
4945
4958
4987
5012
5021
5025
5028
5053
5110
5111
5116
5126
5153
5204
5216
5218
5336
5350
5370
5399
5411
5475
5512
5524
5542
5590
5597
5623
5653
5674
5690
5697
5710
5714
5791
5833
5870
5877
5879
5921
5937
5942
5950
5973
6021
6027
6070
6112
6123
6135
6138
6146
6156
6175
6221
6260
6274
6283
6299
6327
6360
6370
6392
6418
6436
6475
6495
6571
6579
6587
6610
6673
6711
6726
6741
6746
6802
6849
6866
6881
6889
6899
6961
7017
7087
7097
7208
7243
7258
7261
7314
7349
7398
7438
7439
7452
7480
7484
7485
7506
7521
7552
7566
7581
7583
7594
7608
7616
7629
7633
7640
7644
7681
7727
7752
7764
7781
7821
7837
7861
7873
7947
7997
8000
8008
8017
8042
8051
8062
8153
8163
8167
8169
8172
8206
8229
8269
8287
8293
8294
8306
8351
8367
8385
8407
8431
8515
8555
8559
8570
8573
8580
8606
8629
8634
8674
8702
8712
8714
8715
8723
8733
8773
8776
8850
8896
8897
8908
8914
8927
8967
8970
8978
8981
9017
9030
9060
8586
607
5695
26581
28632
17811
21669
46112
27269
450
18001
47012
44838
28902
1346
32636
20422
3746
17293
18986
45492
18748
43005
4534
29271
48245
11575
35409
31218
30554
19900
38672
35055
26237
40662
26072
9355
35334
23092
4004
5372
45436
34565
10382
31568
40489
12581
8230
46087
35495
15968
37610
47629
12322
34122
18770
16524
1949
45983
24875
43133
26738
27528
35695
40779
37317
27922
36796
43816
25248
734
6232
40247
3960
2367
8167
28595
38106
13236
8463
26473
28090
24352
24489
16653
1943
20059
35265
2236
10410
47555
8496
2009
25826
27797
28282
10668
33891
46684
12913
33017
43467
17756
33504
36120
19491
42005
8985
23146
34837
31116
38366
12649
38692
39414
24840
5700
34494
38253
1525
30793
39649
17528
4019
4125
39458
31273
42635
47507
14033
7227
14355
1647
6091
26185
40681
12661
7032
20394
37125
8621
28947
37868
11513
40772
23810
39463
15980
20669
42337
45504
33435
36103
48011
18687
44293
45417
47134
5068
39042
18598
17278
25588
8756
11442
16444
46534
45705
30370
46063
34812
33989
42691
45206
999
40686
21046
5205
8407
7679
29624
43425
21916
23721
48328
33136
24650
12514
44781
44538
23587
16934
19663
38739
26962
28516
30684
49324
38944
18319
23515
8502
45207
8282
21465
34003
49437
32719
24637
11496
43790
23668
33001
26024
38784
43075
38114
21233
7699
27833
34687
40224
12890
15032
40069
46201
44223
38629
40657
42582
27977
43093
6131
39167
13285
1136
36487
25919
28677
19274
33997
5108
32566
7755
6058
11662
9470
25087
47893
7017
12839
17670
45368
19606
2884
37086
18170
38627
47358
4347
21678
45636
34132
45991
20320
37732
35993
44337
19320
21258
12089
9377
20053
32782
45581
49495
1810
17332
14929
18985
45018
7620
20809
48736
28389
4135
46471
46428
29649
7435
42924
37470
15488
9793
18194
30456
15476
39497
47359
28870
31221
44665
22434
30134
27912
4632
15987
9563
38140
31901
43221
31064
29392
24433
44211
9748
11024
33800
10223
36411
48910
9641
36202
13532
19540
34702
20837
4733
5049
31145
43156
5645
32481
3132
7280
28691
49452
31132
44343
25230
38202
35905
30231
13618
36093
36669
18082
25170
30763
26221
48786
14750
35543
11189
852
39730
14696
1419
36387
35190
31439
38882
18059
20365
10921
25702
17265
28070
6345
19459
32364
42348
1331
31185
11949
20037
35165
26014
7115
38108
3163
2555
12556
38241
31557
32554
1847
16282
44979
9316
41358
49988
2482
2722
40951
16859
47544
39445
40940
21190
23906
41081
41832
19105
26033
31303
2384
49577
28877
32196
37099
40721
43615
4740
14322
3576
16079
11493
33246
36246
15319
11507
49472
21767
25515
44290
26052
15775
12974
9174
49315
21858
14669
27689
32516
43225
36048
49271
12012
38172
23234
27664
1199
23801
19071
43153
34732
48181
48934
27598
11186
3107
22424
15089
22590
22715
40543
48817
18096
5960
17009
31995
39176
48114
27265
28659
45184
24130
11032
20615
37852
20905
37396
41442
26739
44497
3778
47158
35125
515
25522
32044
3431
26640
11694
44087
20715
43208
11097
12184
25432
3853
41221
40572
43248
34192
39695
2410
173
45043
33338
4160
19735
12726
15845
40771
15939
45664
5872
15728
3008
10780
8325
3496
27463
34728
42698
2026
3370
15774
48980
33294
8917
37508
22737
22357
25603
3653
33304
984
38417
2246
45772
38303
43819
20860
13045
48992
25597
8929
35604
1274
981
20747
35200
44377
24196
40269
47739
14366
23802
39742
44301
38896
32055
28723
31355
46022
28982
11819
47157
44237
44532
30189
48495
49565
24832
48566
3187
12246
7192
8252
48673
6065
49431
33578
41130
43412
45553
17880
4822
9301
45257
16771
36617
49845
23971
7870
21379
38954
42530
42356
6154
27666
9190
18077
28047
45290
24190
46329
42549
22305
38385
16835
41692
47720
17368
11818
13679
14246
37622
35289
5136
20421
34660
19487
44931
9035
42041
35469
24744
10294
34476
22650
4956
8747
12912
3619
28069
24947
39090
41480
27677
46708
34186
38165
35652
20185
24648
20991
42286
37790
24553
784
42033
18346
33555
23661
3471
9134
11995
24006
11980
22188
1096
46310
6047
47964
33125
23093
46930
28340
7578
15371
33723
15973
10175
18856
23437
37360
31551
7773
17711
9288
24741
5270
21543
40140
9388
13249
6874
26520
33912
22158
29061
10914
29040
41752
33579
33957
37860
19096
16166
11165
28602
15653
5613
11094
17346
42323
33429
27223
24226
41587
31543
23981
19800
46247
24663
35061
18946
46980
18156
42520
19021
18074
49455
6707
31347
15103
26909
40180
3794
47509
48935
25854
8240
48006
10542
5850
2730
37272
43259
21089
25141
46836
26958
47480
43087
239
33067
3082
13112
30927
31867
5208
11160
27879
25870
43181
34736
44904
22757
569
28099
3803
10407
32667
34312
20684
28720
12053
11062
19368
39225
15257
28843
8274
41638
29785
49172
23042
45108
26377
15130
12051
18913
670
16358
28746
34451
43345
17006
8243
9698
13087
28854
31442
42966
23039
28471
45051
2794
28997
29031
36104
9867
24440
30590
27844
14579
22819
38966
2726
7105
20982
46842
2294
25015
43651
10603
8836
10897
33430
2334
11905
4702
28286
6222
10521
45219
29630
18845
25589
34117
11185
6037
43321
26173
45481
28427
27359
28430
40091
21569
46811
44583
26303
4000
19889
11624
11262
32796
2755
30543
47095
32999
5593
10657
21740
46597
49810
37419
22301
43000
43446
26153
27806
38600
44603
17889
8795
20512
42240
32122
44955
26030
32511
22657
13781
27348
37784
1272
20776
16626
32238
24209
27999
13288
34879
1545
12488
40051
11298
30140
33552
45887
13159
1355
19007
37914
35254
38427
23769
8948
29896
31883
31226
56
23385
9999
8040
3751
10599
7815
15019
8662
45544
47080
14320
5755
12686
39002
38657
23055
35898
14570
31836
16269
44445
28342
21910
22225
19316
35510
41339
491
27991
49720
19965
12088
9458
18563
40331
43115
34797
8196
18061
18731
4884
44150
24274
19698
7742
27290
26545
32336
36301
40938
43088
4067
25452
10424
25774
12559
4203
23173
30137
33331
19723
33737
17591
14673
45731
3916
48785
39783
21011
43890
24339
16979
24344
36041
26857
22671
32195
15764
48412
5993
25980
17898
42054
20171
7406
3047
26236
35932
2183
26589
28247
47938
27207
32015
15685
46901
48301
25732
47416
8328
34659
2763
7208
47167
30871
47388
28508
46071
27347
35166
41789
29804
12242
16188
33199
5808
25583
32031
11061
36528
29608
988
3456
12851
4153
29144
41190
35752
27903
22229
31696
26735
28845
18945
11737
28973
42862
27530
20122
29390
26071
29266
34008
9703
18174
38695
2736
2906
45583
25057
4312
46289
1942
32942
2374
27653
47103
38199
36121
13527
24473
35762
14881
13256
31716
10744
3028
45554
32833
28757
4838
10270
42987
45129
42728
44112
32556
20733
4728
25751
8265
25903
19083
14227
16321
44164
36362
48555
45986
17871
22445
40799
3055
49884
25240
11437
25740
33172
16580
24056
18915
7750
48704
41938
12545
48535
15989
41687
37527
18576
5962
1580
47261
48437
9815
29857
34403
12202
9104
26388
19437
17934
19335
3394
40373
12485
17121
11637
7685
6797
34635
36082
44094
27094
21356
35237
3799
24323
31137
30279
39788
6094
24487
13658
20387
47602
19561
32216
13057
751
38529
36191
10803
49519
37316
8730
18643
36196
23184
3965
27150
36030
46422
15293
16469
19012
2148
47447
36912
29577
18934
41743
39066
27495
28831
33889
22390
12256
13111
11043
26529
25418
45260
47059
5156
40405
41113
14184
30831
10835
17778
8400
35684
14896
26134
26365
46074
16955
28339
34007
28386
49155
2945
5175
30010
3221
5305
29961
39973
18587
13203
7293
20952
40989
16150
31611
1780
41318
38489
16886
13528
47949
25425
36471
42846
36350
46494
30742
42076
43809
40905
15943
41069
47505
36224
2398
32333
29006
30395
44361
3031
11405
18708
47357
47057
44832
28616
38507
47211
37441
34945
42932
30523
36782
16408
49259
6140
6017
39538
22771
5749
47899
41875
30889
38990
17392
21776
48056
30698
34838
19596
13251
1033
49052
13592
49882
7345
8675
42344
24998
38819
38403
35801
9929
4579
1986
42273
27158
12937
31044
42961
28999
374
48302
36962
17882
8205
41062
48797
42089
23273
1538
44396
20322
46378
46083
39285
29463
44085
1873
30063
30689
33494
28263
12947
14677
10104
2314
5039
23285
47732
13104
42798
40763
30356
37750
30235
36830
13456
10760
33707
814
16935
39733
27401
20043
36057
14932
25720
4814
26587
27107
46361
9235
38210
13142
26920
19191
32199
18202
42533
6358
26969
45545
40561
1015
49301
26914
47773
30275
10737
41210
22493
36206
34095
19338
47440
32946
38792
2748
29955
27925
16470
26277
32758
23335
13283
9770
21077
18958
34444
32184
21977
5849
21797
4639
45273
44792
839
15029
13676
5467
49334
4600
3162
25824
49920
2747
36453
22003
10862
23121
34931
26095
21705
33875
10230
38013
24532
4862
6253
24951
23007
36421
38860
20478
14691
28995
29268
45499
8154
20020
33320
36439
25730
32277
8457
7354
48274
39551
36944
33313
46203
46487
17868
3499
21670
34059
18151
24558
33476
21148
7545
37391
29302
4850
40272
41720
46169
14103
43886
37046
30107
21682
15340
35842
39748
30723
31376
23432
37880
34252
15403
25465
22059
1423
49661
17189
5655
27776
32976
36851
45278
8464
49113
23557
6577
41367
29562
2877
18799
38503
40717
30713
3995
22336
10514
26804
43397
4486
22342
7094
5837
38004
11712
45326
21534
9804
33747
10221
28350
22021
3632
30519
13610
31516
35227
41531
16431
24575
42064
43842
8051
10181
43693
36335
37521
6853
11551
28909
44432
19476
3040
33306
48411
19506
42511
23623
25517
44667
14034
30046
1244
6530
7162
34954
30477
40536
32231
4572
32012
25233
46239
21198
8824
28726
48403
48724
46676
32817
6781
17595
9899
4316
7776
48832
38447
9167
2657
21792
27188
20084
18873
7476
29425
23774
33986
37885
49547
1928
1152
42686
29713
33818
22232
46482
49714
47070
49508
2240
21554
45421
42115
44506
47183
3492
1849
41340
21737
41365
24959
16534
8691
10509
5651
27109
33142
40997
13257
3966
29832
