6
8
21
55
111
138
168
173
232
235
298
312
326
338
361
366
374
387
402
440
462
493
504
508
559
583
591
637
657
663
664
718
721
767
779
844
900
922
936
946
961
1037
1072
1148
1167
1182
1227
1236
1249
1268
1300
1405
1422
1453
1463
1469
1479
1485
1491
1514
1548
1550
1607
1656
1664
1720
1746
1760
1767
1798
1802
1812
1818
1841
1844
1848
1876
1922
1975
1988
2009
2103
2104
2110
2182
2192
2201
2272
2275
2308
2350
2352
2359
2383
2422
2424
2471
2476
2534
2535
2574
2596
2605
2607
2656
2671
2708
2723
2726
2756
2768
2784
2818
2834
2838
2861
2903
2908
2918
2923
2928
2929
2955
2962
2995
3022
3023
3041
3068
3090
3101
3174
3193
3197
3224
3234
3244
3246
3260
3268
3343
3393
3412
3419
3432
3451
3487
3522
3535
3546
3563
3564
3651
3783
3794
3795
3836
3865
3899
3908
3910
3934
3945
3948
3960
4005
4056
4088
4116
4130
4137
4140
4177
4186
4203
4204
4233
4250
4316
4330
4335
4336
4447
4483
4502
4507
4542
4612
4642
4668
4672
4680
4690
4716
4723
4729
4731
4772
4786
4792
4802
4812
4860
4900
4903
4910
4936
4955
4978
4981
5008
5041
5058
5089
5092
5110
5135
5142
5180
5186
5190
5217
5236
5260
5270
5317
5369
5412
5420
5437
5443
5452
5453
5454
5480
5481
5490
5533
5549
5626
5628
5630
5658
5662
5693
5696
5730
5764
5766
5789
5792
5894
5895
5906
5954
5981
6024
6072
6119
6125
6136
6156
6187
6255
6288
6346
6368
6394
6403
6413
6520
6526
6542
6565
6570
6596
6602
6621
6663
6697
6725
6755
6792
6811
6820
6908
6961
6974
6978
6983
6996
6998
7023
7094
7148
7231
7242
7249
7266
7276
7302
7324
7438
7462
7482
7583
7615
7618
7637
7661
7718
7724
7827
7850
7873
7940
7960
7974
7984
7991
7995
8033
8035
8064
8097
8102
8136
8196
8235
8238
8248
8256
8274
8283
8289
8298
8407
8415
8430
8448
8452
8453
8464
8474
8484
8538
8578
8596
8629
8632
8642
8689
8716
8735
8747
8755
8845
8865
8899
8908
8916
8973
9049
9052
9080
9101
9133
9146
9176
9301
9309
9339
9372
9404
9412
9415
9448
9452
9463
9474
9524
9567
9592
9609
9637
9688
9699
9711
9720
9727
9744
9776
9785
9799
9800
9809
9847
9850
9912
9916
43971
39325
7603
28050
13590
1603
23702
20488
35016
36762
29861
9145
1164
3568
1499
9135
47132
11119
37117
1076
38945
43554
9163
46493
38647
10439
41229
40362
14962
38472
43440
19544
2559
36567
27142
47330
46354
8067
4674
30347
32621
13873
49900
43385
23136
43493
19113
39500
8028
29004
48912
45854
3571
8251
48005
6758
8908
9830
20685
23218
37475
27209
4098
3475
42023
17385
34581
28697
684
28813
48830
32043
15421
12105
36647
21274
12780
13593
34714
13725
31400
25185
2025
47998
47494
9152
48131
25676
7749
35024
20326
38984
2406
43576
10048
11476
47737
14568
44354
32143
6557
30361
6162
39751
22794
26261
12750
16814
1553
16131
43773
11864
40651
4799
22463
9293
13928
48909
38304
24705
16364
15873
29159
9120
9173
18366
18233
46745
583
32583
18462
47067
39604
14014
35889
25307
25214
17655
24348
32732
39289
25055
36605
24727
39980
34437
35427
22377
34014
20892
15807
20525
1778
15383
29839
20626
49368
12882
25384
5354
32843
41601
10137
7803
30933
35299
29997
32504
48479
37271
22916
8434
9006
4484
45542
4827
36157
3728
1658
21832
25471
42233
24031
1109
27556
41134
3109
15246
33601
7501
45857
38006
28242
1700
22028
25996
27967
33717
1528
47654
1150
17768
33375
14993
774
45590
12475
39398
43318
48933
28028
44192
24751
42129
26036
43701
43551
16360
30015
9222
32423
15266
8133
39410
36946
1834
23228
25028
9107
47439
1010
49336
40326
21578
3801
33607
30571
8151
3194
8139
3591
42880
14575
150
49944
26556
27115
22778
7307
48763
26485
23948
39885
26675
19468
44226
30737
17926
22660
28419
32630
19566
31698
8381
48742
367
11868
36772
47394
7153
37733
10595
15345
4519
1127
17164
35323
3490
9248
33526
3177
16619
22368
17557
31260
45175
4569
27118
41578
46838
12113
19060
45456
287
9846
36664
46002
7987
41992
7086
5192
25950
15169
27114
49078
42028
21524
42744
8246
203
8739
13653
39614
49143
39366
22701
30318
39150
16547
28214
25922
30756
14047
11055
33280
12517
15217
37973
32293
49872
48243
18356
18240
992
12943
17041
47684
22933
678
25667
2930
39910
41159
8599
6492
7224
27203
7065
922
10209
28996
1841
49481
21053
36226
39777
13750
16427
17446
32297
23935
15226
13971
36211
8255
24148
28787
6507
32614
48952
25077
2042
18814
8714
48592
17699
9702
45402
23541
32914
548
10177
5113
39171
15523
45778
6348
4737
42084
9613
29397
19795
43472
22620
7567
1916
30947
25324
35272
6208
43043
39140
3552
16561
7734
35472
39163
27759
11929
10192
3355
43382
27605
38684
14574
11680
36511
1055
24036
27020
19099
37445
28029
14968
42845
20080
37429
41497
41446
13202
13986
28838
3792
48315
33525
14466
16805
22664
25253
27254
29113
29439
15341
9020
27796
20335
35913
6060
29523
18769
11364
26161
5478
14735
941
46198
24868
19839
10993
48808
14526
49646
9371
38100
16438
21826
49983
9930
46742
38811
33098
46230
19497
40877
29050
43243
1128
12671
30060
40670
15106
7235
34297
33409
40732
16522
16449
48931
17644
46886
17835
32725
28608
29467
35442
21106
22542
24958
37765
27628
32320
12370
45949
26974
29154
33944
13824
17018
15016
26436
20111
865
32134
46950
15882
8162
20968
49233
25664
46411
23401
3927
24022
14032
21400
40888
37367
19249
36320
24082
43402
18887
48524
46653
26575
28738
23443
32021
42133
3222
42757
26813
809
41903
6649
40914
2051
14578
45908
33779
4139
39129
40756
31535
35398
21606
41872
895
45192
17543
24704
22484
8056
26642
30784
25006
13167
29215
34047
18119
6590
7768
24301
8041
26462
24434
3201
12440
7426
33262
32938
28529
40847
36548
23977
41918
44108
42736
20577
20289
29337
44943
29322
36273
31626
5475
40433
1030
10143
42021
8356
36609
26660
44419
629
44677
41154
15741
37204
15224
5725
34490
13253
42551
32160
35307
20625
30013
14485
37038
26064
9897
32509
10430
42455
22768
48834
4146
35715
15448
2501
23824
25639
10557
20121
16405
4073
8962
18373
18469
21567
23715
12304
37523
39073
13443
23286
16536
17067
20770
28792
20139
44232
28983
36743
32520
3813
42650
28712
30266
41826
20194
48957
40870
40506
11758
38193
48144
28786
1961
43813
44980
14171
41569
27090
22826
21727
5473
8790
38095
41486
7355
21882
18506
23372
15122
45439
25305
47234
49223
45433
21827
34361
24330
35937
31344
49424
32405
38338
15392
19577
35755
29793
5221
27263
28587
7234
30332
17144
43733
46325
39681
42670
36738
34865
207
24124
2565
19920
13287
47667
31094
8781
15836
33691
17496
32358
49599
6658
40249
7909
49614
16971
31913
29780
43013
40922
10565
29028
4117
41952
39496
19830
14230
22891
32139
28953
47681
30461
30634
47541
7812
49896
12215
42806
11222
39287
8503
19075
11623
28149
17003
7049
21652
28698
40457
32541
14590
38147
41513
15156
5097
46399
27702
36440
8302
26716
3110
11192
48045
49775
20330
34835
46529
6014
25273
36113
4402
37209
21990
37546
25713
29460
42195
788
4089
26859
41412
9609
36477
16339
24696
2892
39420
19881
39634
22851
22193
35223
21574
13396
21731
9982
39616
19780
41108
44376
5733
3447
11596
17930
46149
27786
29685
20820
2649
48063
35032
878
41719
24634
33940
6584
7367
27620
14289
42547
11855
8761
31900
42474
4515
27233
6790
45082
29871
20252
23326
41137
5277
47721
16627
22634
638
1556
40737
27585
1803
35298
15834
10784
26689
3026
44987
14125
35704
18889
15714
8122
48928
15279
31415
13349
16013
1534
20714
22135
8193
30806
45075
22253
28020
48999
41871
28523
40826
44110
26097
17300
28631
20917
18499
49298
32686
32075
26160
12872
20431
12886
39166
28356
43487
16035
5601
49918
23261
20929
33337
25359
28091
18867
41117
21687
9710
31788
36240
7517
41831
1655
3749
9024
48776
36973
49582
41168
9485
35790
7533
40954
17641
28942
46594
28361
11195
6637
11760
42949
1555
34806
20963
48039
35479
26132
30386
3052
36077
2348
16231
20401
6714
10749
47327
14064
33484
3772
49791
9760
2739
24562
45117
46989
25782
8808
18584
41951
9338
5017
27714
30113
24099
42086
21373
37421
7230
2127
7765
19681
3787
22216
5848
31527
33894
5321
3807
18072
25633
38912
40558
30772
6783
48601
22231
43262
42752
1057
13502
18486
47683
38994
29643
24618
17036
25277
35583
16731
10293
42930
47801
38942
37697
43187
5129
45909
7852
43922
1735
17410
14820
18531
30721
42541
30774
22994
7107
25509
13953
25184
7893
9394
42011
21744
49855
39045
42252
25259
25726
10508
34204
26123
4669
47313
11337
32826
42633
37223
18442
44852
20877
21366
39651
3125
10255
39024
44355
1252
4197
26357
42321
6466
2665
44383
1723
26690
18479
13329
24906
2353
1963
2785
34967
17243
2375
47523
5046
21510
8645
4855
34853
37453
4475
3654
47049
38126
29848
21712
23594
28488
18833
31242
2696
19221
31103
39211
38215
10967
44323
26849
34934
23536
19344
48536
49492
7680
21625
43110
27559
13313
8680
38649
13533
39919
17863
16983
12216
9228
31560
5445
22919
38246
31632
21982
46349
6319
2521
10705
11047
7122
4020
36554
20204
18216
29569
5797
45053
46374
23942
49157
5423
2164
18371
45914
38229
47250
25706
1625
4531
9489
6981
13281
10770
37161
31544
9398
33600
6855
3081
47643
23995
32145
26862
33511
27136
40007
6309
23690
42411
41394
14817
11236
29423
25257
3514
9752
31254
15202
8319
21914
49197
35100
24112
9291
37300
8822
12707
24667
28237
26260
33301
3178
42997
25649
22748
37967
1879
6496
14091
3286
48572
46855
17024
23589
7532
43799
44381
23857
41158
2770
31936
20639
24077
37311
44944
10869
6872
16646
28308
38364
10441
16869
16827
36063
15953
34452
41330
41511
22460
26736
5615
47866
39158
19187
4435
14187
13001
33092
13053
12647
6185
26907
22638
15300
36222
2412
32261
26224
37350
4392
16538
39898
21655
19246
1202
4558
10843
35481
7161
43626
34184
32846
43685
46894
34658
30022
10321
12045
3373
38171
18497
9973
6742
24803
15127
31974
11079
21315
35314
11205
9647
17322
23295
19427
11632
40587
16635
11540
29139
27658
8054
3248
5598
43751
11183
27920
5008
17785
35899
25642
23348
18157
22922
13830
10587
35595
2518
6635
7478
49466
30541
12096
45351
24047
14030
39074
46729
3461
33008
33560
3340
39850
15641
27906
19580
32006
26564
35582
33210
1608
20505
36601
15854
7228
47918
40160
11105
26372
28058
37662
43716
14941
16120
23483
28669
45211
35794
21103
15313
27270
45236
13733
29001
40400
31414
22568
31825
4179
48058
35428
43953
47008
37776
43123
39428
46939
36212
38609
17912
26688
42198
29950
7500
27317
36476
47410
45885
1785
31844
49691
11353
34606
30668
47702
23553
39972
45921
21459
16526
11836
2447
14706
29084
43735
22425
5329
9051
4449
2337
49762
37829
45066
14264
6229
46232
41827
16164
39941
38932
6135
34397
31204
35629
46290
37095
27880
47554
33043
24177
2699
28592
8224
32682
3875
22030
39235
9111
47306
18089
17920
35026
25570
21544
9892
39152
38903
5450
33709
44628
42445
45568
19673
14315
20058
41527
30848
11026
17567
33955
44802
43737
27297
17155
17365
21769
36051
7814
15766
39871
40611
4349
42999
19381
46627
40378
48507
9574
28190
12528
34159
19750
10310
39554
14031
45816
12278
13976
43767
46337
30213
18127
40726
32128
8635
31584
174
969
46037
14491
47741
49218
29478
25705
40907
21501
10918
12016
49448
20397
16418
29464
34042
15278
44973
20208
29201
25561
26711
29567
2648
19151
42176
30389
16703
44663
28157
15284
43411
4760
33169
14558
49934
36917
47044
22855
15819
21736
47933
13857
34914
91
24606
12382
9865
46657
32416
7121
25194
31383
14155
36812
11320
44576
17660
38992
20522
10942
4791
10463
36269
30683
32649
30789
14380
17381
11512
15794
333
14986
40155
46058
39659
25563
26029
37175
29705
46815
9040
27077
28083
31602
18858
38951
17058
8986
23365
43072
34294
27761
45670
21420
34510
18188
13560
24869
24691
4462
4405
2198
44953
9995
24208
12155
17124
25235
46799
24847
16661
48296
39526
49408
16987
31910
