0.10000000149011612
0.10000000149011612
0.18039999902248383
0.2029999941587448
0.23000000417232513
0.2556000053882599
0.2777000069618225
0.2989000082015991
0.3124000132083893
0.3301999866962433
0.3594000041484833
0.382099986076355
0.39910000562667847
0.40540000796318054
0.41589999198913574
0.4235000014305115
0.43130001425743103
0.43810001015663147
0.4449000060558319
0.45590001344680786
0.46070000529289246
0.46480000019073486
0.48019999265670776
0.48660001158714294
0.48899999260902405
0.4925999939441681
0.4968000054359436
0.5008999705314636
0.5091999769210815
0.5097000002861023
0.5156000256538391
0.517300009727478
0.5228000283241272
0.5235000252723694
0.5271999835968018
0.5320000052452087
0.5383999943733215
0.5386999845504761
0.5461000204086304
0.5485000014305115
0.5480999946594238
0.5557000041007996
0.5598999857902527
0.5612000226974487
0.5629000067710876
0.5633999705314636
0.5699999928474426
0.5702999830245972
0.5738000273704529
0.5773000121116638
0.5774999856948853
0.5835999846458435
0.5853000283241272
0.5900999903678894
0.5906999707221985
0.5924000144004822
0.5940999984741211
0.5978999733924866
0.5954999923706055
0.5967000126838684
0.6025999784469604
0.6000000238418579
0.6039999723434448
0.609000027179718
0.6103000044822693
0.6085000038146973
0.6126000285148621
0.6118000149726868
0.6171000003814697
0.618399977684021
0.6194999814033508
0.6193000078201294
0.6237999796867371
0.6226000189781189
0.6258000135421753
0.6288999915122986
0.6270999908447266
0.6319000124931335
0.6287999749183655
0.6349999904632568
0.633899986743927
0.6367999911308289
0.6380000114440918
0.6348999738693237
0.6391000151634216
0.6388000249862671
0.6419000029563904
0.6421999931335449
0.6402999758720398
0.6427000164985657
0.6482999920845032
0.6452000141143799
0.6471999883651733
0.646399974822998
0.645799994468689
0.6468999981880188
0.6488999724388123
0.6491000056266785
0.6471999883651733
0.6496000289916992
