72.11966378636451
71.26190260417137
70.66597641555094
73.27181571296799
72.11966378636451
72.11966378636451
71.26190260417137
63.94344988748889
71.68281067262427
71.26190260417137
71.90746320497801
70.66597641555094
73.27181571296799
69.70422673201756
72.11966378636451
71.68281067262427
69.70422673201756
71.68281067262427
73.27181571296799
72.11966378636451
73.27181571296799
68.85277547731249
73.27181571296799
72.11966378636451
67.73820487728754
73.27181571296799
70.66597641555094
71.90746320497801
69.70422673201756
71.26190260417137
68.85277547731249
73.27181571296799
71.90746320497801
71.68281067262427
71.26190260417137
73.27181571296799
71.26190260417137
73.27181571296799
71.68281067262427
73.27181571296799
73.27181571296799
71.90746320497801
73.27181571296799
72.11966378636451
73.27181571296799
73.27181571296799
65.32794962115689
71.90746320497801
71.90746320497801
69.70422673201756
73.27181571296799
67.6859014531593
67.6859014531593
69.33794382425799
71.68281067262427
72.11966378636451
71.68281067262427
71.68281067262427
72.11966378636451
71.26190260417137
73.27181571296799
71.26190260417137
69.70422673201756
71.68281067262427
73.27181571296799
72.11966378636451
67.73820487728754
73.27181571296799
73.27181571296799
71.68281067262427
73.27181571296799
69.70422673201756
66.24579088919207
72.11966378636451
70.66597641555094
71.90746320497801
71.68281067262427
71.68281067262427
72.11966378636451
71.90746320497801
71.26190260417137
67.6859014531593
73.27181571296799
71.26190260417137
71.26190260417137
62.17994321868627
71.26190260417137
71.68281067262427
72.11966378636451
73.27181571296799
69.70422673201756
71.68281067262427
73.27181571296799
67.73820487728754
71.68281067262427
71.26190260417137
72.11966378636451
71.26190260417137
66.24579088919207
72.11966378636451
