0.10010000318288803
0.1623000055551529
0.2696000039577484
0.30730000138282776
0.3522999882698059
0.36730000376701355
0.3864000141620636
0.4050999879837036
0.42010000348091125
0.43560001254081726
0.4481000006198883
0.4564000070095062
0.46219998598098755
0.4731999933719635
0.4771000146865845
0.484499990940094
0.4821000099182129
0.49390000104904175
0.4977000057697296
0.5013999938964844
0.507099986076355
0.510699987411499
0.51419997215271
0.5192000269889832
0.5206999778747559
0.5230000019073486
0.524399995803833
0.5307999849319458
0.5328999757766724
0.5335999727249146
0.5339999794960022
0.5382999777793884
0.5388000011444092
0.5442000031471252
0.5457000136375427
0.5498999953269958
0.5534999966621399
0.5558000206947327
0.5565999746322632
0.5608999729156494
0.5645999908447266
0.5629000067710876
0.5680000185966492
0.569599986076355
0.5759000182151794
0.57669997215271
0.5794000029563904
0.5807999968528748
0.5867000222206116
0.5881999731063843
0.5892000198364258
0.5916000008583069
0.598800003528595
0.597000002861023
0.5995000004768372
0.6007000207901001
0.6047000288963318
0.6046000123023987
0.6049000024795532
0.6079999804496765
0.6107000112533569
0.6129999756813049
0.6128000020980835
0.614799976348877
0.6151000261306763
0.6146000027656555
0.6176999807357788
0.618399977684021
0.6201000213623047
0.6202999949455261
0.6223000288009644
0.6244999766349792
0.6254000067710876
0.6269000172615051
0.6266000270843506
0.6299999952316284
0.628000020980835
0.628600001335144
0.6324999928474426
0.6348000168800354
0.6327999830245972
0.6355999708175659
0.6342999935150146
0.6384999752044678
0.6358000040054321
0.638700008392334
0.6407999992370605
0.6358000040054321
0.6401000022888184
0.6388000249862671
0.6420000195503235
0.6410999894142151
0.6396999955177307
0.6438999772071838
0.642799973487854
0.6434000134468079
0.6444000005722046
0.6431000232696533
0.6428999900817871
0.6474000215530396
