0.10000000149011612
0.1655000001192093
0.20329999923706055
0.23430000245571136
0.2526000142097473
0.25429999828338623
0.26840001344680786
0.3019999861717224
0.3269999921321869
0.3513000011444092
0.3677999973297119
0.3815000057220459
0.3903999924659729
0.4032000005245209
0.41609999537467957
0.42660000920295715
0.4404999911785126
0.4487999975681305
0.45489999651908875
0.45969998836517334
0.4706999957561493
0.47530001401901245
0.4837999939918518
0.487199991941452
0.4943000078201294
0.5
0.5060999989509583
0.510200023651123
0.5149000287055969
0.5189999938011169
0.5227000117301941
0.5303000211715698
0.5311999917030334
0.5340999960899353
0.5385000109672546
0.5435000061988831
0.5450999736785889
0.5511000156402588
0.5529999732971191
0.5615000128746033
0.567799985408783
0.564300000667572
0.5715000033378601
0.5709999799728394
0.578000009059906
0.5817000269889832
0.5817999839782715
0.5875999927520752
0.5913000106811523
0.5934000015258789
0.5949000120162964
0.6001999974250793
0.6035000085830688
0.6029999852180481
0.6067000031471252
0.609000027179718
0.6097000241279602
0.6114000082015991
0.6137999892234802
0.618399977684021
0.6173999905586243
0.6207000017166138
0.6236000061035156
0.6262999773025513
0.6290000081062317
0.6284000277519226
0.6323000192642212
0.6326000094413757
0.6341000199317932
0.6347000002861023
0.6340000033378601
0.640999972820282
0.641700029373169
0.6388000249862671
0.6424000263214111
0.6446999907493591
0.6480000019073486
0.650600016117096
0.6485000252723694
0.6503999829292297
0.6482999920845032
0.652999997138977
0.6506999731063843
0.6524999737739563
0.6521999835968018
0.657800018787384
0.6614999771118164
0.6592000126838684
0.6626999974250793
0.6608999967575073
0.6642000079154968
0.6650000214576721
0.6654999852180481
0.6682999730110168
0.6654000282287598
0.6682000160217285
0.6686000227928162
0.6654000282287598
0.6710000038146973
0.6715999841690063
