0.10000000149011612
0.11060000211000443
0.1826000064611435
0.22509999573230743
0.24079999327659607
0.2621000111103058
0.2928999960422516
0.3165000081062317
0.3481999933719635
0.36230000853538513
0.3828999996185303
0.3939000070095062
0.40459999442100525
0.4090000092983246
0.4187999963760376
0.4260999858379364
0.43320000171661377
0.43959999084472656
0.4487999975681305
0.45590001344680786
0.4634999930858612
0.47049999237060547
0.48010000586509705
0.482699990272522
0.492000013589859
0.4968999922275543
0.5060999989509583
0.5080000162124634
0.5144000053405762
0.5218999981880188
0.5245000123977661
0.5299999713897705
0.5335999727249146
0.5386000275611877
0.5435000061988831
0.5483999848365784
0.5526000261306763
0.5547000169754028
0.5587999820709229
0.5613999962806702
0.5662999749183655
0.5652999877929688
0.574400007724762
0.5764999985694885
0.5738000273704529
0.5817999839782715
0.5842999815940857
0.5903000235557556
0.5885999798774719
0.5903000235557556
0.5946999788284302
0.5934000015258789
0.5960000157356262
0.6011999845504761
0.5985000133514404
0.6011999845504761
0.6075999736785889
0.6067000031471252
0.6087999939918518
0.612500011920929
0.6116999983787537
0.6129000186920166
0.6159999966621399
0.6176000237464905
0.6164000034332275
0.6201000213623047
0.6233999729156494
0.6248000264167786
0.6269999742507935
0.6262999773025513
0.6276000142097473
0.6295999884605408
0.6337000131607056
0.633899986743927
0.6323999762535095
0.6385999917984009
0.6363000273704529
0.6358000040054321
0.6419000029563904
0.6394000053405762
0.6424999833106995
0.644599974155426
0.6468999981880188
0.6502000093460083
0.6486999988555908
0.6481999754905701
0.6503000259399414
0.6525999903678894
0.6517999768257141
0.6506999731063843
0.6571000218391418
0.6568999886512756
0.6552000045776367
0.659500002861023
0.6586999893188477
0.6601999998092651
0.6572999954223633
0.6599000096321106
0.659600019454956
0.6625000238418579
