12.362665969033285
12.511598430500138
12.325458256293556
12.301871638967521
12.511598430500138
12.204238220851394
12.204238220851394
12.386833795777072
12.362665969033285
12.511598430500138
12.325458256293556
11.9749412854293
12.362665969033285
11.880223464267269
12.362665969033285
12.362665969033285
11.919597254201756
12.301871638967521
12.511598430500138
12.301871638967521
12.511598430500138
12.386833795777072
12.511598430500138
11.880223464267269
12.511598430500138
12.204238220851394
12.511598430500138
12.511598430500138
12.362665969033285
12.386833795777072
12.511598430500138
12.511598430500138
12.386833795777072
12.386833795777072
12.301871638967521
12.204238220851394
11.888101620347141
11.880223464267269
12.362665969033285
12.362665969033285
11.9749412854293
12.386833795777072
12.325458256293556
12.325458256293556
12.511598430500138
12.325458256293556
12.325458256293556
12.204238220851394
12.386833795777072
12.386833795777072
12.362665969033285
12.386833795777072
12.362665969033285
12.511598430500138
12.511598430500138
12.511598430500138
12.386833795777072
12.204238220851394
12.362665969033285
12.511598430500138
12.362665969033285
12.301871638967521
11.820798402072239
12.301871638967521
12.362665969033285
12.386833795777072
12.511598430500138
12.301871638967521
12.511598430500138
12.301871638967521
12.511598430500138
12.362665969033285
12.386833795777072
12.204238220851394
12.325458256293556
12.325458256293556
12.362665969033285
12.511598430500138
12.386833795777072
12.325458256293556
12.386833795777072
12.511598430500138
12.386833795777072
12.511598430500138
12.386833795777072
12.511598430500138
12.511598430500138
12.325458256293556
12.362665969033285
12.511598430500138
12.511598430500138
12.511598430500138
11.919597254201756
12.362665969033285
12.511598430500138
12.511598430500138
11.880223464267269
12.386833795777072
12.511598430500138
12.511598430500138
