12.386833795777072
12.325458256293556
12.511598430500138
12.511598430500138
12.386833795777072
12.511598430500138
12.362665969033285
11.9749412854293
12.325458256293556
12.325458256293556
12.511598430500138
12.386833795777072
12.325458256293556
12.511598430500138
12.362665969033285
12.301871638967521
12.204238220851394
12.511598430500138
12.325458256293556
12.204238220851394
11.9749412854293
12.386833795777072
12.325458256293556
12.325458256293556
12.301871638967521
12.386833795777072
12.511598430500138
12.386833795777072
12.511598430500138
12.325458256293556
11.9749412854293
12.511598430500138
12.301871638967521
11.888101620347141
12.511598430500138
12.386833795777072
11.888101620347141
12.362665969033285
12.386833795777072
12.511598430500138
12.362665969033285
11.888101620347141
12.362665969033285
12.386833795777072
12.362665969033285
11.9749412854293
12.511598430500138
12.362665969033285
11.919597254201756
12.511598430500138
12.511598430500138
12.511598430500138
12.325458256293556
12.511598430500138
12.511598430500138
12.511598430500138
12.511598430500138
11.444370751315175
11.9749412854293
12.386833795777072
12.511598430500138
12.511598430500138
12.511598430500138
12.511598430500138
12.511598430500138
12.386833795777072
12.204238220851394
12.386833795777072
12.301871638967521
12.204238220851394
12.511598430500138
12.386833795777072
12.301871638967521
11.880223464267269
12.325458256293556
12.362665969033285
12.511598430500138
11.919597254201756
12.386833795777072
12.325458256293556
12.301871638967521
12.511598430500138
12.511598430500138
12.386833795777072
11.9749412854293
12.386833795777072
12.511598430500138
11.9749412854293
11.9749412854293
12.386833795777072
12.511598430500138
12.511598430500138
12.362665969033285
11.888101620347141
12.301871638967521
12.362665969033285
12.386833795777072
12.204238220851394
11.880223464267269
12.511598430500138
