0.10000000149011612
0.14350000023841858
0.19089999794960022
0.21960000693798065
0.23839999735355377
0.25099998712539673
0.2669000029563904
0.28060001134872437
0.2969000041484833
0.3181000053882599
0.35249999165534973
0.3767000138759613
0.38830000162124634
0.3991999924182892
0.4043000042438507
0.41290000081062317
0.4207000136375427
0.42669999599456787
0.4343000054359436
0.4440000057220459
0.4521999955177307
0.4577000141143799
0.4652000069618225
0.47609999775886536
0.47769999504089355
0.48820000886917114
0.4912000000476837
0.4966000020503998
0.5016999840736389
0.5058000087738037
0.5142999887466431
0.5188999772071838
0.5221999883651733
0.52920001745224
0.529699981212616
0.53329998254776
0.5394999980926514
0.5450999736785889
0.5467000007629395
0.5529999732971191
0.557200014591217
0.5595999956130981
0.5619999766349792
0.564300000667572
0.5716999769210815
0.5719000101089478
0.5756999850273132
0.5813000202178955
0.58160001039505
0.5861999988555908
0.5848000049591064
0.5888000130653381
0.5932000279426575
0.5950999855995178
0.59579998254776
0.5999000072479248
0.604200005531311
0.6078000068664551
0.6089000105857849
0.6092000007629395
0.6141999959945679
0.6168000102043152
0.6176999807357788
0.6182000041007996
0.6187000274658203
0.6220999956130981
0.6244000196456909
0.6272000074386597
0.6288999915122986
0.6290000081062317
0.631600022315979
0.6328999996185303
0.6344000101089478
0.6371999979019165
0.6365000009536743
0.6373999714851379
0.6327999830245972
0.6376000046730042
0.6406999826431274
0.63919997215271
0.6413999795913696
0.6399000287055969
0.6442999839782715
0.6438000202178955
0.6449000239372253
0.6463000178337097
0.6430000066757202
0.646399974822998
0.6460000276565552
0.6492000222206116
0.6499999761581421
0.6477000117301941
0.6513000130653381
0.6539000272750854
0.6514000296592712
0.651199996471405
0.6532999873161316
0.6539000272750854
0.652999997138977
0.6571999788284302
