0.10000000149011612
0.1256999969482422
0.20819999277591705
0.23690000176429749
0.24619999527931213
0.26840001344680786
0.2992999851703644
0.31709998846054077
0.32919999957084656
0.3467000126838684
0.37940001487731934
0.39629998803138733
0.40139999985694885
0.4115000069141388
0.41449999809265137
0.42410001158714294
0.4332999885082245
0.4408000111579895
0.4544000029563904
0.46389999985694885
0.4724000096321106
0.47360000014305115
0.484499990940094
0.48989999294281006
0.4968999922275543
0.4964999854564667
0.5037999749183655
0.511900007724762
0.5196999907493591
0.5224999785423279
0.5239999890327454
0.5304999947547913
0.534500002861023
0.538100004196167
0.5415999889373779
0.5490999817848206
0.555400013923645
0.5562000274658203
0.5561000108718872
0.5557000041007996
0.5627999901771545
0.5703999996185303
0.5720999836921692
0.5741000175476074
0.5760999917984009
0.5817999839782715
0.5827000141143799
0.5842999815940857
0.5889000296592712
0.5896000266075134
0.588699996471405
0.5942000150680542
0.5985999703407288
0.6017000079154968
0.6010000109672546
0.6050999760627747
0.6087999939918518
0.6090999841690063
0.6083999872207642
0.6097000241279602
0.6159999966621399
0.6133000254631042
0.6176000237464905
0.6201000213623047
0.6237999796867371
0.6236000061035156
0.6237000226974487
0.6262000203132629
0.6274999976158142
0.6297000050544739
0.6305000185966492
0.6294999718666077
0.631600022315979
0.6347000002861023
0.6358000040054321
0.6391000151634216
0.6377000212669373
0.6381999850273132
0.6388999819755554
0.6392999887466431
0.6432999968528748
0.6450999975204468
0.6462000012397766
0.6448000073432922
0.6444000005722046
0.6467999815940857
0.6504999995231628
0.6520000100135803
0.6485999822616577
0.6521000266075134
0.6536999940872192
0.6507999897003174
0.6521999835968018
0.6535000205039978
0.6561999917030334
0.6550999879837036
0.6538000106811523
0.6541000008583069
0.6579999923706055
0.6586999893188477
