0.10000000149011612
0.14659999310970306
0.19220000505447388
0.23720000684261322
0.24879999458789825
0.2689000070095062
0.2897999882698059
0.32670000195503235
0.3517000079154968
0.37310001254081726
0.38350000977516174
0.3939000070095062
0.3970000147819519
0.40549999475479126
0.4138999879360199
0.41510000824928284
0.4253000020980835
0.43380001187324524
0.438400000333786
0.4456999897956848
0.45019999146461487
0.45829999446868896
0.46889999508857727
0.4733000099658966
0.47690001130104065
0.48829999566078186
0.4959000051021576
0.5005999803543091
0.5013999938964844
0.508400022983551
0.5145999789237976
0.5180000066757202
0.5239999890327454
0.527999997138977
0.5324000120162964
0.5365999937057495
0.5439000129699707
0.5428000092506409
0.5457000136375427
0.5516999959945679
0.5541999936103821
0.5565999746322632
0.560699999332428
0.5656999945640564
0.569599986076355
0.5720999836921692
0.5788000226020813
0.5825999975204468
0.5806999802589417
0.5823000073432922
0.5885999798774719
0.5878999829292297
0.5942000150680542
0.5957000255584717
0.5967000126838684
0.6007000207901001
0.6001999974250793
0.6039000153541565
0.603600025177002
0.6067000031471252
0.6074000000953674
0.6072999835014343
0.6100999712944031
0.6093000173568726
0.6137999892234802
0.612500011920929
0.6187000274658203
0.6157000064849854
0.6194000244140625
0.6194000244140625
0.6218000054359436
0.6230000257492065
0.6259999871253967
0.6276999711990356
0.629800021648407
0.629800021648407
0.6340000033378601
0.6313999891281128
0.6327000260353088
0.635699987411499
0.6342999935150146
0.6365000009536743
0.6366000175476074
0.637499988079071
0.6363999843597412
0.6401000022888184
0.6406999826431274
0.6402999758720398
0.642300009727478
0.642799973487854
0.6438000202178955
0.6434000134468079
0.6474000215530396
0.6459000110626221
0.6474999785423279
0.6467000246047974
0.6482999920845032
0.6500999927520752
0.6455000042915344
0.6464999914169312
