0.09969999641180038
0.10080000013113022
0.21279999613761902
0.22630000114440918
0.24130000174045563
0.2565000057220459
0.2872999906539917
0.31779998540878296
0.34790000319480896
0.3725000023841858
0.3880000114440918
0.39800000190734863
0.4075999855995178
0.4196999967098236
0.426800012588501
0.43869999051094055
0.4505999982357025
0.4575999975204468
0.4650000035762787
0.477400004863739
0.4805000126361847
0.4871000051498413
0.49070000648498535
0.4993000030517578
0.5033000111579895
0.5080000162124634
0.5156999826431274
0.5200999975204468
0.527400016784668
0.5340999960899353
0.5325000286102295
0.5407000184059143
0.54830002784729
0.5490000247955322
0.5523999929428101
0.5583000183105469
0.5626000165939331
0.5663999915122986
0.5680999755859375
0.5759999752044678
0.5741000175476074
0.5770999789237976
0.5837000012397766
0.5853999853134155
0.5874000191688538
0.5888000130653381
0.5936999917030334
0.5967000126838684
0.6007999777793884
0.5978000164031982
0.6054999828338623
0.6069999933242798
0.6086999773979187
0.6126000285148621
0.6129999756813049
0.6157000064849854
0.6157000064849854
0.618399977684021
0.6225000023841858
0.6226000189781189
0.6187999844551086
0.6291999816894531
0.6272000074386597
0.6309000253677368
0.629800021648407
0.6348999738693237
0.6359000205993652
0.6365000009536743
0.6407999992370605
0.6388000249862671
0.6398000121116638
0.6395000219345093
0.6432999968528748
0.6407999992370605
0.6466000080108643
0.644599974155426
0.6492999792098999
0.6446999907493591
0.6496999859809875
0.6481999754905701
0.6504999995231628
0.6492999792098999
0.6510000228881836
0.6496999859809875
0.6523000001907349
0.652899980545044
0.6535999774932861
0.6556000113487244
0.6539999842643738
0.6563000082969666
0.6571999788284302
0.6575000286102295
0.660099983215332
0.6575999855995178
0.6603000164031982
0.659500002861023
0.65829998254776
0.663100004196167
0.6590999960899353
0.6632999777793884
