0.10000000149011612
0.1923999935388565
0.22200000286102295
0.23960000276565552
0.2565999925136566
0.2906000018119812
0.3138999938964844
0.3407000005245209
0.36410000920295715
0.3804999887943268
0.39419999718666077
0.39559999108314514
0.4075999855995178
0.414000004529953
0.4205000102519989
0.42660000920295715
0.43540000915527344
0.44769999384880066
0.46050000190734863
0.47029998898506165
0.48350000381469727
0.49149999022483826
0.5005999803543091
0.5088000297546387
0.5142999887466431
0.5199999809265137
0.526199996471405
0.5297999978065491
0.5371999740600586
0.5407000184059143
0.545199990272522
0.550000011920929
0.5525000095367432
0.5569000244140625
0.5626999735832214
0.5640000104904175
0.5648999810218811
0.5672000050544739
0.5737000107765198
0.579800009727478
0.5828999876976013
0.5856000185012817
0.590399980545044
0.5892999768257141
0.5910000205039978
0.593500018119812
0.5985999703407288
0.6003000140190125
0.5989999771118164
0.6033999919891357
0.6065000295639038
0.6098999977111816
0.6101999878883362
0.6104000210762024
0.614300012588501
0.613099992275238
0.6179999709129333
0.619700014591217
0.6169999837875366
0.6244000196456909
0.6252999901771545
0.6273999810218811
0.6277999877929688
0.6317999958992004
0.6322000026702881
0.6342999935150146
0.6358000040054321
0.6377999782562256
0.6347000002861023
0.6402999758720398
0.6403999924659729
0.6432999968528748
0.6438999772071838
0.6427000164985657
0.6467999815940857
0.6455000042915344
0.6470999717712402
0.6504999995231628
0.6485000252723694
0.6496000289916992
0.652400016784668
0.6550999879837036
0.652999997138977
0.6532999873161316
0.6553999781608582
0.6582000255584717
0.6571000218391418
0.6582000255584717
0.6610999703407288
0.6615999937057495
0.6601999998092651
0.6621000170707703
0.6608999967575073
0.6626999974250793
0.6646999716758728
0.6639000177383423
0.6643999814987183
0.6653000116348267
0.6646000146865845
0.666100025177002
