0.10000000149011612
0.10570000112056732
0.2011999934911728
0.22169999778270721
0.24650000035762787
0.28110000491142273
0.30320000648498535
0.32100000977516174
0.34299999475479126
0.3677999973297119
0.38429999351501465
0.39169999957084656
0.40130001306533813
0.4156000018119812
0.42910000681877136
0.44110000133514404
0.4530999958515167
0.46209999918937683
0.4772999882698059
0.476500004529953
0.4869000017642975
0.49059998989105225
0.4968000054359436
0.5031999945640564
0.5072000026702881
0.5116999745368958
0.5170000195503235
0.5199000239372253
0.5249999761581421
0.5267999768257141
0.53329998254776
0.5376999974250793
0.5394999980926514
0.5436000227928162
0.5454000234603882
0.5514000058174133
0.5565999746322632
0.5587999820709229
0.5602999925613403
0.5641000270843506
0.5727999806404114
0.5752000212669373
0.5759999752044678
0.5813999772071838
0.5831999778747559
0.5834000110626221
0.5870000123977661
0.5853999853134155
0.592199981212616
0.5929999947547913
0.5914000272750854
0.59579998254776
0.6003000140190125
0.6013000011444092
0.6065000295639038
0.6074000000953674
0.6118000149726868
0.6115999817848206
0.611299991607666
0.6111999750137329
0.6182000041007996
0.6168000102043152
0.6238999962806702
0.6230999827384949
0.6225000023841858
0.6247000098228455
0.6309999823570251
0.6251999735832214
0.6299999952316284
0.6338000297546387
0.6317999958992004
0.636900007724762
0.6348999738693237
0.6381000280380249
0.6394000053405762
0.6396999955177307
0.6391000151634216
0.6417999863624573
0.6438999772071838
0.642300009727478
0.6449000239372253
0.6456000208854675
0.6449000239372253
0.6462000012397766
0.6482999920845032
0.6467999815940857
0.649399995803833
0.6514999866485596
0.652899980545044
0.6516000032424927
0.6541000008583069
0.6527000069618225
0.6535000205039978
0.6539999842643738
0.6554999947547913
0.6545000076293945
0.6552000045776367
0.6575000286102295
0.6564000248908997
0.6574000120162964
