8.659679241185577
12.244238220851395
11.090150885838087
11.484370751315176
9.34152404622463
10.043735283187791
9.03425252587116
9.104901956728638
8.775993044697847
9.117163233367018
8.878898405748597
9.104901956728638
9.916214792884741
8.459109330882304
9.125719088865731
9.125719088865731
8.459109330882304
9.03425252587116
8.351531889386708
8.422784857507635
9.34152404622463
8.459109330882304
9.006024211969558
9.104901956728638
8.459109330882304
9.34152404622463
9.03425252587116
8.422784857507635
8.459109330882304
8.459109330882304
9.03425252587116
8.422784857507635
8.775993044697847
8.422784857507635
9.34152404622463
9.560699979144756
8.094606063401185
8.775993044697847
8.094606063401185
9.03425252587116
8.094606063401185
9.34152404622463
8.459109330882304
9.125719088865731
9.03425252587116
9.34152404622463
9.104901956728638
8.543716901171306
8.659679241185577
8.459109330882304
9.006024211969558
9.104901956728638
8.422784857507635
8.422784857507635
8.659679241185577
8.351531889386708
8.543716901171306
8.659679241185577
8.459109330882304
8.543716901171306
8.459109330882304
9.104901956728638
8.543716901171306
8.459109330882304
9.006024211969558
9.104901956728638
8.459109330882304
8.543716901171306
9.03425252587116
8.459109330882304
8.543716901171306
8.094606063401185
8.543716901171306
8.459109330882304
8.422784857507635
8.543716901171306
10.597402411371709
8.351531889386708
8.459109330882304
8.459109330882304
8.351531889386708
9.03425252587116
8.459109330882304
8.459109330882304
8.543716901171306
8.459109330882304
8.878898405748597
8.459109330882304
9.560699979144756
8.459109330882304
8.543716901171306
8.459109330882304
8.459109330882304
8.659679241185577
8.422784857507635
8.878898405748597
8.459109330882304
8.459109330882304
8.659679241185577
9.006024211969558
