8.422784857507635
8.878898405748597
8.422784857507635
8.094606063401185
8.094606063401185
8.094606063401185
8.094606063401185
8.351531889386708
8.094606063401185
8.094606063401185
8.459109330882304
8.351531889386708
8.094606063401185
8.094606063401185
8.094606063401185
8.094606063401185
8.351531889386708
8.094606063401185
8.094606063401185
8.351531889386708
8.459109330882304
8.094606063401185
8.351531889386708
8.351531889386708
8.094606063401185
8.094606063401185
8.094606063401185
8.094606063401185
8.351531889386708
8.094606063401185
8.351531889386708
8.094606063401185
8.351531889386708
8.094606063401185
8.351531889386708
8.351531889386708
8.351531889386708
8.094606063401185
8.094606063401185
8.094606063401185
8.094606063401185
8.351531889386708
8.094606063401185
8.094606063401185
8.094606063401185
8.094606063401185
8.094606063401185
8.094606063401185
8.351531889386708
8.351531889386708
8.094606063401185
8.094606063401185
8.094606063401185
8.351531889386708
8.094606063401185
8.094606063401185
8.094606063401185
8.094606063401185
8.094606063401185
8.094606063401185
8.351531889386708
8.094606063401185
8.094606063401185
8.094606063401185
8.094606063401185
8.422784857507635
8.094606063401185
8.094606063401185
8.094606063401185
8.094606063401185
8.094606063401185
8.094606063401185
8.094606063401185
8.094606063401185
8.094606063401185
8.094606063401185
8.351531889386708
8.094606063401185
8.351531889386708
8.094606063401185
8.094606063401185
8.094606063401185
8.094606063401185
8.094606063401185
8.094606063401185
8.351531889386708
8.094606063401185
8.094606063401185
8.351531889386708
8.094606063401185
8.094606063401185
8.094606063401185
8.094606063401185
8.094606063401185
8.094606063401185
8.094606063401185
8.094606063401185
8.094606063401185
8.094606063401185
8.094606063401185
