9.03425252587116
8.659679241185577
8.775993044697847
9.006024211969558
8.659679241185577
8.351531889386708
8.878898405748597
8.094606063401185
8.422784857507635
8.351531889386708
8.459109330882304
8.094606063401185
8.094606063401185
8.459109330882304
8.094606063401185
8.459109330882304
8.543716901171306
8.351531889386708
8.543716901171306
8.351531889386708
8.094606063401185
8.422784857507635
8.351531889386708
8.094606063401185
8.094606063401185
8.094606063401185
8.351531889386708
8.351531889386708
8.543716901171306
8.543716901171306
8.094606063401185
8.459109330882304
8.459109330882304
8.094606063401185
8.351531889386708
8.094606063401185
8.094606063401185
8.351531889386708
8.351531889386708
8.094606063401185
8.422784857507635
8.094606063401185
8.094606063401185
8.094606063401185
8.351531889386708
8.351531889386708
8.094606063401185
8.422784857507635
8.459109330882304
8.422784857507635
8.094606063401185
8.422784857507635
8.094606063401185
8.094606063401185
8.094606063401185
8.094606063401185
8.543716901171306
8.422784857507635
8.094606063401185
8.094606063401185
8.094606063401185
8.459109330882304
8.351531889386708
8.094606063401185
8.422784857507635
8.094606063401185
8.094606063401185
8.094606063401185
8.351531889386708
8.351531889386708
8.094606063401185
8.094606063401185
8.351531889386708
8.094606063401185
8.543716901171306
8.094606063401185
8.351531889386708
8.094606063401185
8.094606063401185
8.422784857507635
8.351531889386708
8.094606063401185
8.094606063401185
8.459109330882304
8.094606063401185
8.422784857507635
8.422784857507635
8.878898405748597
8.351531889386708
8.094606063401185
8.094606063401185
8.094606063401185
8.094606063401185
8.351531889386708
8.094606063401185
8.094606063401185
8.351531889386708
8.094606063401185
8.351531889386708
8.094606063401185
