7.259102182272283
5.471835283187792
3.7613318893867076
4.40882421196956
7.691038220851395
3.8508848575076344
3.2946070971007435
7.362397254201756
4.572519088865732
5.857445084662395
3.4552606384054867
2.111852767000501
5.057321170839334
3.340454084401565
4.796151262326057
7.2635984020722395
5.8418703773736045
4.545263233367019
6.545668841607448
7.0691107862105085
7.374901620347143
3.8872093308823055
6.4999508858380874
6.000202411371711
2.81798699401385
7.9796984305001395
6.491703269353464
4.062479241185578
7.812258256293557
7.1649348973656295
7.138458533561295
5.201101752807057
6.433157308704781
2.9519476897813552
7.183581607031376
3.1860229941781855
2.3041497474906665
5.344314792884742
5.931703055469997
3.9465169011713073
4.551701956728639
2.960877368775237
3.151589941618693
3.0321837545514505
7.4617412854293
2.0715989245414845
6.894170751315176
7.323023464267269
5.774540873802195
7.854933795777073
4.466519709837399
2.5382743356469812
2.291904305642275
3.522706063401186
4.751324046224629
4.963499979144757
4.481052525871161
2.9592067493657863
7.812465969033286
7.744671638967522
5.937743502202906
4.3069984057485975
4.185793044697848
6.316784318764346
