0.10000000149011612
0.18080000579357147
0.2387000024318695
0.26499998569488525
0.2791000008583069
0.32670000195503235
0.35920000076293945
0.3824000060558319
0.39399999380111694
0.4034000039100647
0.4196999967098236
0.42890000343322754
0.4372999966144562
0.4521999955177307
0.45320001244544983
0.46860000491142273
0.4708999991416931
0.47839999198913574
0.48399999737739563
0.4875999987125397
0.5005000233650208
0.5055999755859375
0.5095999836921692
0.5134999752044678
0.5184000134468079
0.5246000289916992
0.5309000015258789
0.5349000096321106
0.5421000123023987
0.5473999977111816
0.5539000034332275
0.5611000061035156
0.5638999938964844
0.5727999806404114
0.5716999769210815
0.5799000263214111
0.5853999853134155
0.5888000130653381
0.5942000150680542
0.5989999771118164
0.6025000214576721
0.60589998960495
0.6093999743461609
0.6139000058174133
0.6187000274658203
0.6262000203132629
0.6215999722480774
0.6287000179290771
0.6294000148773193
0.6344000101089478
0.633400022983551
0.6376000046730042
0.6402000188827515
0.6424000263214111
0.6442999839782715
0.645799994468689
0.647599995136261
0.6471999883651733
0.6518999934196472
0.6532999873161316
