65
66
80
130
152
166
182
184
205
252
254
279
280
324
329
342
353
384
428
513
516
521
545
580
629
666
673
714
754
764
788
792
822
844
891
934
979
987
994
1083
1098
1101
1107
1215
1264
1297
1306
1340
1358
1419
1446
1476
1492
1512
1523
1527
1545
1573
1624
1633
1648
1673
1692
1694
1702
1747
1786
1817
1830
1866
1930
1944
1963
1966
1967
1971
1973
1976
1985
2000
2046
2106
2117
2137
2156
2168
2178
2188
2200
2269
2272
2275
2308
2330
2336
2376
2380
2381
2411
2424
2461
2478
2503
2585
2602
2622
2641
2652
2653
2655
2694
2717
2779
2782
2832
2842
2844
2860
2871
2899
2965
3014
3032
3043
3056
3086
3095
3105
3147
3161
3175
3186
3190
3249
3261
3286
3311
3392
3393
3396
3397
3401
3451
3461
3471
3491
3499
3502
3646
3675
3732
3753
3754
3761
3763
3778
3815
3837
3845
3879
3891
3892
3905
3915
3933
3946
3949
3955
3974
3981
3985
4014
4017
4071
4098
4103
4127
4128
4142
4150
4159
4179
4185
4205
4208
4230
4253
4268
4269
4277
4297
4298
4309
4325
4390
4394
4398
4415
4432
4465
4488
4529
4581
4633
4687
4698
4706
4723
4788
4795
4862
4875
4905
4935
4940
4985
5000
5005
5055
5084
5104
5112
5119
5148
5161
5215
5286
5314
5326
5377
5395
5397
5458
5459
5462
5465
5483
5485
5489
5496
5498
5503
5519
5564
5567
5571
5592
5620
5651
5715
5733
5751
5776
5793
5801
5813
5845
5850
5856
5893
5915
5938
5950
5965
5983
5997
6007
6050
6051
6073
6088
6102
6110
6205
6224
6274
6296
6337
6381
6388
6393
6434
6442
6484
6491
6525
6561
6597
6637
6654
6655
6656
6657
6663
6673
6691
6716
6738
6773
6805
6830
6833
6840
6876
6890
6896
6968
6977
6993
7002
7070
7075
7202
7208
7230
7231
7266
7317
7318
7351
7356
7378
7398
7407
7418
7462
7478
7480
7484
7488
7558
7559
7602
7623
7634
7635
7663
7669
7683
7730
7757
7758
7761
7785
7822
7859
7942
7957
7961
8013
8031
8045
8070
8081
8085
8096
8109
8129
8154
8173
8203
8204
8221
8226
8285
8286
8301
8324
8335
8358
8432
8436
8453
8458
8472
8534
8566
8645
8663
8680
8700
8751
8758
8834
8859
8904
8905
8922
8940
8956
9010
9013
9047
9062
9118
9189
9202
9233
9247
9330
9333
9359
9361
9372
9422
9430
9462
9473
9486
9493
9497
9516
9519
9528
9539
9619
9628
9638
9644
9716
9744
9747
9748
9772
9795
9818
9841
9872
9941
9957
9960
9965
9970
10016
10097
10120
10139
10142
10184
10203
10222
10267
10311
10323
10333
10335
10384
10423
10433
10467
10486
10511
10578
10584
10587
10604
10646
10659
10674
10676
10678
10697
10723
10726
10746
10774
10803
10851
10853
10870
10910
10923
10935
10945
10990
10998
11003
11074
11091
11102
11103
11117
11128
11143
11145
11167
11225
11254
11256
11297
11419
11422
11483
11573
11591
11619
11626
11689
11691
11713
11743
11759
11783
11790
11905
11930
11943
11950
11965
12102
12120
12125
12213
12263
12276
12309
12370
12391
12395
12408
12419
12484
12513
12518
12542
12555
12563
12579
12586
12596
12602
12676
12681
12690
12714
12734
12743
12745
12751
12755
12764
12813
12907
12913
12936
12954
13017
13020
13048
13074
13109
13153
13193
13229
13237
13255
13257
13281
13288
13290
13291
13299
13321
13336
13360
13408
13426
13444
13450
13502
13503
13513
13550
13555
13569
13606
13641
13647
13723
13837
13873
13882
13969
13983
13992
14012
14097
14105
14128
14182
14188
14190
14221
14228
14229
14231
14246
14283
14287
14290
14355
14364
14365
14387
14420
14478
14479
14482
14503
14529
14548
14595
14597
14605
14683
14696
14697
14702
14720
14726
14733
14738
14751
14824
14825
14846
14849
14860
14887
14907
14913
14928
14933
15016
15054
15057
15074
15103
15146
15200
15223
15252
15290
15295
15299
15339
15344
15356
15405
15421
15424
15431
15437
15450
15468
15491
15504
15515
15522
15531
15554
15562
15567
15594
15600
15602
15621
15669
15671
15743
15745
15749
15755
15760
15768
15922
15931
15932
15946
15953
15967
15974
15980
16021
16025
16091
16093
16142
16157
16159
16181
16264
16315
16336
16338
16368
16382
16386
16396
16401
16406
16410
16442
16462
16538
16564
16572
16581
16627
16629
16637
16641
16677
16682
16684
16686
16779
16782
16793
16816
16859
16873
16954
16965
16970
16987
17013
17014
17016
17040
17069
17092
17159
17161
17182
17194
17215
17283
17292
17300
17324
17350
17456
17492
17511
17533
17553
17568
17587
17633
17635
17696
17727
17787
17790
17791
17794
17819
17833
17872
17906
17958
17968
17972
18004
18026
18043
18138
18167
18297
18311
18318
18325
18380
18381
18547
18580
18586
18602
18625
18645
18679
18680
18689
18698
18707
18721
18795
18802
18829
18891
18945
19006
19031
19033
19044
19060
19113
19166
19184
19220
19260
19275
19328
19387
19416
19419
19440
19441
19462
19509
19540
19549
19550
19554
19577
19616
19623
19677
19679
19693
19701
19737
19747
19830
19877
19894
19933
19963
19977
19998
20030
20053
20106
20126
20132
20136
20138
20231
20273
20357
20364
20382
20392
20405
20410
20452
20461
20469
20521
20553
20582
20711
20734
20747
20776
20788
20795
20797
20803
20809
20845
20874
20884
20886
20950
20984
20994
21012
21023
21089
21123
21160
21291
21340
21382
21396
21397
21409
21524
21564
21570
21595
21665
21695
21708
21709
21726
21732
21753
21757
21767
21868
21882
21897
21920
21961
22007
22019
22028
22059
22079
22103
22128
22149
22151
22179
22214
22313
22333
22338
22370
22373
22417
22440
22455
22491
22492
22497
22499
22519
22552
22566
22589
22595
22615
22649
22665
22693
22719
22720
22844
22846
22858
22884
22948
22953
22981
22993
23027
23055
23073
23081
23089
23103
23110
23121
23133
23164
23177
23180
23207
23219
23252
23285
23314
23325
23340
23391
23446
23452
23503
23547
23554
23612
23615
23659
23675
23695
23716
23743
23766
23768
23784
23820
23853
23935
23965
24004
24015
24030
24041
24092
24099
24131
24135
24153
24201
24233
24243
24302
24306
24346
24355
24359
24435
24474
24482
24492
24522
24546
24577
24654
24658
24672
24688
24691
24710
24711
24712
24721
24760
24784
24794
24822
24843
24859
24869
24911
24934
24947
24958
24960
24962
24966
24990
25024
25031
25035
25051
25059
25066
25133
25160
25176
25186
25246
25262
25270
25292
25311
25333
25412
25417
25422
25478
25504
25514
25568
25642
25688
25704
25728
25750
25769
25780
25796
25803
25818
25865
25896
25903
25981
25984
25995
25996
25998
26001
26012
26030
26051
26104
26149
26164
26170
26173
26187
26204
26236
26252
26290
26300
26333
26341
26368
26393
26455
26493
26531
26604
26684
26694
26697
26707
26717
26735
26748
26821
26836
26850
26856
26859
26862
26864
26878
26894
26937
26938
26949
26990
26997
27002
27004
27056
27079
27095
27125
27139
27157
27175
27189
27209
27226
27231
27234
27252
27265
27312
27357
27364
27377
27418
27442
27450
27477
27478
27496
27529
27550
27568
27573
27579
27581
27618
27630
27631
27643
27658
27676
27690
27739
27769
27775
27780
27786
27800
27810
27823
27826
27834
27861
27977
27979
27989
28050
28109
28205
28211
28225
28230
28231
28247
28255
28326
28339
28361
28450
28454
28457
28501
28540
28547
28550
28631
28684
28726
28750
28821
28839
28856
28872
28879
28887
28966
28975
29079
29129
29138
29145
29225
29299
29306
29312
29386
29412
29484
29588
29644
29646
29647
29708
29716
29717
29747
29750
29775
29776
29872
29934
29941
29946
29949
30007
30076
30133
30142
30144
30206
30231
30256
30279
30280
30285
30290
30292
30354
30395
30413
30417
30457
30517
30518
30543
30545
30563
30593
30620
30695
30696
30704
30708
30711
30727
30757
30765
30775
30783
30816
30854
30860
30882
30891
30944
30956
30978
30989
31003
31126
31157
31234
31267
31283
31316
31340
31356
31362
31366
31367
31379
31410
31420
31434
31458
31480
31492
31498
31507
31509
31541
31564
31567
31568
31574
31579
31598
31655
31660
31680
31681
31746
31747
31758
31759
31769
31772
31774
31793
31820
31836
31857
31861
31872
31878
31916
31938
31949
31974
32010
32015
32045
32058
32068
32071
32085
32087
32111
32140
32145
32160
32172
32192
32262
32282
32321
32344
32386
32501
32557
32560
32572
32581
32626
32660
32685
32793
32796
32797
32812
32873
32877
32975
33005
33069
33127
33128
33145
33176
33198
33202
33215
33280
33281
33289
33352
33414
33419
33423
33434
33441
33448
33494
33502
33547
33560
33572
33583
33596
33613
33647
33678
33731
33766
33805
33920
33925
33954
33988
33989
33994
34004
34019
34023
34037
34117
34176
34183
34184
34190
34193
34224
34233
34234
34254
34284
34297
34330
34336
34355
34378
34412
34414
34418
34446
34479
34488
34492
34494
34502
34522
34593
34594
34624
34638
34679
34685
34698
34731
34747
34763
34764
34767
34861
34868
34873
34899
34908
34948
34953
34979
35032
35033
35094
35103
35158
35180
35181
35213
35231
35288
35312
35317
35331
35334
35346
35361
35434
35451
35481
35504
35518
35553
35573
35600
35632
35636
35645
35671
35686
35687
35708
35718
35725
35733
35740
35756
35782
35807
35920
35921
35988
36155
36213
36214
36247
36253
36272
36287
36289
36301
36325
36348
36382
36384
36462
36486
36504
36577
36600
36621
36634
36661
36671
36716
36723
36727
36768
36789
36799
36851
36855
36856
36861
36898
36905
36984
37012
37054
37126
37129
37130
37160
37186
37193
37301
37312
37380
37417
37420
37428
37520
37528
37546
37557
37569
37570
37578
37609
37620
37626
37627
37659
37755
37769
37778
37824
37854
37864
37937
37961
37962
37973
38005
38050
38058
38072
38195
38236
38251
38280
38290
38294
38344
38347
38354
38395
38424
38427
38449
38460
38480
38488
38491
38493
38501
38507
38527
38561
38568
38579
38692
38701
38704
38714
38746
38751
38793
38809
38821
38883
38901
38937
39005
39019
39046
39053
39074
39094
39108
39132
39139
39145
39173
39193
39199
39277
39327
39328
39344
39364
39375
39376
39384
39407
39423
39509
39518
39554
39564
39612
39614
39639
39782
39832
39835
39908
39958
39962
39977
40015
40049
40060
40099
40105
40112
40137
40196
40197
40222
40241
40270
40286
40291
40311
40385
40422
40425
40441
40442
40454
40503
40507
40523
40549
40564
40619
40647
40662
40663
40690
40704
40720
40722
40735
40763
40766
40805
40840
40914
40975
40996
41009
41088
41090
41098
41123
41129
41132
41234
41308
41353
41365
41374
41385
41429
41453
41481
41488
41511
41512
41519
41539
41601
41608
41628
41636
41748
41749
41776
41794
41833
41849
41882
41918
41957
41960
41971
42056
42063
42071
42126
42152
42182
42192
42204
42208
42209
42210
42235
42288
42297
42299
42305
42421
42446
42458
42472
42555
42567
42574
42658
42777
42787
42795
42802
42815
42821
42822
42895
42897
42940
42962
42975
43037
43080
43100
43162
43175
43189
43206
43223
43266
43307
43320
43340
43350
43364
43380
43425
43432
43545
43573
43611
43612
43614
43625
43678
43694
43721
43726
43727
43742
43766
43831
43890
43896
43909
43940
43943
43955
44001
44085
44118
44171
44245
44257
44280
44302
44319
44397
44416
44439
44497
44599
44606
44648
44654
44656
44657
44685
44790
44793
44820
44835
44846
44849
44867
44871
44879
44890
44895
44917
44974
44984
45013
45025
45029
45044
45136
45146
45172
45192
45205
45229
45241
45255
45260
45270
45275
45282
45294
45312
45323
45347
45349
45402
45406
45408
45422
45424
45428
45446
45463
45481
45484
45522
45538
45544
45560
45600
45612
45617
45649
45650
45670
45675
45687
45699
45702
45722
45753
45759
45887
45896
45901
45936
45937
45966
45974
45980
45997
46007
46054
46059
46070
46094
46256
46261
46265
46396
46435
46444
46516
46580
46611
46663
46701
46719
46732
46755
46774
46786
46814
46828
46880
46884
46901
46911
46967
46973
47019
47031
47040
47114
47171
47184
47211
47249
47299
47305
47318
47329
47349
47357
47412
47439
47528
47557
47583
47599
47637
47751
47793
47835
47888
47894
47911
47938
48046
48094
48160
48198
48283
48399
48445
48450
48464
48480
48528
48607
48625
48639
48643
48670
48678
48685
48689
48775
48783
48803
48822
48826
48845
48857
48917
48971
48980
48993
49008
49023
49085
49087
49093
49099
49167
49186
49218
49256
49274
49300
49305
49322
49323
49329
49491
49500
49501
49506
49558
49564
49575
49584
49626
49647
49659
49661
49685
49694
49715
49718
49721
49722
49733
49738
49744
49820
49853
49870
49889
49950
49981
