40
65
66
67
71
87
89
114
180
194
203
223
254
282
306
323
340
362
372
395
413
446
463
525
534
542
581
603
642
694
695
749
780
782
787
795
798
853
869
878
934
977
1008
1026
1064
1088
1098
1103
1116
1131
1140
1187
1191
1235
1239
1286
1291
1300
1313
1332
1337
1371
1373
1379
1448
1457
1479
1480
1493
1508
1522
1552
1664
1687
1692
1731
1738
1756
1765
1782
1790
1859
1895
1900
1925
1941
1954
2015
2024
2029
2054
2070
2072
2077
2092
2099
2138
2163
2170
2208
2328
2331
2374
2383
2405
2465
2472
2520
2537
2539
2578
2584
2645
2659
2668
2670
2686
2702
2711
2722
2731
2743
2745
2760
2771
2819
2850
2866
2881
2883
2970
2975
3002
3021
3048
3057
3118
3121
3126
3156
3180
3185
3197
3200
3204
3232
3271
3303
3335
3354
3392
3418
3444
3496
3517
3536
3557
3587
3645
3673
3678
3687
3693
3704
3726
3765
3770
3776
3827
3859
3924
3960
3991
4002
4023
4048
4050
4072
4090
4102
4135
4160
4162
4170
4212
4226
4244
4249
4266
4281
4299
4307
4309
4398
4403
4409
4428
4458
4476
4483
4485
4486
4506
4622
4628
4654
4705
4741
4845
4855
4886
4925
4942
4968
5028
5089
5116
5173
5183
5188
5189
5238
5240
5259
5264
5350
5361
5373
5381
5450
5518
5545
5561
5619
5622
5673
5676
5793
5866
5904
5922
5936
5965
6010
6151
6158
6169
6178
6192
6196
6197
6210
6252
6267
6310
6339
6389
6425
6454
6494
6528
6557
6599
6616
6626
6643
6663
6666
6686
6693
6702
6730
6732
6768
7019
7065
7083
7183
7194
7251
7255
7290
7306
7317
7373
7379
7392
7420
7447
7480
7489
7492
7510
7565
7566
7571
7602
7644
7654
7681
7704
7751
7820
7853
7919
7927
7930
7953
7956
7976
8025
8100
8102
8117
8127
8188
8245
8248
8295
8346
8410
8411
8420
8431
8494
8503
8510
8523
8534
8556
8580
8612
8632
8644
8669
8683
8702
8712
8777
8793
8808
8815
8840
8850
8865
8909
8932
8935
8936
8990
9003
9007
9058
9062
9066
9078
9100
9121
9157
9178
9182
9191
9218
9329
9346
9362
9366
9376
9399
9435
9438
9505
9531
9552
9564
9574
9583
9607
9642
9659
9667
9672
9781
9796
9810
9822
9825
9910
10002
10005
10041
10049
10087
10100
10160
10162
10171
10218
10219
10235
10252
10310
10347
10353
10384
10389
10413
10444
10445
10451
10484
10514
10521
10527
10553
10581
10583
10606
10639
10678
10701
10758
10864
10873
10882
10901
10905
10915
10928
10945
10950
10956
10965
10980
10993
11040
11092
11099
11126
11129
11141
11206
11270
11282
11351
11364
11370
11372
11385
11409
11423
11431
11440
11460
11473
11510
11567
11576
11579
11643
11656
11658
11668
11669
11699
11703
11707
11727
11764
11806
11845
11911
11940
11966
11997
12040
12102
12139
12168
12206
12220
12243
12275
12284
12326
12342
12344
12407
12430
12443
12505
12508
12579
12591
12597
12611
12624
12627
12628
12654
12738
12799
12834
12847
12888
12934
13030
13063
13098
13104
13132
13163
13164
13189
13219
13224
13284
13306
13346
13356
13369
13371
13379
13406
13408
13425
13461
13466
13477
13511
13528
13578
13590
13631
13634
13636
13693
13734
13740
13786
13793
13799
13816
13878
13972
14009
14010
14014
14026
14034
14084
14096
14100
14121
14138
14141
14148
14201
14203
14294
14304
14309
14311
14321
14337
14358
14389
14408
14412
14445
14456
14469
14487
14509
14519
14574
14598
14632
14798
14834
14857
14872
14897
14917
14936
14937
14940
14988
15038
15040
15046
15071
15108
15114
15161
15167
15206
15225
15240
15256
15268
15292
15296
15322
15329
15354
15374
15379
15410
15438
15459
15487
15493
15520
15544
15596
15597
15632
15691
15737
15806
15860
15884
15899
15915
15932
15933
15938
15952
15953
15955
15960
15976
16015
16019
16053
16114
16142
16145
16182
16255
16346
16358
16364
16403
16414
16432
16450
16462
16521
16533
16535
16564
16571
16726
16802
16809
16838
16841
16851
16893
17007
17025
17042
17074
17079
17107
17108
17189
17202
17208
17223
17232
17288
17305
17317
17330
17335
17360
17378
17380
17447
17452
17456
17474
17490
17498
17534
17541
17631
17741
17749
17754
17761
17776
17800
17850
17929
17937
17947
17973
17992
18017
18068
18084
18086
18087
18113
18152
18174
18182
18324
18335
18340
18361
18363
18370
18373
18399
18433
18459
18463
18479
18570
18604
18607
18618
18622
18645
18662
18673
18685
18716
18719
18724
18756
18804
18895
18941
18987
19025
19040
19076
19079
19091
19094
19101
19164
19197
19216
19233
19234
19241
19245
19271
19287
19291
19301
19305
19314
19373
19403
19415
19427
19438
19448
19465
19470
19498
19500
19560
19655
19672
19774
19801
19862
19863
19883
19895
19904
20012
20038
20059
20106
20111
20134
20161
20185
20221
20270
20331
20344
20387
20407
20423
20467
20479
20499
20525
20555
20572
20576
20596
20626
20647
20709
20713
20725
20732
20745
20778
20782
20801
20824
20923
20933
20942
20983
20995
21024
21058
21152
21219
21258
21276
21285
21311
21315
21335
21346
21378
21409
21427
21521
21540
21547
21551
21552
21654
21655
21679
21684
21733
21787
21795
21804
21806
21869
21919
21922
21942
22049
22084
22085
22095
22113
22141
22144
22150
22154
22199
22230
22240
22243
22260
22308
22391
22435
22490
22513
22528
22529
22541
22547
22550
22604
22614
22618
22634
22655
22723
22731
22751
22753
22769
22773
22803
22811
22848
22882
22896
22910
22945
22980
22992
23002
23013
23031
23078
23101
23110
23120
23134
23162
23196
23208
23232
23276
23304
23310
23334
23429
23433
23442
23461
23478
23495
23543
23604
23606
23651
23702
23772
23780
23797
23864
23883
23890
23943
23951
23985
24076
24099
24143
24170
24210
24227
24303
24325
24335
24357
24384
24419
24460
24467
24486
24505
24582
24605
24634
24659
24701
24743
24753
24768
24771
24789
24865
24883
24911
24983
24987
25032
25049
25063
25111
25125
25137
25189
25220
25234
25240
25256
25292
25299
25327
25329
25344
25389
25391
25499
25532
25560
25576
25577
25597
25644
25657
25660
25685
25687
25729
25731
25736
25752
25771
25776
25789
25797
25836
25889
26005
26026
26033
26069
26157
26160
26191
26202
26240
26274
26279
26306
26311
26329
26344
26346
26370
26372
26379
26406
26419
26437
26484
26488
26498
26507
26545
26555
26594
26671
26696
26781
26800
26823
26848
26886
26909
26927
26978
26999
27025
27043
27069
27072
27112
27114
27121
27125
27131
27143
27174
27186
27221
27281
27283
27312
27320
27389
27393
27409
27419
27430
27516
27520
27534
27539
27547
27586
27590
27592
27638
27671
27680
27685
27724
27746
27770
27779
27780
27791
27808
27819
27821
27829
27832
27840
27851
27959
27964
28051
28057
28059
28062
28086
28089
28105
28112
28121
28125
28153
28155
28211
28238
28252
28253
28262
28295
28297
28356
28404
28407
28421
28476
28497
28498
28504
28512
28516
28530
28564
28584
28596
28680
28683
28691
28714
28730
28764
28777
28792
28866
28944
28996
29005
29023
29065
29067
29083
29116
29131
29177
29250
29259
29275
29306
29310
29332
29398
29410
29422
29428
29434
29439
29449
29469
29479
29489
29498
29515
29529
29562
29573
29591
29613
29619
29641
29666
29679
29697
29705
29736
29779
29804
29881
29913
29914
29940
29954
29976
29994
30028
30056
30064
30114
30147
30149
30154
30169
30185
30218
30224
30240
30250
30254
30480
30487
30492
30541
30552
30555
30558
30588
30589
30612
30623
30684
30700
30711
30718
30772
30798
30800
30812
30813
30833
30852
30853
30938
30939
30990
31012
31045
31087
31104
31121
31135
31161
31193
31194
31216
31258
31295
31296
31310
31340
31376
31408
31412
31417
31422
31426
31510
31517
31537
31546
31569
31628
31631
31638
31683
31762
31778
31782
31783
31786
31863
31872
31876
31949
31950
32009
32090
32102
32138
32163
32171
32295
32316
32331
32336
32384
32386
32394
32396
32491
32496
32535
32550
32629
32652
32660
32670
32695
32778
32780
32789
32791
32817
32823
32836
32851
32872
32946
32952
32990
33011
33058
33105
33117
33120
33193
33194
33210
33220
33247
33322
33384
33391
33398
33427
33438
33501
33593
33627
33671
33672
33686
33711
33739
33746
33761
33818
33835
33877
33928
33947
33948
33952
33956
33962
33965
33993
34016
34021
34069
34225
34233
34253
34254
34296
34322
34329
34337
34342
34362
34374
34405
34411
34414
34416
34427
34431
34448
34525
34533
34619
34664
34727
34773
34818
34830
34838
34851
34905
34909
34948
34955
34962
34995
35053
35101
35193
35242
35268
35287
35320
35365
35398
35418
35468
35471
35485
35493
35517
35519
35536
35617
35620
35626
35650
35678
35685
35760
35799
35809
35829
35878
35902
35953
35971
36018
36027
36029
36090
36106
36122
36138
36198
36215
36220
36221
36274
36350
36354
36359
36363
36370
36380
36387
36395
36430
36450
36463
36465
36501
36547
36675
36687
36715
36730
36734
36758
36779
36797
36860
36916
36969
37028
37067
37068
37077
37131
37149
37155
37157
37222
37236
37268
37284
37286
37302
37312
37315
37337
37340
37456
37465
37520
37560
37567
37624
37663
37695
37750
37763
37897
37928
37969
37981
37992
38016
38019
38079
38126
38145
38159
38191
38209
38288
38294
38302
38307
38327
38357
38423
38429
38434
38436
38475
38482
38498
38533
38536
38541
38547
38549
38599
38661
38687
38713
38724
38741
38770
38794
38859
38878
38929
38941
38999
39014
39015
39035
39053
39055
39137
39152
39161
39211
39223
39250
39258
39268
39282
39293
39331
39349
39377
39382
39440
39468
39508
39562
39590
39615
39651
39684
39722
39766
39775
39863
39868
39879
39881
39944
39956
39989
39995
39998
40002
40022
40028
40053
40093
40120
40143
40161
40174
40184
40218
40243
40247
40249
40252
40279
40333
40335
40341
40364
40367
40377
40383
40394
40439
40448
40461
40485
40528
40540
40550
40552
40581
40599
40644
40679
40702
40709
40720
40743
40788
40797
40809
40810
40823
40857
40863
40871
40887
40923
40926
40974
41026
41058
41065
41066
41071
41106
41107
41125
41186
41227
41242
41258
41260
41261
41281
41307
41344
41384
41413
41450
41491
41539
41541
41577
41578
41582
41610
41619
41673
41728
41746
41790
41800
41801
41825
41870
41886
41903
41935
41978
41983
41990
41996
42057
42090
42143
42145
42184
42202
42210
42225
42238
42295
42309
42325
42329
42332
42357
42374
42386
42390
42439
42452
42460
42547
42557
42578
42608
42613
42626
42664
42674
42675
42676
42679
42683
42706
42801
42827
42886
42899
42950
42966
43002
43044
43054
43056
43108
43126
43151
43158
43160
43204
43223
43235
43250
43273
43288
43297
43302
43310
43343
43349
43362
43369
43406
43411
43419
43427
43448
43453
43483
43506
43518
43530
43536
43544
43617
43627
43678
43702
43712
43743
43778
43779
43828
43834
43888
43894
43925
43949
43963
43969
43971
44009
44038
44059
44064
44110
44125
44162
44166
44173
44185
44188
44194
44226
44234
44277
44314
44336
44350
44354
44357
44370
44388
44402
44411
44431
44444
44482
44503
44528
44535
44537
44551
44552
44557
44558
44559
44581
44587
44617
44626
44639
44645
44664
44676
44692
44705
44718
44742
44752
44766
44806
44821
44840
44860
44861
44862
44872
44902
44990
44994
44998
45033
45040
45042
45088
45141
45161
45164
45311
45351
45378
45397
45442
45448
45487
45494
45509
45518
45523
45550
45553
45580
45597
45680
45688
45746
45747
45772
45803
45844
45896
45963
45974
45993
46048
46071
46080
46131
46132
46143
46151
46158
46189
46193
46204
46214
46228
46245
46279
46290
46323
46349
46366
46374
46391
46392
46404
46468
46500
46555
46556
46586
46621
46632
46670
46681
46736
46756
46759
46771
46788
46796
46831
46848
46870
46899
46909
46950
46966
46976
47003
47022
47028
47032
47036
47133
47156
47206
47238
47261
47276
47285
47291
47310
47326
47371
47372
47373
47389
47424
47425
47447
47453
47515
47546
47609
47612
47619
47654
47678
47730
47800
47883
47902
47952
47963
47970
47972
47990
47994
48014
48022
48026
48041
48063
48105
48131
48198
48214
48240
48242
48243
48260
48268
48288
48341
48375
48389
48399
48417
48433
48436
48488
48516
48548
48582
48591
48594
48636
48688
48749
48780
48787
48801
48805
48809
48826
48871
48916
48917
48948
48976
49053
49062
49071
49111
49138
49140
49178
49179
49184
49199
49209
49224
49290
49342
49343
49381
49382
49397
49431
49463
49561
49619
49631
49646
49647
49678
49709
49713
49720
49737
49771
49777
49784
49792
49798
49803
49866
49887
49901
49936
49951
49988
50000
