17
52
72
97
106
127
141
142
194
246
282
359
444
467
488
499
518
534
559
567
584
620
637
670
676
693
759
787
818
844
846
953
988
1017
1027
1031
1043
1054
1071
1109
1176
1182
1214
1218
1262
1276
1281
1304
1305
1357
1447
1449
1455
1500
1521
1538
1611
1630
1652
1670
1692
1695
1706
1719
1731
1746
1759
1782
1803
1830
1837
1877
1975
2026
2039
2044
2099
2122
2244
2257
2270
2298
2302
2313
2315
2348
2371
2410
2412
2453
2460
2496
2516
2528
2550
2557
2577
2632
2681
2722
2730
2732
2754
2760
2768
2814
2866
2878
2884
2917
2919
2923
2969
2972
2982
3001
3017
3069
3103
3198
3229
3286
3291
3299
3310
3349
3356
3367
3415
3500
3518
3565
3596
3605
3617
3633
3703
3704
3719
3758
3759
3784
3793
3852
3855
3902
3911
3978
3982
3993
3995
4026
4029
4038
4044
4048
4083
4105
4124
4129
4163
4251
4264
4333
4352
4371
4374
4384
4394
4410
4446
4474
4481
4519
4531
4536
4554
4570
4582
4599
4627
4688
4720
4735
4780
4786
4800
4802
4812
4824
4825
4830
4858
4889
4906
4923
4951
4987
5049
5118
5128
5151
5172
5180
5191
5197
5199
5245
5285
5290
5344
5353
5471
5474
5485
5490
5510
5632
5634
5651
5655
5666
5700
5710
5712
5726
5762
5770
5780
5794
5885
5956
6025
6030
6051
6057
6098
6115
6134
6143
6165
6194
6203
6216
6285
6295
6315
6343
6347
6351
6363
6380
6386
6389
6391
6412
6458
6464
6467
6508
6509
6556
6559
6583
6592
6599
6620
6646
6661
6671
6700
6730
6845
6853
6873
6902
6908
6919
6925
6929
6932
6938
6953
6968
6984
6990
7022
7056
7149
7171
7209
7224
7225
7321
7355
7372
7376
7386
7394
7402
7404
7466
7497
7565
7576
7577
7590
7615
7637
7670
7786
7790
7833
7850
7908
8004
8016
8039
8064
8066
8085
8091
8095
8126
8132
8144
8158
8189
8192
8194
8199
8212
8232
8309
8313
8328
8329
8373
8395
8426
8427
8429
8453
8467
8549
8573
8593
8658
8675
8783
8786
8799
8845
8904
8952
8963
8987
8994
9013
9022
9129
9214
9224
9230
9231
9249
9250
9264
9289
9400
9407
9428
9444
9450
9479
9532
9579
9584
9587
9653
9703
9719
9738
9765
9812
9820
9828
9882
9971
10039
10068
10070
10079
10106
10112
10119
10140
10150
10173
10242
10309
10321
10341
10350
10358
10359
10371
10387
10400
10405
10426
10434
10461
10513
10596
10607
10612
10631
10656
10665
10687
10698
10709
10729
10759
10827
10842
10854
10884
10889
10947
10953
10973
10977
11003
11014
11028
11066
11067
11072
11105
11119
11127
11129
11183
11223
11247
11254
11313
11363
11378
11393
11410
11413
11451
11459
11471
11546
11556
11559
11584
11587
11593
11596
11666
11675
11689
11691
11721
11741
11775
11785
11874
11922
11946
11972
12010
12031
12101
12157
12162
12171
12181
12183
12191
12218
12313
12314
12315
12345
12350
12387
12424
12441
12468
12524
12535
12555
12564
12578
12582
12611
12612
12626
12697
12748
12750
12755
12794
12856
12871
12895
12904
12947
12955
12986
12992
12999
13001
13045
13106
13147
13153
13238
13320
13332
13352
13401
13433
13468
13504
13533
13536
13546
13569
13579
13583
13584
13585
13597
13632
13658
13686
13689
13701
13713
13765
13803
13832
13841
13868
13879
13903
13942
13951
13958
13974
13977
13988
14062
14072
14077
14085
14096
14150
14164
14167
14215
14231
14237
14264
14288
14301
14331
14339
14366
14368
14465
14495
14505
14521
14528
14554
14582
14620
14635
14636
14663
14682
14694
14719
14743
14745
14761
14799
14808
14818
14838
14850
14875
14885
14886
14890
14896
14917
14932
14938
14939
14954
14958
15024
15030
15085
15088
15090
15096
15219
15239
15272
15278
15279
15342
15355
15368
15391
15402
15425
15461
15581
15584
15649
15670
15685
15788
15833
15874
15894
15899
15931
15940
15982
16019
16077
16091
16099
16162
16169
16178
16198
16243
16251
16290
16381
16389
16421
16466
16470
16490
16548
16572
16594
16626
16629
16637
16713
16727
16749
16750
16833
16846
16847
16855
16870
16911
16918
16924
16965
16971
17022
17064
17174
17203
17212
17264
17279
17285
17296
17310
17327
17462
17507
17525
17528
17529
17535
17579
17585
17607
17623
17650
17668
17717
17731
17787
17795
17802
17828
17896
17931
17937
17990
18010
18018
18020
18028
18039
18059
18061
18157
18229
18234
18254
18300
18329
18353
18357
18445
18462
18466
18474
18484
18565
18590
18600
18631
18684
18685
18722
18732
18749
18777
18780
18790
18816
18868
18883
18914
18925
18937
18940
18943
18987
18988
19008
19042
19077
19119
19128
19144
19158
19190
19193
19214
19264
19271
19302
19338
19364
19365
19369
19373
19388
19417
19431
19444
19446
19449
19464
19488
19513
19546
19579
19613
19627
19641
19656
19681
19695
19729
19754
19761
19781
19783
19808
19816
19826
19848
19934
19939
19940
19949
20009
20038
20042
20057
20068
20072
20076
20140
20158
20232
20253
20301
20335
20338
20364
20371
20381
20385
20394
20416
20417
20459
20467
20484
20487
20496
20499
20515
20539
20577
20582
20584
20589
20672
20678
20699
20709
20728
20774
20817
20833
20846
20862
20939
20980
21039
21042
21063
21085
21103
21113
21154
21167
21174
21187
21190
21200
21229
21235
21246
21315
21331
21392
21408
21410
21426
21440
21472
21489
21509
21576
21603
21629
21636
21673
21687
21717
21722
21750
21810
21887
21939
21974
21975
21982
22001
22092
22104
22107
22116
22196
22203
22207
22244
22299
22311
22320
22346
22356
22374
22379
22384
22386
22487
22498
22506
22518
22529
22597
22614
22660
22661
22677
22684
22685
22756
22771
22794
22814
22819
22885
22912
22959
23004
23044
23071
23094
23143
23167
23184
23185
23187
23234
23251
23261
23264
23280
23296
23306
23348
23361
23394
23400
23413
23418
23434
23439
23440
23444
23478
23495
23525
23537
23561
23582
23587
23594
23626
23677
23711
23768
23773
23789
23797
23812
23818
23820
23864
23890
23909
23970
23995
24025
24026
24058
24067
24068
24120
24184
24246
24275
24294
24313
24332
24358
24401
24415
24436
24446
24476
24517
24556
24560
24573
24672
24700
24717
24725
24749
24753
24797
24799
24837
24838
24846
24887
24920
24929
24942
24945
24964
24981
24986
25009
25048
25073
25076
25084
25130
25139
25148
25150
25161
25202
25210
25223
25229
25231
25251
25271
25324
25336
25352
25373
25430
25498
25527
25626
25647
25648
25673
25679
25765
25787
25853
25873
25924
25931
25965
25987
26048
26056
26086
26094
26108
26120
26125
26134
26160
26169
26195
26245
26250
26282
26351
26358
26383
26396
26442
26512
26521
26586
26601
26607
26615
26648
26722
26776
26777
26808
26822
26826
26839
26942
26979
26985
27003
27005
27029
27058
27074
27080
27097
27101
27137
27189
27264
27349
27355
27397
27421
27434
27463
27471
27472
27474
27510
27528
27578
27582
27593
27624
27629
27634
27636
27646
27651
27670
27705
27729
27735
27737
27739
27790
27821
27911
27940
27981
27985
27989
27997
28047
28060
28065
28092
28107
28122
28218
28268
28296
28354
28390
28431
28440
28466
28498
28565
28669
28690
28722
28739
28795
28817
28844
28847
28866
28872
28897
28920
28990
29052
29081
29128
29166
29190
29198
29237
29251
29258
29347
29400
29404
29411
29428
29439
29444
29496
29581
29588
29633
29648
29663
29687
29721
29723
29727
29738
29777
29820
29839
29842
29851
29914
29921
29925
29955
29974
30091
30108
30196
30202
30336
30436
30437
30496
30527
30537
30555
30578
30599
30607
30622
30635
30637
30641
30647
30651
30655
30664
30755
30850
30863
30888
30936
30965
30978
30995
31040
31050
31095
31106
31119
31127
31213
31250
31261
31281
31285
31288
31299
31303
31339
31348
31356
31361
31365
31385
31399
31415
31427
31463
31490
31491
31506
31552
31567
31574
31630
31635
31641
31680
31693
31728
31747
31806
31864
31921
31947
31955
32044
32058
32075
32128
32146
32165
32179
32181
32189
32221
32224
32235
32244
32300
32303
32340
32346
32387
32405
32442
32502
32551
32601
32621
32645
32646
32647
32681
32694
32726
32736
32765
32773
32774
32785
32827
32842
32847
32858
32859
32864
32881
32921
32936
32957
32959
32961
32968
32990
32998
33031
33032
33053
33097
33151
33229
33347
33358
33399
33494
33512
33586
33604
33633
33637
33683
33710
33716
33826
33849
33853
33860
33866
33903
33904
33909
33950
33992
34014
34047
34064
34113
34142
34171
34179
34199
34246
34259
34350
34368
34396
34435
34441
34461
34466
34481
34486
34489
34517
34523
34639
34658
34660
34667
34670
34671
34682
34700
34714
34725
34754
34758
34779
34821
34852
34888
34899
34903
34931
34940
34942
34999
35005
35030
35037
35098
35113
35120
35199
35221
35236
35304
35324
35328
35335
35366
35397
35430
35448
35546
35554
35572
35643
35675
35680
35687
35729
35799
35828
35843
35844
35855
35860
35889
35929
35934
35941
35978
36031
36071
36164
36208
36222
36258
36265
36288
36298
36301
36435
36495
36504
36544
36570
36608
36621
36634
36635
36637
36685
36688
36699
36718
36725
36738
36742
36749
36772
36776
36784
36807
36823
36855
36895
36906
36919
36929
36935
36948
36996
37001
37005
37013
37069
37155
37253
37259
37270
37355
37358
37379
37392
37399
37438
37482
37490
37504
37515
37524
37527
37529
37555
37614
37623
37633
37637
37664
37697
37733
37748
37759
37764
37786
37796
37836
37856
37872
37924
37943
37985
38000
38017
38041
38076
38104
38128
38140
38155
38185
38203
38214
38230
38244
38268
38286
38318
38336
38342
38389
38413
38433
38463
38496
38504
38519
38527
38589
38669
38704
38781
38796
38798
38821
38834
38847
38850
38860
38869
38889
38899
38939
38987
39067
39077
39119
39141
39155
39288
39340
39356
39359
39373
39394
39409
39475
39486
39526
39533
39600
39607
39618
39662
39705
39714
39719
39722
39726
39750
39761
39767
39804
39819
39875
39976
39992
40027
40039
40048
40052
40094
40142
40148
40174
40195
40257
40280
40292
40306
40313
40318
40342
40383
40394
40431
40433
40457
40474
40528
40581
40609
40630
40680
40706
40708
40713
40720
40744
40745
40788
40800
40807
40839
40854
40863
40899
40941
40996
40998
41000
41012
41027
41062
41093
41094
41099
41120
41174
41196
41200
41204
41222
41256
41258
41287
41318
41330
41346
41364
41380
41388
41405
41416
41460
41465
41541
41619
41624
41627
41639
41648
41686
41721
41773
41793
41800
41830
41838
41845
41856
41960
41984
42039
42068
42106
42133
42164
42173
42206
42221
42228
42249
42265
42304
42308
42346
42354
42402
42432
42446
42451
42458
42484
42487
42491
42551
42588
42589
42604
42638
42663
42691
42738
42743
42745
42764
42787
42790
42821
42829
42834
42854
42877
42930
42970
43053
43064
43076
43099
43118
43128
43133
43156
43168
43184
43199
43230
43235
43237
43251
43294
43310
43311
43330
43372
43396
43401
43426
43442
43446
43464
43477
43482
43502
43666
43674
43749
43805
43813
43820
43836
43840
43866
43873
43878
43909
43948
43949
44007
44010
44029
44045
44051
44066
44070
44094
44137
44142
44185
44198
44220
44262
44278
44348
44384
44405
44411
44425
44443
44465
44466
44491
44524
44598
44615
44667
44695
44726
44770
44822
44849
44851
44922
44924
44986
44996
45006
45026
45042
45048
45065
45067
45091
45113
45142
45148
45176
45205
45214
45218
45336
45421
45423
45425
45450
45545
45593
45597
45602
45607
45630
45636
45654
45655
45660
45673
45706
45707
45739
45746
45826
45835
45855
45894
45912
45916
45917
45932
45938
45959
45962
45994
45995
46001
46002
46028
46052
46061
46066
46117
46127
46132
46173
46203
46236
46256
46259
46286
46294
46330
46345
46362
46411
46455
46456
46459
46468
46480
46492
46556
46558
46574
46621
46637
46714
46739
46749
46818
46821
46936
46996
47002
47056
47057
47091
47104
47120
47173
47175
47200
47247
47272
47332
47354
47355
47366
47424
47432
47468
47478
47536
47592
47612
47617
47681
47695
47719
47722
47723
47754
47850
47869
47901
47904
47923
47924
47927
47984
48001
48039
48060
48065
48067
48070
48088
48099
48111
48122
48127
48136
48151
48165
48172
48181
48249
48301
48332
48347
48393
48396
48403
48451
48454
48487
48502
48504
48509
48559
48562
48566
48616
48619
48690
48703
48772
48796
48822
48836
48844
48848
48969
48985
48988
48998
49005
49125
49142
49143
49147
49184
49221
49244
49249
49269
49336
49357
49396
49403
49435
49442
49470
49486
49514
49534
49549
49577
49600
49603
49662
49690
49691
49708
49750
49810
49816
49817
49835
49856
49869
49882
49930
49953
