14
30
41
67
89
123
140
152
155
274
325
332
357
412
422
430
441
490
502
522
534
559
561
582
605
607
609
654
718
769
776
783
810
820
836
901
931
948
980
1003
1006
1013
1022
1043
1052
1095
1129
1133
1171
1176
1177
1265
1298
1342
1386
1401
1407
1469
1478
1490
1492
1521
1554
1566
1581
1599
1622
1654
1675
1694
1742
1765
1789
1805
1816
1818
1824
1841
1852
1882
1910
1931
1977
1979
1991
2000
2058
2065
2097
2098
2171
2192
2206
2264
2306
2340
2361
2393
2419
2493
2502
2553
2593
2596
2598
2602
2669
2767
2772
2797
2814
2851
2880
2894
2910
2921
2927
2942
2943
2980
3002
3034
3073
3084
3094
3101
3108
3113
3182
3195
3196
3276
3297
3298
3311
3332
3349
3372
3420
3463
3519
3534
3538
3539
3548
3556
3603
3697
3744
3747
3770
3788
3840
3878
3888
3917
3919
3943
3995
4069
4088
4091
4155
4175
4191
4208
4218
4234
4241
4271
4353
4354
4366
4400
4406
4459
4473
4481
4495
4508
4608
4614
4632
4652
4706
4710
4737
4759
4802
4803
4829
4845
4863
4881
4894
4901
4912
4915
4916
4926
5017
5024
5097
5100
5124
5133
5152
5186
5226
5255
5256
5257
5301
5314
5342
5381
5400
5418
5422
5427
5447
5471
5495
5502
5562
5583
5587
5598
5601
5618
5641
5749
5772
5775
5789
5795
5835
5872
5887
5963
5977
5978
5980
6001
6008
6100
6117
6120
6168
6174
6178
6193
6220
6228
6313
6322
6341
6357
6386
6433
6441
6451
6460
6499
6536
6539
6545
6558
6607
6624
6630
6632
6649
6711
6713
6724
6733
6743
6744
6748
6781
6792
6827
6835
6858
6902
6928
6955
6980
6981
7065
7080
7081
7114
7116
7148
7180
7195
7235
7256
7307
7371
7386
7404
7410
7441
7457
7460
7497
7530
7536
7565
7592
7639
7647
7666
7667
7836
7852
7925
7969
8021
8061
8065
8074
8076
8079
8083
8097
8121
8132
8138
8146
8161
8191
8226
8252
8260
8277
8287
8293
8336
8363
8367
8420
8433
8457
8478
8479
8568
8569
8583
8594
8603
8637
8654
8687
8720
8726
8729
8767
8768
8812
8845
8867
8953
8985
8989
8998
9040
9044
9089
9179
9277
9284
9326
9352
9392
9459
9481
9504
9510
9530
9555
9556
9558
9586
9609
9612
9633
9661
9693
9729
9745
9754
9845
9846
9869
9932
9945
9996
10007
10015
10052
10058
10065
10116
10135
10159
10185
10197
10213
10239
10257
10289
10326
10351
10352
10439
10448
10481
10484
10500
10546
10557
10599
10624
10659
10704
10707
10717
10722
10759
10786
10806
10808
10851
10862
10881
10905
10961
10988
11019
11100
11104
11106
11203
11224
11237
11257
11258
11314
11406
11444
11522
11529
11576
11584
11610
11650
11671
11674
11688
11693
11714
11730
11746
11756
11782
11798
11828
11832
11843
11859
11864
11882
11937
11945
11954
11993
12017
12042
12100
12128
12137
12173
12191
12211
12217
12226
12242
12251
12261
12274
12285
12303
12309
12333
12345
12350
12385
12413
12423
12450
12467
12470
12526
12532
12588
12589
12605
12674
12710
12722
12729
12770
12786
12791
12799
12806
12807
12808
12830
12867
12884
12909
12930
12970
13003
13006
13017
13018
13021
13034
13051
13064
13091
13120
13180
13183
13191
13250
13263
13295
13306
13307
13340
13341
13355
13489
13502
13503
13550
13553
13572
13608
13617
13644
13693
13709
13727
13769
13770
13829
13852
13925
13995
14045
14053
14059
14103
14120
14122
14189
14196
14214
14223
14329
14341
14346
14356
14388
14398
14411
14432
14466
14483
14513
14523
14527
14540
14581
14638
14648
14656
14658
14677
14706
14721
14779
14809
14843
14861
14862
14909
14913
14951
14966
14976
15023
15081
15083
15098
15113
15146
15156
15170
15171
15174
15176
15261
15279
15313
15318
15373
15375
15386
15421
15447
15450
15457
15465
15482
15496
15498
15505
15518
15519
15520
15546
15745
15760
15765
15786
15793
15799
15829
15841
15861
15913
15947
15948
15949
15957
15971
15978
15997
16009
16037
16059
16076
16135
16182
16218
16231
16254
16260
16275
16281
16290
16304
16321
16322
16332
16347
16349
16356
16411
16439
16514
16548
16556
16637
16639
16684
16717
16724
16737
16743
16785
16800
16804
16847
16852
16863
16884
16894
16922
16983
16990
17001
17016
17040
17054
17060
17064
17118
17120
17145
17177
17200
17271
17273
17323
17331
17380
17391
17412
17432
17442
17450
17460
17533
17538
17551
17578
17605
17615
17738
17745
17753
17754
17851
17855
17878
17899
17914
17970
17993
18019
18031
18066
18104
18116
18128
18137
18168
18197
18218
18229
18234
18238
18251
18275
18288
18293
18312
18319
18324
18354
18416
18456
18468
18483
18488
18525
18531
18540
18545
18546
18557
18571
18592
18622
18650
18667
18678
18692
18733
18741
18744
18756
18766
18767
18850
18854
18873
18899
18965
19004
19049
19080
19081
19091
19099
19105
19139
19163
19188
19197
19247
19256
19283
19314
19342
19369
19376
19409
19419
19442
19459
19585
19652
19667
19716
19722
19729
19737
19766
19783
19786
19805
19816
19832
19885
19896
19911
19920
19925
19932
19973
20042
20113
20136
20186
20208
20215
20252
20309
20362
20370
20376
20386
20409
20457
20476
20483
20544
20567
20582
20599
20603
20621
20658
20660
20666
20732
20739
20741
20749
20750
20752
20810
20860
20908
21006
21070
21077
21094
21124
21134
21136
21148
21173
21215
21258
21312
21324
21359
21372
21382
21414
21415
21425
21458
21469
21478
21504
21524
21535
21549
21578
21601
21602
21712
21728
21739
21744
21779
21801
21819
21892
21918
21934
21944
21954
21973
21984
22050
22077
22132
22137
22202
22215
22250
22272
22318
22341
22346
22358
22390
22392
22429
22463
22466
22542
22561
22596
22608
22666
22722
22724
22807
22853
22862
22897
22906
22921
22927
22951
22953
22958
22974
22979
22989
22997
23002
23003
23067
23106
23138
23144
23183
23201
23204
23220
23225
23241
23245
23256
23261
23320
23368
23377
23391
23401
23409
23416
23462
23472
23475
23516
23528
23617
23684
23696
23699
23711
23734
23738
23767
23788
23801
23830
23849
23883
23885
23914
23927
24030
24066
24071
24086
24120
24125
24140
24143
24146
24194
24223
24240
24275
24293
24294
24319
24333
24371
24379
24405
24406
24462
24475
24480
24487
24492
24538
24542
24631
24676
24679
24688
24786
24805
24813
24818
24830
24843
24859
24878
24893
24899
24902
24925
24939
24951
24972
24984
24993
24998
25009
25044
25053
25073
25085
25104
25125
25149
25200
25203
25225
25282
25303
25353
25363
25375
25412
25419
25437
25453
25458
25461
25497
25501
25519
25536
25538
25555
25566
25567
25577
25633
25716
25733
25742
25809
25935
25947
25969
25986
25995
26022
26066
26092
26137
26145
26157
26169
26186
26218
26231
26235
26269
26305
26410
26417
26473
26476
26512
26513
26523
26557
26559
26585
26600
26606
26608
26617
26655
26658
26668
26744
26785
26810
26828
26832
26854
26916
26922
26923
26955
26967
26970
26974
27012
27052
27073
27088
27093
27140
27142
27192
27256
27268
27277
27280
27285
27316
27343
27359
27361
27362
27368
27413
27430
27444
27453
27471
27493
27494
27511
27545
27547
27696
27732
27758
27785
27821
27825
27849
27867
27898
27939
27949
27983
27988
27990
28020
28022
28031
28055
28066
28068
28080
28090
28097
28104
28129
28133
28141
28253
28291
28338
28348
28354
28384
28390
28401
28405
28458
28463
28505
28516
28572
28588
28597
28619
28650
28670
28693
28723
28814
28828
28836
28858
28864
28867
28894
28919
28979
28988
29005
29012
29032
29119
29134
29175
29223
29234
29252
29289
29326
29371
29464
29473
29499
29521
29525
29545
29549
29600
29612
29695
29710
29714
29723
29743
29769
29821
29839
29842
29875
29906
29909
29925
29951
30020
30110
30132
30167
30195
30237
30270
30321
30326
30343
30422
30468
30476
30486
30493
30528
30560
30589
30620
30635
30668
30705
30725
30748
30751
30760
30783
30797
30813
30846
30925
30929
30987
31015
31037
31044
31062
31129
31141
31172
31176
31210
31234
31305
31331
31352
31394
31482
31484
31492
31518
31522
31610
31629
31630
31660
31661
31696
31734
31799
31803
31812
31813
31821
31858
31859
31863
31879
31894
31922
31946
31958
31975
32002
32020
32073
32089
32105
32135
32149
32180
32189
32193
32197
32224
32252
32270
32283
32311
32319
32349
32363
32365
32419
32431
32439
32441
32480
32481
32570
32577
32603
32613
32632
32737
32741
32746
32811
32858
32887
32909
32981
33021
33030
33068
33108
33169
33176
33179
33205
33235
33260
33282
33284
33288
33297
33315
33331
33386
33406
33458
33493
33514
33519
33528
33582
33588
33613
33616
33620
33651
33668
33675
33707
33710
33746
33755
33763
33772
33807
33871
33872
33873
33884
33885
33916
33946
34023
34026
34030
34042
34072
34078
34079
34104
34142
34151
34159
34161
34168
34199
34243
34269
34301
34333
34373
34382
34387
34466
34477
34506
34537
34543
34555
34603
34640
34646
34660
34722
34847
34871
34877
34921
34975
34981
35010
35032
35042
35112
35127
35128
35132
35148
35153
35202
35222
35260
35277
35301
35303
35306
35355
35358
35369
35392
35396
35422
35519
35520
35578
35585
35605
35654
35670
35687
35702
35727
35769
35819
35839
35840
35853
35862
35902
35982
36028
36039
36059
36063
36073
36098
36102
36154
36209
36228
36231
36234
36236
36351
36389
36429
36446
36480
36515
36530
36532
36565
36592
36628
36645
36654
36687
36720
36721
36729
36810
36845
36858
36875
36916
36969
36972
37020
37040
37055
37140
37161
37169
37176
37197
37219
37221
37240
37242
37262
37266
37293
37301
37305
37325
37361
37384
37404
37431
37488
37602
37657
37676
37720
37733
37745
37794
37797
37809
37850
37895
37904
37906
37911
38005
38021
38095
38108
38126
38145
38163
38256
38275
38290
38301
38304
38314
38321
38382
38415
38492
38543
38565
38566
38582
38596
38630
38655
38706
38737
38782
38790
38797
38893
38960
38961
38981
38994
39000
39013
39060
39164
39236
39260
39269
39282
39306
39336
39343
39422
39441
39470
39482
39588
39640
39647
39662
39699
39707
39715
39727
39750
39808
39838
39846
39847
39866
39884
39914
39927
39928
39983
40009
40053
40073
40088
40100
40141
40144
40154
40188
40195
40198
40235
40286
40306
40320
40330
40331
40394
40411
40427
40434
40439
40457
40479
40486
40515
40554
40564
40576
40615
40746
40749
40753
40783
40789
40803
40832
40854
40861
40882
41050
41065
41085
41098
41109
41147
41168
41209
41262
41270
41278
41282
41297
41312
41345
41391
41414
41422
41427
41460
41531
41609
41612
41631
41646
41651
41658
41665
41666
41675
41694
41761
41782
41831
41867
41882
41919
41956
41959
41969
41973
41981
42000
42011
42187
42190
42209
42229
42244
42252
42271
42300
42303
42331
42337
42349
42358
42391
42414
42431
42455
42457
42471
42481
42520
42565
42576
42598
42611
42632
42660
42686
42764
42810
42823
42826
42844
42867
42896
42905
42923
42969
43008
43072
43093
43103
43129
43159
43183
43252
43267
43306
43326
43347
43351
43362
43387
43390
43438
43533
43563
43648
43686
43751
43770
43771
43791
43824
43855
43878
44012
44015
44104
44133
44176
44177
44178
44194
44257
44272
44288
44293
44327
44333
44344
44357
44370
44375
44395
44399
44427
44429
44435
44468
44471
44492
44505
44508
44512
44564
44577
44650
44712
44751
44769
44827
44857
44903
44907
44908
44955
44956
45002
45009
45019
45026
45048
45062
45069
45111
45137
45168
45240
45258
45275
45277
45312
45393
45407
45422
45477
45482
45505
45582
45678
45684
45708
45732
45784
45807
45818
45820
45832
45924
45952
46007
46011
46021
46095
46126
46180
46182
46205
46207
46219
46234
46271
46379
46408
46409
46423
46514
46567
46571
46577
46591
46603
46661
46676
46691
46695
46715
46731
46735
46781
46838
46851
46869
46909
46913
46938
46961
46966
46971
47034
47048
47066
47078
47084
47158
47194
47215
47250
47263
47277
47287
47303
47412
47466
47491
47547
47559
47570
47576
47584
47591
47633
47845
47920
47929
47947
47963
47968
47979
47999
48006
48015
48020
48033
48045
48114
48134
48155
48169
48172
48194
48201
48223
48305
48397
48416
48483
48492
48505
48511
48522
48537
48572
48578
48612
48652
48660
48723
48725
48727
48739
48771
48811
48836
48838
48849
48865
48874
48888
48907
48910
48953
48961
48972
48983
48984
48989
48997
49003
49068
49089
49096
49177
49190
49224
49233
49237
49248
49252
49305
49325
49361
49426
49428
49450
49499
49505
49510
49546
49625
49706
49727
49781
49813
49815
49824
49859
49907
49919
49931
49944
49945
49980
