53
58
64
166
175
271
291
377
383
421
459
474
507
523
562
698
699
756
792
811
826
841
845
848
864
869
884
908
978
1000
1029
1052
1061
1104
1117
1157
1171
1236
1295
1310
1341
1356
1370
1374
1407
1451
1490
1518
1522
1532
1558
1560
1584
1588
1604
1608
1615
1639
1651
1665
1706
1719
1727
1847
2005
2008
2039
2059
2067
2121
2124
2144
2147
2162
2167
2223
2242
2250
2265
2299
2305
2336
2359
2369
2380
2385
2408
2468
2470
2501
2507
2542
2548
2550
2578
2592
2600
2646
2678
2686
2688
2697
2703
2706
2755
2778
2870
2929
2947
2960
3005
3040
3087
3106
3181
3201
3248
3281
3293
3295
3329
3353
3363
3364
3369
3418
3422
3426
3434
3437
3500
3501
3507
3508
3537
3540
3543
3565
3576
3579
3582
3632
3661
3668
3675
3677
3703
3733
3736
3755
3761
3774
3775
3803
3821
3824
3868
3874
3911
3920
3958
3979
4029
4143
4167
4185
4187
4188
4263
4299
4307
4321
4363
4401
4438
4460
4469
4470
4527
4535
4536
4539
4542
4563
4599
4632
4668
4673
4677
4703
4734
4755
4773
4790
4830
4856
4860
4863
4865
4876
4917
4923
4936
4970
4971
5004
5032
5099
5105
5109
5141
5146
5158
5220
5248
5255
5272
5278
5279
5296
5338
5398
5423
5488
5561
5572
5578
5636
5640
5663
5682
5707
5723
5735
5752
5766
5767
5781
5834
5837
5846
5857
5870
5954
6009
6044
6087
6095
6131
6139
6192
6195
6221
6267
6270
6294
6302
6311
6374
6388
6407
6443
6450
6460
6499
6507
6521
6528
6611
6637
6653
6661
6706
6708
6744
6751
6759
6763
6814
6907
6915
6919
6924
6926
6971
7001
7075
7077
7078
7182
7217
7241
7246
7254
7260
7262
7277
7290
7300
7306
7318
7328
7388
7396
7442
7452
7462
7475
7493
7498
7534
7540
7738
7762
7768
7789
7805
7831
7841
7875
7888
7897
7901
7925
7933
7953
7987
8013
8033
8040
8071
8111
8114
8117
8118
8167
8178
8186
8214
8224
8250
8271
8287
8298
8333
8335
8344
8378
8398
8399
8403
8433
8461
8466
8560
8589
8596
8638
8649
8654
8680
8696
8760
8772
8787
8883
8906
8910
8914
8931
8933
8958
9053
9104
9105
9142
9154
9158
9170
9214
9241
9247
9268
9314
9364
9367
9383
9406
9446
9467
9473
9477
9478
9560
9577
9613
9632
9650
9682
9692
9702
9710
9739
9769
9801
9828
9866
9885
9938
9956
10005
10015
10018
10064
10131
10136
10139
10150
10171
10172
10247
10269
10278
10281
10294
10314
10317
10318
10343
10385
10437
10538
10539
10555
10577
10596
10618
10680
10682
10694
10746
10751
10752
10823
10847
10910
10926
10988
10989
10993
11025
11043
11164
11167
11170
11204
11206
11245
11374
11450
11454
11465
11500
11563
11649
11655
11667
11695
11706
11725
11770
11771
11798
11843
11855
11857
11916
11919
11939
11974
12020
12037
12044
12077
12108
12130
12142
12211
12216
12243
12306
12309
12326
12350
12351
12361
12374
12387
12391
12409
12413
12422
12474
12494
12537
12568
12574
12621
12632
12638
12671
12675
12682
12707
12727
12740
12748
12765
12820
12849
12954
12961
12963
12980
13030
13032
13035
13077
13155
13164
13199
13214
13277
13288
13291
13306
13315
13339
13374
13376
13384
13409
13422
13441
13445
13463
13476
13485
13498
13507
13509
13591
13601
13649
13680
13688
13690
13704
13707
13782
13789
13790
13801
13815
13825
13844
13849
13893
13909
13933
13986
13996
14006
14038
14049
14060
14083
14089
14106
14112
14134
14192
14200
14219
14239
14245
14250
14261
14280
14300
14305
14321
14327
14349
14369
14410
14430
14433
14530
14607
14644
14658
14670
14693
14727
14787
14788
14804
14808
14821
14866
14885
14914
14915
14953
14968
14978
15000
15009
15017
15086
15091
15201
15206
15221
15241
15263
15277
15323
15345
15377
15396
15400
15422
15448
15493
15495
15509
15532
15566
15597
15648
15680
15730
15748
15761
15817
15860
15867
15885
15898
15928
16000
16001
16004
16010
16017
16026
16070
16077
16078
16082
16094
16117
16125
16146
16167
16178
16300
16302
16320
16399
16407
16412
16436
16443
16504
16510
16531
16559
16569
16649
16703
16743
16757
16800
16884
16892
16909
16922
16945
16954
16969
16973
16992
17005
17040
17047
17117
17118
17195
17222
17232
17255
17270
17289
17305
17343
17354
17386
17476
17502
17517
17523
17527
17534
17565
17568
17569
17593
17656
17703
17736
17749
17797
17808
17856
17860
17876
17894
17900
17946
17947
17965
17973
17979
17990
18004
18014
18063
18064
18091
18126
18153
18166
18173
18186
18189
18241
18245
18286
18304
18326
18330
18347
18355
18364
18375
18398
18409
18417
18436
18483
18501
18503
18569
18582
18610
18624
18630
18673
18822
18831
18921
18928
18934
18993
19069
19083
19132
19158
19169
19177
19242
19290
19295
19388
19412
19424
19482
19486
19489
19503
19514
19521
19528
19548
19569
19571
19607
19610
19639
19645
19647
19664
19703
19742
19767
19797
19816
19820
19862
19871
19889
19930
19966
19976
19988
20008
20013
20041
20073
20125
20126
20147
20202
20234
20240
20250
20253
20311
20338
20364
20408
20458
20460
20495
20551
20582
20627
20631
20646
20684
20699
20701
20716
20796
20859
20899
20932
20977
20998
21000
21034
21046
21079
21109
21140
21149
21170
21203
21212
21258
21259
21289
21349
21361
21367
21378
21414
21440
21585
21588
21609
21657
21677
21678
21686
21701
21718
21748
21776
21786
21815
21822
21837
21839
21863
21885
21912
21922
21943
21954
21970
21971
22020
22064
22077
22097
22104
22127
22172
22176
22182
22219
22231
22238
22291
22341
22353
22355
22388
22406
22409
22420
22451
22455
22469
22511
22548
22585
22624
22630
22646
22706
22712
22715
22723
22748
22772
22808
22814
22856
22866
22923
22940
22955
22995
23003
23012
23056
23063
23132
23171
23205
23237
23297
23363
23367
23385
23439
23473
23496
23504
23548
23573
23582
23593
23624
23652
23741
23768
23782
23794
23810
23826
23886
23906
23926
23930
23961
23987
23999
24024
24028
24221
24230
24268
24312
24335
24364
24450
24458
24465
24518
24525
24533
24591
24682
24689
24710
24724
24727
24757
24768
24796
24800
24821
24889
24901
24993
25013
25045
25079
25192
25214
25283
25290
25314
25431
25435
25449
25475
25514
25584
25589
25659
25699
25746
25761
25780
25812
25873
25935
25950
25978
25985
26015
26024
26041
26110
26129
26140
26164
26176
26194
26198
26227
26264
26296
26328
26349
26390
26406
26417
26474
26478
26508
26524
26533
26536
26562
26563
26581
26582
26652
26661
26695
26708
26730
26785
26841
26860
26868
26899
26920
26975
26998
27009
27031
27052
27054
27084
27088
27092
27116
27165
27196
27199
27204
27271
27305
27309
27312
27349
27352
27359
27371
27377
27430
27451
27508
27517
27613
27634
27639
27645
27711
27757
27759
27769
27791
27806
27807
27850
27884
27899
27903
27916
27954
27975
27990
27992
27997
28031
28042
28067
28142
28171
28182
28196
28200
28203
28267
28273
28302
28401
28412
28427
28435
28441
28449
28466
28498
28559
28569
28586
28605
28637
28652
28665
28674
28686
28705
28711
28714
28739
28767
28791
28803
28817
28829
28902
29025
29038
29056
29068
29070
29076
29080
29114
29202
29246
29272
29288
29298
29315
29346
29359
29379
29404
29470
29476
29555
29567
29584
29586
29595
29604
29630
29725
29729
29791
29812
29826
29856
29862
29892
29896
29908
29931
29940
29947
30033
30040
30063
30091
30095
30124
30140
30147
30198
30207
30211
30220
30238
30246
30269
30279
30321
30337
30348
30413
30446
30508
30526
30569
30570
30609
30625
30658
30698
30758
30768
30778
30818
30848
30891
30948
30970
30975
30999
31006
31024
31042
31062
31064
31081
31115
31122
31195
31230
31239
31243
31269
31302
31360
31450
31480
31540
31556
31562
31586
31587
31602
31627
31647
31674
31701
31732
31764
31815
31864
31926
31942
31980
32006
32020
32047
32070
32106
32110
32139
32203
32235
32284
32308
32330
32355
32360
32372
32373
32377
32386
32413
32431
32490
32526
32529
32536
32542
32557
32558
32576
32602
32608
32633
32654
32697
32757
32769
32770
32780
32784
32795
32839
32842
32843
32898
32961
32969
32972
32973
33009
33036
33054
33066
33090
33099
33127
33163
33190
33207
33282
33286
33339
33357
33377
33387
33439
33464
33489
33491
33506
33542
33562
33588
33612
33621
33650
33670
33683
33686
33748
33754
33759
33772
33787
33796
33807
33813
33875
33885
33909
33930
33939
33960
33961
34029
34042
34094
34129
34138
34168
34188
34196
34232
34316
34355
34397
34415
34457
34486
34509
34553
34556
34562
34594
34599
34623
34676
34680
34734
34739
34752
34795
34811
34853
34854
34863
34895
35066
35122
35133
35144
35146
35148
35150
35162
35164
35192
35203
35241
35299
35307
35335
35359
35370
35414
35415
35419
35424
35445
35448
35464
35476
35478
35479
35513
35576
35658
35669
35700
35717
35721
35752
35759
35779
35786
35805
35806
35833
35865
35871
35915
35938
35991
35995
36000
36084
36089
36145
36172
36191
36198
36268
36271
36293
36308
36319
36323
36338
36339
36353
36383
36401
36422
36485
36487
36596
36605
36610
36655
36672
36673
36697
36808
36845
36858
36884
36890
36942
36968
37017
37077
37090
37139
37173
37188
37190
37219
37242
37338
37341
37359
37371
37376
37389
37395
37542
37560
37586
37617
37639
37643
37644
37652
37669
37670
37700
37764
37806
37879
37885
37942
37945
37947
37952
38042
38104
38129
38134
38179
38181
38193
38207
38209
38214
38237
38245
38254
38282
38286
38299
38308
38314
38323
38329
38335
38347
38363
38386
38389
38488
38509
38513
38559
38570
38571
38573
38578
38605
38614
38651
38743
38755
38834
38863
38880
38896
38903
38951
38984
39005
39012
39071
39104
39134
39141
39194
39196
39203
39236
39242
39243
39272
39278
39298
39315
39333
39378
39455
39460
39482
39585
39595
39604
39628
39639
39657
39683
39721
39727
39740
39753
39765
39771
39821
39877
39937
39951
39966
39994
40030
40052
40113
40184
40233
40328
40329
40336
40347
40367
40375
40400
40404
40441
40453
40465
40513
40516
40523
40558
40572
40574
40596
40689
40780
40781
40783
40801
40818
40824
40853
40869
40940
40998
41001
41008
41025
41036
41060
41077
41088
41166
41171
41278
41286
41306
41309
41332
41372
41420
41451
41455
41459
41497
41508
41511
41539
41562
41608
41618
41629
41649
41673
41681
41685
41708
41785
41788
41874
41894
41913
41927
41928
41930
41943
41965
42055
42089
42164
42261
42264
42287
42384
42396
42462
42521
42524
42528
42571
42589
42618
42626
42683
42685
42753
42760
42763
42768
42770
42782
42799
42831
42887
42912
42917
42968
42983
42990
43053
43057
43071
43096
43118
43156
43161
43168
43206
43303
43313
43347
43357
43365
43391
43454
43494
43503
43533
43553
43625
43632
43647
43649
43697
43730
43743
43761
43772
43775
43814
43825
43828
43836
43839
43852
43857
43873
43885
43891
43908
43911
43912
43921
43944
43968
43973
43976
43995
43998
44012
44041
44065
44078
44142
44164
44188
44208
44211
44244
44291
44294
44299
44320
44334
44408
44443
44457
44459
44478
44489
44519
44529
44538
44544
44580
44586
44602
44607
44617
44620
44633
44727
44765
44771
44780
44799
44801
44830
44855
44868
44874
44969
44970
44976
45001
45007
45027
45029
45082
45137
45196
45262
45267
45341
45379
45404
45492
45550
45564
45568
45620
45625
45652
45677
45687
45693
45720
45728
45733
45739
45755
45783
45818
45831
45850
45864
45914
45926
45946
45959
46002
46003
46021
46035
46138
46156
46161
46163
46181
46190
46217
46246
46290
46306
46309
46374
46377
46401
46439
46440
46450
46478
46568
46575
46586
46623
46633
46642
46663
46805
46822
46847
46869
46878
46915
46918
46920
46931
46932
46935
47010
47013
47056
47064
47072
47114
47148
47160
47172
47183
47210
47229
47234
47248
47263
47360
47361
47403
47549
47558
47563
47596
47600
47602
47607
47624
47654
47721
47760
47778
47805
47822
47843
47860
47870
47873
47886
47893
47922
47928
47941
47967
47968
48000
48021
48028
48070
48094
48100
48162
48164
48176
48209
48217
48228
48262
48270
48277
48304
48337
48348
48394
48483
48490
48522
48565
48571
48572
48574
48597
48600
48636
48641
48698
48701
48715
48735
48745
48766
48780
48804
48809
48810
48933
48949
48960
49041
49058
49072
49086
49097
49133
49154
49173
49199
49211
49266
49274
49282
49351
49358
49401
49433
49443
49573
49577
49626
49650
49657
49691
49726
49731
49733
49738
49747
49808
49833
49836
49838
49843
49908
49913
49927
49932
49936
49939
49944
49974
