54
63
97
98
111
157
167
179
217
223
262
269
271
277
328
331
339
346
365
414
448
491
506
510
518
531
542
560
575
579
614
629
671
689
699
721
727
731
800
820
834
868
877
880
885
909
914
959
994
1018
1042
1068
1071
1084
1116
1134
1150
1174
1193
1217
1219
1237
1249
1300
1320
1326
1459
1508
1535
1545
1559
1590
1604
1611
1677
1684
1686
1704
1736
1755
1770
1793
1830
1922
1938
2039
2069
2090
2131
2154
2186
2207
2275
2296
2308
2324
2396
2399
2421
2461
2488
2529
2570
2605
2746
2783
2804
2805
2812
2827
2828
2858
2877
2892
2915
2985
3005
3017
3044
3084
3120
3128
3232
3250
3258
3293
3311
3314
3320
3377
3382
3383
3423
3440
3588
3592
3626
3629
3662
3768
3781
3826
3845
3853
3859
3906
3936
3961
4044
4089
4103
4129
4160
4166
4188
4196
4253
4340
4349
4353
4478
4534
4540
4566
4604
4650
4679
4750
4754
4865
4887
4889
5013
5041
5044
5080
5110
5134
5136
5145
5151
5183
5239
5254
5269
5289
5292
5297
5312
5340
5346
5381
5408
5427
5462
5473
5523
5525
5529
5541
5552
5570
5587
5633
5646
5654
5668
5707
5717
5724
5765
5803
5806
5816
5835
5914
5921
5974
5983
6006
6088
6100
6129
6134
6142
6144
6170
6177
6184
6185
6198
6235
6255
6260
6276
6281
6285
6320
6333
6395
6402
6449
6467
6548
6550
6582
6621
6645
6709
6731
6742
6781
6795
6804
6849
6874
6939
7000
7007
7009
7010
7012
7033
7050
7072
7077
7081
7159
7194
7232
7249
7280
7309
7466
7482
7572
7589
7594
7600
7638
7669
7699
7710
7724
7749
7755
7795
7796
7818
7821
7847
7874
7892
7900
7978
7990
8108
8157
8191
8215
8227
8228
8278
8294
8300
8319
8430
8431
8494
8509
8510
8516
8544
8550
8571
8607
8647
8695
8702
8738
8757
8825
8827
8924
8941
8965
8976
8997
9058
9110
9125
9195
9199
9222
9252
9266
9284
9286
9297
9322
9351
9354
9360
9377
9397
9456
9484
9489
9498
9585
9633
9651
9665
9685
9702
9731
9753
9796
9806
9811
9831
9844
9857
9866
9876
9888
9918
9962
9964
9992
9999
10008
10010
10025
10070
10085
10148
10161
10171
10184
10228
10234
10250
10276
10294
10308
10371
10400
10456
10538
10555
10556
10670
10686
10694
10773
10779
10807
10815
10848
10864
10871
10882
10883
10888
10894
10895
10955
10971
11004
11021
11031
11039
11051
11060
11086
11089
11090
11127
11165
11173
11213
11214
11242
11245
11259
11260
11272
11291
11304
11363
11407
11412
11413
11424
11458
11499
11500
11506
11542
11621
11632
11660
11710
11712
11727
11751
11756
11763
11771
11774
11845
11862
11915
11944
11954
11961
12091
12132
12141
12143
12151
12154
12162
12180
12206
12226
12275
12289
12307
12335
12350
12423
12455
12485
12494
12499
12625
12629
12640
12653
12663
12703
12735
12738
12740
12782
12798
12802
12809
12842
12865
12876
12887
12893
12904
12934
12942
12952
12958
12970
12992
13038
13060
13065
13085
13094
13153
13195
13204
13219
13221
13227
13238
13243
13245
13316
13393
13491
13517
13576
13577
13586
13606
13615
13621
13622
13628
13634
13645
13658
13663
13667
13696
13725
13785
13796
13809
13877
13886
13893
13903
13906
13917
13955
13962
13963
13983
13994
14009
14014
14026
14081
14102
14130
14142
14236
14397
14399
14411
14413
14433
14475
14481
14486
14510
14526
14542
14581
14624
14664
14731
14800
14818
14864
14879
14932
14956
14961
14979
14986
15020
15050
15087
15109
15123
15142
15160
15174
15185
15195
15207
15215
15221
15254
15257
15282
15333
15351
15377
15428
15434
15466
15469
15474
15485
15517
15528
15599
15608
15610
15676
15724
15799
15813
15840
15857
15917
15937
16011
16012
16024
16085
16094
16103
16112
16120
16136
16159
16194
16199
16247
16270
16311
16339
16371
16403
16417
16419
16451
16467
16484
16544
16595
16633
16644
16663
16686
16687
16700
16704
16785
16794
16831
16859
16896
16932
16947
16996
17002
17007
17019
17075
17097
17100
17110
17117
17137
17171
17174
17200
17204
17239
17243
17244
17245
17253
17294
17337
17348
17355
17361
17368
17376
17393
17405
17411
17444
17452
17494
17509
17587
17604
17610
17617
17643
17660
17734
17791
17797
17813
17814
17829
17855
17923
17924
17925
17957
17958
18012
18024
18033
18055
18072
18110
18157
18177
18194
18220
18223
18254
18385
18386
18398
18426
18491
18501
18502
18521
18522
18526
18569
18586
18598
18627
18631
18641
18682
18732
18805
18809
18817
18847
18858
18878
18891
18926
18953
18959
18976
19031
19077
19096
19129
19155
19159
19161
19168
19177
19194
19204
19253
19266
19276
19278
19327
19330
19333
19346
19358
19385
19420
19423
19426
19447
19454
19459
19478
19482
19521
19526
19554
19600
19659
19662
19732
19749
19760
19775
19873
19903
19948
19973
20010
20018
20068
20085
20110
20152
20169
20200
20205
20266
20295
20341
20363
20391
20450
20497
20518
20525
20555
20566
20606
20612
20648
20687
20694
20707
20712
20722
20725
20747
20766
20795
20815
20824
20838
20858
20900
20906
20943
20957
20960
20962
20970
20987
21045
21054
21057
21059
21063
21116
21128
21131
21147
21206
21214
21218
21230
21241
21273
21319
21324
21328
21364
21371
21378
21379
21386
21425
21443
21464
21473
21483
21502
21506
21541
21558
21566
21581
21603
21651
21674
21700
21761
21764
21806
21809
21826
21851
21874
21880
21892
21894
21910
21935
21973
22000
22019
22029
22051
22059
22080
22085
22087
22089
22093
22104
22139
22150
22157
22167
22172
22216
22231
22259
22300
22310
22342
22364
22392
22394
22407
22428
22434
22494
22505
22627
22776
22786
22787
22794
22808
22891
22924
22933
22990
22998
23063
23087
23111
23146
23175
23189
23210
23241
23246
23258
23268
23285
23304
23347
23348
23365
23379
23385
23423
23426
23502
23503
23517
23552
23581
23611
23619
23641
23700
23728
23783
23793
23794
23798
23815
23839
23932
23941
23961
24005
24009
24042
24043
24045
24067
24128
24179
24227
24246
24280
24305
24320
24357
24362
24364
24401
24503
24524
24535
24537
24632
24635
24707
24720
24754
24794
24870
24888
24891
24913
24952
24981
24988
25044
25054
25098
25109
25127
25154
25199
25257
25259
25269
25334
25350
25368
25375
25453
25458
25460
25481
25494
25522
25524
25564
25576
25599
25615
25636
25638
25650
25699
25704
25712
25716
25736
25821
25822
25855
25863
25878
25885
25887
25902
25915
25971
26026
26060
26073
26074
26088
26093
26098
26103
26148
26182
26186
26225
26294
26374
26375
26432
26470
26520
26521
26542
26588
26605
26613
26632
26649
26755
26791
26808
26824
26834
26853
26872
26902
26926
26947
26982
26984
26985
26992
27000
27003
27009
27039
27042
27089
27104
27117
27159
27186
27209
27294
27319
27326
27349
27389
27427
27464
27494
27508
27512
27518
27522
27526
27536
27537
27539
27540
27574
27612
27632
27636
27653
27693
27700
27719
27724
27740
27820
27871
27922
27930
27932
27936
28029
28030
28040
28048
28069
28089
28106
28111
28151
28154
28156
28171
28175
28196
28250
28262
28271
28324
28341
28347
28404
28408
28462
28471
28477
28495
28511
28532
28557
28572
28583
28603
28607
28611
28664
28683
28690
28694
28703
28735
28765
28776
28820
28937
28985
29006
29039
29055
29150
29195
29224
29230
29243
29254
29292
29301
29307
29338
29349
29378
29401
29406
29466
29505
29514
29530
29638
29695
29700
29706
29724
29726
29735
29794
29803
29805
29846
29855
29880
29975
30001
30024
30028
30029
30032
30034
30042
30057
30084
30109
30116
30148
30150
30154
30181
30191
30194
30197
30225
30244
30324
30330
30336
30387
30428
30444
30512
30513
30514
30527
30530
30556
30564
30582
30628
30669
30691
30698
30712
30719
30725
30740
30819
30824
30827
30830
30871
30876
30912
30930
30948
30989
31022
31084
31087
31116
31159
31280
31285
31288
31298
31304
31315
31344
31363
31374
31379
31441
31453
31463
31481
31506
31559
31570
31585
31608
31617
31641
31653
31673
31685
31688
31697
31711
31740
31765
31770
31774
31790
31798
31817
31846
31848
31875
31949
31955
32018
32023
32076
32127
32200
32211
32245
32256
32259
32293
32310
32311
32317
32388
32405
32418
32458
32492
32505
32538
32546
32625
32645
32672
32675
32695
32726
32755
32784
32799
32845
32921
32965
32967
32995
33000
33003
33016
33023
33024
33025
33080
33139
33154
33164
33199
33201
33227
33268
33298
33357
33391
33424
33460
33478
33524
33538
33542
33550
33552
33569
33577
33627
33630
33672
33689
33702
33716
33867
34006
34033
34044
34073
34210
34243
34247
34251
34295
34303
34331
34335
34406
34459
34476
34491
34546
34554
34573
34615
34698
34723
34744
34758
34776
34786
34794
34796
34809
34816
34822
34857
34881
34912
35009
35027
35037
35070
35074
35165
35190
35216
35242
35272
35284
35313
35316
35339
35428
35447
35454
35469
35472
35475
35484
35594
35607
35625
35633
35639
35644
35682
35683
35745
35772
35778
35792
35803
35833
35838
35844
35861
35882
35891
35936
35969
35984
36018
36058
36074
36122
36124
36148
36162
36203
36226
36275
36303
36306
36309
36310
36317
36322
36336
36361
36404
36412
36417
36443
36458
36499
36510
36530
36550
36556
36559
36569
36656
36664
36675
36680
36716
36724
36748
36867
37002
37027
37053
37092
37115
37120
37183
37258
37261
37354
37355
37362
37418
37422
37497
37498
37500
37523
37526
37547
37558
37565
37570
37585
37590
37647
37651
37744
37756
37764
37786
37809
37811
37825
37842
37880
37914
37921
37925
37967
37973
37990
38031
38036
38063
38083
38090
38109
38169
38215
38386
38418
38421
38464
38506
38509
38552
38578
38608
38614
38621
38630
38728
38738
38761
38788
38795
38806
38809
38816
38854
38875
38887
38893
38916
38930
38938
39027
39040
39042
39081
39112
39128
39135
39167
39181
39203
39219
39231
39268
39293
39318
39379
39394
39402
39409
39450
39488
39512
39542
39559
39607
39628
39712
39717
39754
39756
39781
39815
39826
39845
39869
39873
39895
39906
39907
39964
39984
40001
40024
40068
40086
40105
40128
40135
40255
40307
40342
40362
40379
40381
40385
40406
40428
40538
40579
40608
40618
40620
40630
40658
40688
40705
40752
40778
40789
40798
40814
40817
40834
40854
40861
40872
40876
40941
40943
40944
40953
40981
40987
41003
41030
41071
41101
41199
41201
41221
41238
41269
41283
41326
41327
41341
41370
41397
41414
41439
41446
41467
41473
41477
41487
41498
41522
41527
41533
41543
41605
41625
41680
41685
41704
41711
41726
41773
41792
41815
41845
41897
41926
41939
41960
41984
42000
42022
42049
42054
42055
42074
42098
42120
42136
42144
42165
42202
42240
42252
42260
42297
42340
42351
42381
42467
42538
42564
42587
42612
42631
42656
42664
42683
42685
42708
42720
42722
42757
42768
42780
42824
42833
42862
42887
42956
42999
43037
43040
43050
43056
43065
43072
43087
43100
43104
43122
43131
43137
43145
43158
43194
43223
43237
43274
43324
43349
43361
43373
43427
43438
43450
43469
43498
43512
43532
43586
43596
43603
43609
43684
43694
43730
43755
43767
43783
43795
43807
43889
43922
43992
43995
43996
44015
44017
44041
44053
44055
44099
44136
44138
44143
44148
44170
44171
44195
44198
44208
44219
44246
44251
44263
44274
44311
44328
44330
44346
44363
44381
44414
44453
44461
44559
44566
44625
44660
44708
44713
44717
44735
44766
44809
44818
44831
44834
44838
44849
44901
44933
44936
44942
44951
45049
45101
45107
45127
45195
45276
45301
45309
45347
45358
45401
45454
45478
45506
45527
45543
45569
45696
45724
45737
45748
45846
45884
45901
45909
45922
45944
45947
45984
46039
46047
46070
46096
46100
46115
46285
46294
46327
46416
46420
46437
46485
46506
46508
46517
46521
46625
46636
46714
46737
46775
46864
47033
47088
47091
47133
47140
47180
47182
47310
47314
47366
47418
47445
47576
47597
47600
47628
47635
47644
47732
47741
47761
47786
47793
47896
47917
47931
47940
47989
48052
48064
48065
48099
48153
48163
48185
48186
48198
48207
48234
48261
48300
48308
48319
48367
48383
48395
48397
48423
48428
48459
48492
48493
48507
48508
48557
48575
48586
48605
48627
48678
48708
48741
48748
48781
48812
48816
48825
48845
48846
48903
48935
48947
48954
48964
49020
49059
49096
49120
49136
49139
49166
49169
49191
49194
49255
49266
49298
49312
49313
49358
49366
49412
49470
49472
49473
49493
49494
49506
49509
49541
49542
49553
49570
49588
49630
49644
49667
49706
49717
49758
49766
49779
49842
49872
49893
49895
49910
49914
49917
49920
49945
