29
31
53
88
96
166
176
184
229
243
263
267
274
276
280
327
342
343
350
437
465
471
481
540
569
607
666
673
676
695
700
708
755
770
773
804
811
833
869
921
954
976
979
1054
1072
1084
1101
1158
1202
1219
1225
1232
1250
1291
1336
1360
1374
1385
1400
1406
1417
1419
1421
1464
1487
1492
1511
1534
1546
1566
1581
1587
1594
1619
1634
1635
1656
1682
1685
1737
1750
1751
1782
1803
1891
1947
1963
1980
1991
2032
2090
2092
2103
2108
2203
2209
2215
2239
2253
2257
2278
2280
2295
2317
2383
2439
2465
2467
2470
2491
2500
2518
2621
2632
2634
2656
2679
2693
2704
2746
2796
2797
2819
2825
2868
2893
2906
2923
2965
2974
2982
3013
3020
3061
3104
3110
3112
3224
3251
3295
3324
3343
3390
3397
3438
3451
3559
3573
3622
3668
3694
3700
3702
3721
3792
3831
3840
3851
3858
3861
3864
3883
3906
3912
3919
3941
3943
3954
4000
4009
4047
4053
4090
4110
4200
4215
4254
4309
4408
4501
4514
4526
4538
4568
4571
4652
4662
4694
4696
4710
4712
4716
4731
4753
4763
4813
4846
4875
4957
4979
4998
5075
5109
5136
5205
5209
5243
5287
5302
5307
5315
5321
5328
5336
5388
5397
5458
5494
5508
5531
5544
5570
5605
5613
5665
5670
5714
5730
5770
5800
5825
5831
5867
5871
5938
5951
5979
5984
5985
5988
6005
6022
6025
6040
6053
6066
6101
6153
6190
6197
6259
6276
6287
6324
6402
6424
6432
6487
6545
6563
6592
6606
6609
6622
6634
6648
6649
6653
6669
6686
6714
6757
6767
6785
6820
6828
6912
6929
6939
6954
6956
6972
6977
7019
7029
7086
7124
7132
7138
7169
7178
7208
7225
7239
7292
7302
7318
7341
7345
7363
7397
7408
7425
7428
7431
7457
7483
7500
7597
7609
7659
7667
7698
7757
7772
7775
7781
7799
7817
7818
7833
7874
7875
7915
7958
7971
8000
8021
8070
8106
8111
8112
8136
8155
8169
8187
8200
8255
8257
8266
8279
8298
8322
8369
8394
8407
8436
8460
8484
8512
8546
8560
8588
8614
8645
8649
8655
8663
8695
8708
8713
8734
8800
8832
8864
8908
8928
8932
8937
8971
8990
9047
9076
9099
9119
9158
9261
9331
9381
9383
9456
9478
9499
9510
9543
9567
9606
9611
9622
9623
9628
9637
9721
9764
9786
9817
9825
9845
9846
9875
9885
9949
9980
10105
10174
10183
10185
10190
10208
10244
10279
10282
10287
10301
10387
10407
10431
10433
10470
10486
10544
10580
10621
10696
10719
10787
10828
10860
10877
10892
10948
10957
10976
10979
10983
11021
11033
11042
11051
11057
11124
11140
11153
11166
11184
11198
11240
11306
11308
11346
11370
11418
11419
11461
11534
11563
11578
11624
11632
11662
11670
11720
11755
11768
11812
11818
11834
11844
11868
11902
12032
12039
12065
12083
12115
12149
12153
12159
12208
12219
12250
12271
12283
12290
12295
12303
12305
12334
12385
12398
12416
12446
12453
12468
12501
12535
12551
12568
12572
12581
12610
12652
12655
12678
12697
12705
12795
12834
12896
12907
12940
12994
13000
13017
13022
13027
13072
13097
13116
13127
13198
13200
13207
13233
13284
13348
13361
13363
13391
13395
13450
13453
13542
13551
13624
13639
13651
13666
13673
13675
13681
13697
13728
13733
13755
13788
13806
13825
13831
13866
13872
13882
13884
13889
13894
13900
13906
13923
13924
13952
13968
13997
14059
14067
14107
14164
14177
14186
14201
14217
14235
14239
14251
14256
14293
14299
14302
14349
14389
14402
14424
14465
14527
14543
14549
14579
14663
14752
14754
14760
14784
14790
14811
14884
14894
14910
14927
14964
14987
14991
14992
14996
15015
15019
15028
15053
15109
15116
15139
15180
15182
15189
15199
15205
15209
15212
15243
15268
15309
15321
15335
15337
15368
15390
15476
15480
15482
15535
15557
15560
15568
15577
15593
15604
15643
15653
15680
15696
15764
15792
15795
15819
15868
15870
15877
15892
15935
15940
15946
16016
16043
16077
16101
16103
16163
16192
16249
16250
16258
16270
16296
16334
16406
16413
16440
16457
16468
16474
16481
16576
16591
16635
16637
16638
16676
16677
16691
16703
16709
16736
16762
16770
16795
16821
16839
16851
16885
16889
16895
16941
17006
17021
17030
17048
17085
17106
17112
17131
17214
17245
17254
17259
17286
17287
17333
17358
17359
17402
17409
17417
17419
17422
17427
17428
17464
17483
17522
17563
17654
17655
17658
17677
17696
17720
17726
17754
17772
17797
17803
17828
17833
17836
17901
17913
17915
17924
17926
17935
17981
17999
18058
18114
18117
18142
18176
18206
18215
18268
18289
18291
18342
18373
18397
18415
18429
18481
18490
18501
18542
18548
18585
18608
18616
18651
18681
18706
18740
18763
18765
18825
18851
18856
18881
18888
18912
18940
18958
18967
18970
18992
18997
19006
19043
19099
19100
19114
19124
19128
19137
19151
19178
19192
19227
19235
19265
19268
19313
19315
19332
19354
19383
19385
19391
19412
19512
19527
19552
19598
19622
19645
19699
19706
19720
19787
19823
19872
19903
19935
19940
19961
19973
19987
20020
20021
20049
20076
20101
20122
20143
20202
20225
20236
20237
20260
20262
20267
20306
20319
20372
20412
20419
20457
20463
20469
20490
20517
20550
20554
20580
20673
20695
20749
20811
20855
20868
20879
20908
20929
20932
20998
21004
21025
21053
21087
21097
21120
21138
21153
21157
21191
21197
21209
21255
21317
21327
21346
21352
21370
21378
21390
21430
21438
21526
21548
21582
21614
21646
21658
21737
21804
21814
21823
21828
21844
21861
21862
21879
21900
21911
21946
21969
21981
22037
22039
22108
22175
22210
22249
22252
22276
22280
22304
22305
22329
22332
22351
22364
22392
22397
22413
22416
22451
22486
22491
22531
22570
22585
22593
22627
22631
22650
22682
22691
22774
22814
22843
22988
23042
23048
23085
23118
23230
23247
23256
23277
23308
23333
23344
23366
23382
23384
23511
23524
23526
23530
23552
23568
23570
23606
23678
23684
23686
23732
23760
23784
23814
23874
23905
23913
23924
23946
23948
23976
23983
23992
23997
24013
24016
24043
24047
24054
24118
24125
24173
24203
24213
24229
24270
24321
24341
24363
24413
24425
24443
24446
24455
24492
24579
24634
24650
24661
24695
24736
24756
24769
24770
24820
24835
24853
24875
24981
25011
25016
25021
25026
25038
25049
25074
25122
25130
25150
25174
25192
25205
25304
25352
25384
25400
25477
25493
25500
25514
25524
25543
25549
25598
25609
25616
25722
25754
25796
25797
25818
25845
25857
25860
25861
25949
25981
26014
26063
26179
26221
26239
26246
26247
26280
26336
26340
26342
26356
26366
26384
26388
26390
26391
26504
26511
26533
26546
26550
26576
26607
26623
26664
26665
26672
26719
26768
26772
26787
26796
26804
26915
26920
26925
26965
26978
27031
27054
27056
27062
27079
27087
27093
27125
27138
27155
27176
27202
27221
27252
27299
27303
27311
27321
27362
27471
27504
27507
27552
27555
27568
27573
27582
27605
27607
27614
27621
27625
27644
27658
27678
27688
27692
27773
27796
27839
27858
27864
27958
28121
28128
28132
28142
28149
28163
28198
28200
28216
28239
28300
28302
28308
28319
28333
28353
28375
28388
28445
28448
28449
28468
28489
28490
28506
28529
28549
28567
28568
28577
28579
28590
28593
28614
28618
28662
28694
28699
28713
28717
28758
28872
28890
28913
28917
28935
28974
29021
29096
29109
29119
29161
29176
29217
29287
29295
29365
29377
29399
29419
29453
29468
29473
29494
29497
29578
29587
29646
29664
29665
29671
29696
29707
29710
29741
29812
29814
29834
29835
29844
29864
29865
29869
29870
29880
29908
29930
29937
29945
29958
29976
29980
30002
30015
30052
30053
30057
30110
30132
30156
30211
30257
30273
30343
30352
30433
30436
30537
30543
30547
30556
30654
30687
30708
30747
30772
30773
30833
30879
30910
30922
31001
31020
31038
31045
31065
31146
31159
31163
31175
31187
31194
31304
31308
31357
31372
31421
31459
31460
31464
31475
31509
31562
31577
31578
31700
31733
31766
31781
31788
31804
31818
31832
31872
31897
31900
31908
31912
31935
31948
31970
31982
32063
32093
32122
32141
32156
32196
32199
32213
32233
32254
32323
32372
32382
32385
32398
32431
32440
32473
32484
32518
32522
32556
32557
32574
32580
32609
32619
32632
32635
32639
32696
32702
32746
32748
32779
32781
32797
32860
32935
32936
32945
32972
33100
33103
33194
33218
33241
33265
33283
33286
33289
33316
33329
33334
33399
33447
33457
33471
33487
33518
33521
33525
33540
33586
33601
33609
33610
33663
33687
33715
33716
33763
33765
33769
33784
33814
33826
33917
33936
33990
33996
34002
34006
34041
34082
34123
34234
34250
34296
34314
34336
34429
34430
34432
34440
34496
34511
34550
34593
34616
34652
34661
34699
34827
34898
34922
34925
35010
35053
35094
35100
35142
35146
35160
35220
35257
35278
35328
35352
35365
35379
35403
35463
35475
35488
35498
35507
35530
35561
35571
35597
35622
35624
35625
35638
35708
35709
35733
35756
35774
35783
35785
35792
35794
35813
35822
35841
35859
35869
35877
35884
35894
35909
35921
35939
35972
35981
36070
36089
36103
36136
36144
36161
36224
36225
36309
36326
36368
36396
36404
36450
36459
36523
36539
36559
36561
36576
36656
36665
36683
36700
36733
36734
36782
36822
36856
36873
36888
36932
36991
37048
37056
37083
37088
37091
37100
37144
37152
37162
37163
37167
37184
37186
37204
37244
37278
37293
37307
37404
37433
37466
37492
37561
37576
37602
37603
37624
37638
37640
37641
37687
37765
37784
37787
37790
37797
37808
37869
37871
37887
37893
37913
38084
38110
38123
38140
38179
38189
38204
38257
38292
38333
38348
38379
38400
38418
38422
38425
38429
38504
38515
38524
38535
38555
38567
38590
38688
38749
38821
38825
38827
38833
38900
38934
38947
39040
39081
39150
39161
39237
39265
39269
39314
39356
39364
39375
39382
39430
39502
39506
39534
39541
39560
39645
39647
39671
39683
39696
39715
39732
39752
39802
39822
39827
39840
39852
39887
39929
39940
39951
39954
39982
39991
39993
40034
40087
40138
40184
40200
40253
40270
40275
40315
40361
40375
40381
40471
40472
40494
40521
40536
40564
40588
40603
40643
40665
40700
40737
40746
40781
40851
40898
40905
40920
40922
40943
40948
40997
41019
41020
41024
41065
41093
41105
41166
41224
41244
41257
41293
41300
41317
41321
41344
41359
41422
41464
41466
41470
41499
41516
41581
41589
41590
41619
41622
41674
41726
41733
41750
41769
41791
41796
41835
41850
41878
41884
41894
41915
41952
41954
41965
42002
42015
42033
42067
42080
42083
42090
42098
42119
42128
42178
42202
42238
42314
42331
42357
42384
42427
42499
42531
42536
42546
42550
42557
42569
42599
42693
42760
42830
42848
42903
42936
42937
42962
42965
42973
43081
43091
43111
43125
43133
43165
43168
43169
43174
43188
43220
43235
43239
43271
43378
43389
43472
43484
43548
43647
43669
43697
43719
43771
43805
43832
43873
43887
43907
43942
43997
44001
44004
44035
44063
44066
44069
44081
44149
44193
44230
44282
44287
44298
44302
44307
44337
44343
44392
44397
44429
44433
44449
44542
44576
44577
44583
44584
44658
44668
44786
44787
44796
44814
44841
44843
44846
44909
44916
44918
44949
44958
44966
44985
45010
45013
45016
45025
45046
45066
45071
45073
45079
45094
45132
45147
45195
45210
45212
45221
45291
45306
45331
45354
45446
45460
45527
45556
45564
45565
45597
45616
45639
45651
45661
45662
45683
45731
45733
45736
45805
45808
45812
45815
45850
45857
45867
45869
45890
45925
45935
45947
45977
45992
46043
46070
46079
46091
46097
46103
46104
46141
46155
46189
46216
46218
46251
46278
46293
46298
46399
46405
46407
46421
46490
46517
46543
46579
46598
46599
46606
46618
46629
46631
46632
46636
46663
46671
46673
46737
46741
46752
46779
46800
46832
46868
46881
46887
46953
46964
46969
47029
47033
47038
47061
47077
47093
47107
47141
47165
47169
47170
47191
47244
47263
47279
47289
47320
47407
47479
47519
47578
47633
47715
47792
47803
47820
47834
47839
47908
47981
47982
47984
48018
48030
48037
48065
48093
48097
48114
48123
48137
48157
48167
48183
48208
48218
48232
48256
48313
48320
48322
48349
48402
48415
48438
48454
48467
48483
48497
48526
48585
48606
48628
48651
48653
48700
48716
48723
48773
48774
48789
48820
48852
48861
48905
48915
48944
48954
48960
48980
49040
49048
49085
49101
49173
49176
49205
49208
49260
49265
49277
49369
49402
49407
49411
49422
49450
49471
49490
49502
49506
49524
49580
49604
49637
49669
49714
49757
49780
49783
49801
49823
49835
49890
49911
49944
49979
49981
49990
