2
5
26
34
39
50
72
92
212
244
247
255
293
302
303
366
399
400
415
457
476
505
516
531
555
556
599
606
635
671
672
687
689
709
724
735
817
874
888
924
950
1010
1068
1069
1075
1091
1100
1128
1189
1191
1198
1211
1223
1255
1306
1342
1381
1397
1404
1409
1440
1467
1476
1482
1509
1511
1581
1583
1596
1600
1604
1633
1634
1652
1692
1710
1718
1739
1761
1775
1787
1814
1823
1852
1874
1878
1887
1890
1925
1927
1934
1944
2019
2040
2043
2069
2091
2093
2117
2134
2136
2137
2158
2176
2206
2208
2226
2233
2236
2250
2269
2284
2321
2334
2350
2356
2397
2423
2453
2488
2533
2619
2621
2633
2680
2688
2689
2695
2699
2707
2734
2751
2758
2789
2852
2857
2935
2942
2948
2958
2984
3029
3038
3115
3120
3143
3162
3204
3224
3242
3258
3346
3364
3414
3419
3438
3490
3543
3574
3587
3603
3638
3640
3644
3717
3733
3734
3735
3821
3849
3921
3934
3940
3951
3953
3971
3990
4043
4048
4070
4093
4108
4165
4192
4195
4205
4240
4266
4311
4341
4361
4403
4431
4436
4458
4471
4478
4551
4576
4577
4585
4605
4615
4634
4679
4683
4723
4766
4855
4931
4956
5016
5038
5045
5058
5066
5137
5179
5210
5258
5284
5285
5321
5345
5387
5398
5406
5439
5461
5472
5478
5481
5498
5543
5597
5605
5607
5621
5701
5717
5864
5877
5921
5941
6008
6011
6087
6157
6177
6230
6237
6243
6269
6298
6313
6314
6323
6340
6396
6445
6483
6486
6531
6539
6582
6588
6598
6642
6658
6669
6711
6728
6733
6743
6800
6832
6833
6850
6857
6881
6922
6973
6980
6994
7000
7012
7014
7043
7075
7158
7161
7169
7170
7183
7220
7260
7264
7274
7358
7361
7382
7405
7425
7471
7503
7525
7556
7584
7613
7635
7676
7704
7705
7795
7892
7895
7932
7946
7970
7986
7992
8026
8168
8174
8203
8212
8223
8229
8232
8244
8254
8261
8294
8313
8333
8346
8381
8390
8438
8473
8513
8541
8546
8579
8590
8609
8626
8653
8665
8679
8684
8688
8695
8699
8730
8733
8773
8818
8839
8853
8867
8869
8874
8913
8998
8999
9024
9042
9047
9073
9119
9120
9163
9195
9196
9250
9252
9261
9285
9301
9328
9358
9365
9431
9450
9456
9462
9466
9575
9578
9628
9656
9678
9691
9706
9718
9734
9765
9823
9839
9844
9847
9857
9881
9914
9921
9933
9952
10037
10040
10053
10091
10110
10115
10129
10131
10132
10143
10158
10172
10192
10209
10215
10264
10267
10287
10292
10342
10363
10365
10400
10425
10443
10450
10495
10497
10502
10507
10566
10586
10620
10663
10668
10737
10833
10844
10863
10936
10937
10964
10990
11007
11035
11093
11118
11120
11140
11200
11252
11261
11367
11373
11396
11397
11403
11409
11446
11463
11468
11476
11480
11506
11553
11570
11627
11642
11646
11680
11751
11794
11819
11824
11961
11964
11972
11978
11994
12030
12062
12078
12084
12113
12128
12149
12172
12175
12210
12237
12280
12345
12346
12367
12372
12402
12412
12413
12424
12448
12468
12477
12520
12542
12545
12580
12595
12628
12639
12663
12671
12686
12689
12736
12757
12809
12862
12907
12908
12945
13019
13031
13036
13043
13069
13183
13246
13291
13308
13316
13323
13346
13371
13373
13454
13464
13479
13487
13497
13510
13584
13594
13607
13621
13633
13655
13680
13723
13727
13744
13746
13777
13815
13892
13931
13944
13952
13953
13960
14067
14170
14240
14259
14270
14290
14310
14328
14342
14377
14384
14387
14394
14412
14427
14527
14613
14626
14634
14664
14685
14715
14723
14775
14859
14873
14897
14920
14930
14973
14975
14978
14988
14994
15027
15034
15105
15127
15133
15141
15182
15202
15209
15213
15222
15248
15268
15328
15333
15357
15366
15406
15430
15480
15498
15534
15684
15705
15712
15732
15735
15750
15799
15813
15863
15867
15885
15899
15902
15934
15935
15936
15948
16013
16085
16093
16107
16120
16143
16160
16172
16209
16257
16389
16442
16456
16459
16499
16521
16534
16541
16559
16593
16614
16622
16632
16651
16679
16683
16808
16835
16836
16838
16863
16882
16893
16953
16971
16989
17011
17069
17103
17114
17136
17210
17214
17262
17279
17280
17289
17303
17332
17337
17357
17398
17403
17410
17415
17438
17442
17449
17459
17524
17533
17576
17642
17685
17700
17702
17704
17724
17734
17751
17759
17782
17816
17840
17899
17915
17977
18019
18066
18085
18089
18126
18164
18174
18194
18246
18302
18303
18311
18315
18320
18322
18335
18391
18413
18442
18521
18531
18545
18549
18554
18566
18571
18581
18613
18627
18664
18686
18690
18707
18760
18761
18770
18793
18812
18906
18923
18932
18933
18964
18986
19005
19013
19062
19069
19093
19098
19135
19232
19260
19262
19293
19312
19327
19369
19371
19377
19385
19390
19400
19401
19407
19423
19443
19464
19472
19505
19534
19540
19577
19590
19606
19620
19628
19638
19654
19659
19664
19703
19743
19823
19856
19861
19904
19932
19964
19986
20012
20049
20113
20145
20163
20210
20213
20253
20322
20330
20374
20407
20415
20443
20460
20509
20520
20575
20578
20651
20654
20683
20685
20695
20726
20744
20785
20797
20811
20815
20872
20873
20920
20925
20969
21003
21006
21019
21028
21032
21046
21058
21105
21130
21147
21160
21174
21189
21240
21257
21303
21337
21390
21449
21451
21457
21483
21542
21562
21619
21643
21680
21686
21724
21766
21770
21784
21791
21818
21824
21871
21876
21953
21975
22003
22098
22101
22138
22161
22169
22180
22188
22249
22270
22305
22330
22338
22374
22392
22410
22468
22470
22503
22513
22524
22525
22528
22534
22554
22565
22572
22592
22649
22662
22675
22769
22793
22799
22824
22840
22844
22862
22873
22910
22945
22965
23031
23033
23067
23107
23118
23144
23149
23162
23178
23208
23221
23284
23346
23350
23362
23381
23405
23417
23426
23439
23472
23483
23485
23569
23574
23597
23621
23634
23649
23665
23683
23697
23709
23724
23728
23736
23782
23857
23891
23911
23928
23952
23958
24022
24050
24062
24148
24157
24160
24193
24222
24236
24239
24241
24247
24250
24260
24276
24293
24300
24359
24370
24424
24442
24494
24535
24576
24703
24722
24755
24773
24790
24814
24830
24879
24912
24914
24937
24942
24943
24985
24996
25001
25004
25040
25068
25153
25191
25249
25339
25367
25378
25399
25405
25427
25445
25448
25508
25544
25602
25627
25630
25640
25688
25701
25726
25739
25765
25803
25813
25814
25831
25924
25932
25962
25986
26030
26096
26225
26228
26232
26274
26275
26277
26283
26287
26289
26347
26389
26404
26405
26410
26458
26460
26489
26501
26559
26626
26651
26664
26719
26736
26765
26812
26817
26864
26880
26881
26915
26918
26956
26964
26986
27014
27038
27122
27153
27168
27200
27207
27334
27342
27355
27433
27462
27500
27578
27619
27644
27646
27668
27691
27797
27801
27803
27824
27864
27867
27897
27898
27952
27983
27990
27998
28013
28043
28076
28084
28089
28110
28139
28179
28208
28248
28260
28270
28283
28286
28292
28306
28326
28347
28376
28378
28436
28484
28506
28539
28593
28608
28620
28622
28676
28683
28693
28713
28775
28784
28872
28879
28883
28889
28912
28947
28952
28963
28989
29032
29053
29097
29114
29124
29146
29149
29194
29241
29256
29257
29273
29294
29314
29382
29401
29447
29461
29482
29509
29530
29545
29609
29622
29632
29654
29711
29724
29725
29731
29733
29775
29792
29821
29910
29914
29942
29976
30001
30006
30027
30045
30128
30138
30241
30250
30313
30430
30521
30530
30546
30559
30572
30578
30596
30640
30701
30732
30750
30767
30774
30776
30777
30821
30848
30854
30904
30934
30935
30941
30969
30982
30998
31008
31085
31096
31128
31140
31169
31194
31196
31202
31278
31285
31290
31316
31346
31356
31360
31413
31417
31446
31447
31453
31465
31468
31475
31514
31530
31555
31568
31570
31597
31598
31611
31619
31626
31660
31682
31701
31704
31708
31709
31737
31738
31744
31854
31859
31890
31922
31971
31978
32001
32146
32173
32183
32202
32205
32208
32214
32217
32266
32292
32303
32307
32338
32344
32362
32415
32420
32471
32500
32514
32533
32595
32601
32623
32626
32678
32700
32710
32715
32725
32740
32768
32769
32792
32803
32806
32812
32835
32843
32914
32926
32949
32954
33066
33086
33118
33129
33159
33169
33195
33307
33310
33318
33331
33332
33345
33366
33398
33449
33468
33487
33569
33570
33635
33688
33700
33723
33742
33744
33778
33785
33829
33917
33922
33930
33934
33946
33961
33971
33992
34017
34061
34078
34112
34136
34158
34163
34213
34219
34258
34276
34331
34407
34437
34462
34464
34505
34534
34572
34573
34620
34629
34647
34680
34709
34722
34728
34738
34767
34802
34803
34806
34836
34849
34885
34923
34943
34965
34992
35003
35012
35020
35057
35093
35129
35140
35171
35198
35202
35211
35225
35226
35230
35256
35271
35298
35308
35345
35416
35434
35445
35510
35514
35533
35534
35567
35577
35651
35670
35698
35703
35749
35768
35785
35824
35829
35842
35857
35868
35907
35937
35944
35950
35971
35986
36016
36020
36025
36034
36069
36100
36120
36131
36267
36355
36370
36403
36464
36531
36533
36538
36576
36603
36620
36672
36705
36729
36747
36751
36791
36866
36886
36917
36989
37031
37046
37058
37064
37082
37119
37128
37132
37133
37164
37182
37211
37240
37271
37295
37308
37346
37383
37408
37413
37421
37499
37513
37515
37551
37568
37589
37592
37600
37608
37621
37638
37690
37697
37734
37753
37762
37773
37774
37833
37902
37933
38007
38027
38035
38142
38162
38198
38203
38205
38209
38214
38216
38247
38253
38259
38276
38352
38371
38377
38419
38425
38445
38458
38503
38512
38537
38593
38690
38704
38706
38747
38759
38766
38777
38791
38805
38836
38841
38852
38856
38867
38870
38943
38965
38975
38984
38994
39052
39075
39077
39086
39130
39176
39187
39190
39199
39204
39230
39275
39279
39354
39370
39380
39432
39441
39447
39448
39475
39509
39542
39558
39610
39639
39648
39673
39719
39789
39793
39816
39829
39875
39880
39883
39903
39926
39935
39968
39985
40011
40040
40061
40066
40085
40162
40165
40201
40215
40231
40239
40251
40272
40336
40387
40395
40415
40497
40508
40511
40516
40518
40544
40551
40587
40592
40675
40722
40735
40796
40831
40834
40876
40901
40905
40922
40949
40976
40991
41005
41077
41135
41140
41141
41162
41172
41193
41204
41237
41247
41265
41290
41299
41316
41375
41380
41467
41468
41470
41508
41540
41554
41584
41586
41615
41658
41668
41739
41767
41797
41809
41825
41827
41922
41928
41993
42015
42017
42019
42029
42044
42087
42108
42143
42160
42178
42203
42204
42226
42235
42281
42296
42298
42321
42339
42368
42429
42432
42444
42460
42489
42491
42497
42510
42515
42536
42554
42555
42568
42583
42593
42662
42687
42689
42765
42792
42823
42833
42863
42883
42906
42914
42954
42956
42982
43031
43058
43071
43098
43148
43183
43198
43230
43234
43251
43270
43291
43299
43328
43335
43341
43363
43426
43429
43441
43475
43503
43507
43510
43553
43566
43570
43587
43591
43604
43769
43842
43853
43869
43892
43904
43912
43918
43962
44018
44046
44061
44119
44208
44255
44315
44356
44364
44384
44442
44474
44491
44583
44592
44602
44636
44688
44699
44721
44725
44733
44736
44753
44786
44836
44865
44871
44884
44888
44907
44917
44954
45020
45080
45090
45101
45118
45126
45128
45161
45206
45309
45321
45325
45393
45394
45423
45424
45481
45512
45519
45528
45552
45590
45592
45613
45626
45634
45657
45671
45692
45706
45719
45723
45741
45749
45768
45773
45774
45793
45794
45804
45816
45861
45862
45953
45954
45966
45999
46002
46006
46118
46133
46145
46210
46250
46298
46375
46400
46401
46414
46451
46464
46490
46496
46549
46552
46559
46630
46631
46637
46680
46691
46695
46756
46762
46772
46779
46781
46800
46831
46854
46917
46971
46988
47010
47012
47122
47125
47129
47243
47260
47270
47293
47305
47314
47380
47407
47426
47429
47444
47454
47467
47501
47582
47583
47588
47602
47624
47625
47638
47665
47685
47698
47741
47810
47811
47854
47893
47904
47919
47936
47942
47944
47959
47962
47968
47984
48014
48021
48053
48094
48105
48108
48128
48130
48154
48175
48218
48257
48292
48298
48321
48330
48332
48362
48417
48420
48461
48479
48490
48554
48585
48587
48602
48659
48666
48692
48715
48728
48760
48782
48824
48863
48882
48894
48908
48924
48931
48960
48998
49026
49060
49107
49109
49122
49127
49137
49204
49268
49274
49383
49387
49401
49411
49438
49450
49480
49505
49509
49523
49526
49624
49628
49660
49664
49710
49715
49721
49736
49740
49827
49862
49899
49902
49908
49923
49945
49983
