4
32
37
43
57
104
131
148
191
199
204
285
300
316
341
351
352
388
394
414
435
449
471
483
507
560
597
653
667
680
709
725
744
745
751
808
894
898
901
981
1010
1056
1057
1058
1085
1087
1089
1131
1163
1200
1217
1234
1269
1278
1305
1360
1363
1418
1435
1466
1523
1548
1658
1666
1695
1697
1707
1748
1758
1760
1766
1823
1842
1879
1902
1909
1949
2007
2035
2037
2055
2090
2101
2112
2129
2196
2205
2232
2278
2297
2310
2348
2371
2376
2384
2390
2442
2491
2497
2510
2528
2608
2624
2675
2707
2805
2808
2822
2843
2847
2898
2971
2989
3027
3029
3074
3138
3151
3172
3207
3228
3253
3258
3270
3288
3308
3309
3311
3408
3411
3421
3478
3490
3492
3574
3578
3651
3672
3674
3751
3764
3766
3810
3818
3821
3822
3832
3881
3889
3910
3920
3929
3967
3987
4006
4015
4028
4029
4050
4085
4096
4116
4128
4172
4206
4218
4231
4270
4308
4355
4366
4371
4373
4429
4487
4502
4503
4522
4548
4557
4559
4579
4597
4618
4682
4734
4747
4766
4802
4844
4858
4908
4966
4979
4982
5002
5050
5055
5057
5060
5101
5102
5104
5121
5124
5133
5146
5165
5186
5210
5223
5226
5238
5248
5294
5305
5317
5323
5370
5374
5406
5452
5474
5477
5531
5620
5623
5642
5648
5651
5667
5668
5684
5687
5709
5717
5723
5733
5743
5806
5823
5837
5865
5904
5982
6023
6070
6129
6204
6223
6230
6239
6248
6304
6317
6379
6394
6404
6438
6456
6477
6514
6581
6591
6631
6666
6682
6723
6772
6788
6863
6864
6878
6899
6900
6917
6929
6986
7007
7051
7092
7185
7196
7203
7225
7239
7257
7357
7382
7429
7441
7467
7531
7571
7580
7608
7609
7619
7626
7648
7653
7654
7658
7682
7687
7688
7710
7717
7762
7804
7818
7823
7839
7845
7887
7912
7952
7967
7971
7991
8019
8141
8147
8164
8166
8299
8313
8348
8365
8383
8411
8456
8474
8503
8566
8572
8605
8676
8683
8692
8730
8772
8775
8798
8831
8887
8927
8998
9001
9018
9032
9147
9153
9172
9198
9285
9288
9324
9367
9381
9407
9422
9427
9461
9508
9522
9557
9578
9605
9611
9613
9675
9770
9775
9781
9786
9814
9816
9839
9886
9893
9910
9914
9915
9957
9984
10001
10009
10027
10038
10083
10123
10136
10147
10182
10200
10222
10230
10242
10270
10282
10305
10328
10357
10417
10429
10436
10463
10522
10578
10634
10690
10735
10738
10740
10752
10758
10769
10833
10845
10886
10923
10933
11018
11027
11033
11038
11079
11090
11093
11117
11131
11133
11146
11195
11206
11209
11220
11238
11241
11294
11339
11403
11422
11437
11449
11450
11469
11486
11529
11537
11581
11590
11653
11704
11706
11760
11765
11768
11769
11786
11831
11873
11883
11890
11891
11912
11952
11990
11995
12005
12014
12028
12030
12075
12150
12154
12166
12168
12183
12227
12230
12237
12244
12288
12317
12322
12368
12382
12404
12418
12432
12433
12512
12519
12526
12576
12582
12585
12637
12648
12654
12691
12715
12735
12796
12802
12877
12906
12911
12960
13078
13091
13131
13161
13170
13179
13182
13214
13259
13261
13310
13332
13367
13454
13461
13483
13518
13541
13726
13732
13863
13910
13916
13922
13926
13988
14023
14064
14079
14113
14121
14129
14163
14269
14281
14292
14300
14310
14356
14372
14400
14503
14504
14530
14531
14544
14555
14576
14586
14656
14710
14721
14744
14755
14786
14813
14871
14878
14902
14918
14961
14966
14992
15005
15027
15041
15078
15110
15192
15197
15206
15262
15334
15353
15356
15368
15379
15393
15397
15446
15451
15452
15474
15484
15492
15510
15516
15558
15566
15619
15668
15756
15764
15781
15791
15805
15807
15839
15871
15914
15947
15956
15977
16038
16065
16078
16095
16098
16109
16110
16112
16160
16197
16203
16204
16205
16208
16225
16228
16253
16285
16317
16357
16369
16395
16440
16449
16538
16612
16627
16634
16642
16643
16665
16667
16690
16734
16752
16762
16763
16771
16774
16789
16807
16823
16832
16881
16894
16910
16922
16949
16983
16991
17015
17036
17170
17171
17179
17210
17293
17312
17356
17375
17386
17479
17486
17489
17490
17495
17521
17580
17582
17583
17585
17594
17602
17608
17619
17633
17653
17656
17659
17680
17727
17741
17790
17818
17821
17827
17846
17889
17898
17901
17906
17912
17916
17926
17974
17975
17977
17989
17995
17998
18043
18073
18104
18211
18213
18218
18219
18232
18275
18279
18317
18355
18365
18368
18424
18443
18504
18518
18587
18605
18607
18631
18658
18713
18741
18743
18768
18811
18835
18843
18864
18881
18889
18937
18948
18954
18989
18991
19010
19018
19033
19063
19072
19146
19164
19169
19187
19216
19247
19261
19268
19272
19284
19311
19326
19333
19383
19388
19403
19483
19486
19530
19541
19551
19558
19571
19639
19649
19654
19663
19676
19681
19718
19719
19755
19761
19768
19770
19848
19861
19862
19876
19945
20029
20053
20084
20228
20381
20416
20466
20479
20515
20528
20531
20543
20547
20606
20608
20616
20647
20698
20702
20764
20794
20831
20842
20869
20890
20905
20914
20943
20946
20947
20966
20976
20993
21033
21039
21059
21064
21092
21093
21129
21148
21193
21197
21198
21221
21254
21278
21296
21329
21369
21383
21433
21446
21455
21473
21482
21502
21513
21522
21528
21546
21555
21611
21626
21668
21695
21711
21723
21724
21733
21736
21746
21764
21780
21846
21853
21883
21911
21912
21935
21943
21969
21973
22073
22088
22106
22148
22159
22183
22232
22253
22257
22286
22287
22296
22324
22342
22356
22398
22411
22417
22451
22460
22510
22546
22554
22571
22577
22658
22662
22725
22729
22733
22804
22843
22850
22871
22875
22944
22961
22995
22998
23023
23034
23061
23063
23145
23152
23180
23186
23251
23262
23274
23300
23334
23361
23362
23365
23371
23386
23390
23397
23421
23431
23528
23553
23564
23580
23598
23604
23648
23701
23709
23762
23767
23769
23818
23841
23884
23892
23933
23979
24048
24061
24062
24117
24137
24151
24170
24198
24199
24223
24226
24241
24244
24280
24285
24289
24308
24353
24372
24380
24398
24418
24476
24486
24510
24545
24557
24564
24594
24725
24757
24791
24802
24813
24849
24908
24915
24955
24981
25001
25010
25065
25081
25217
25224
25244
25257
25268
25304
25307
25346
25395
25396
25400
25425
25440
25507
25522
25528
25543
25577
25643
25705
25708
25709
25780
25804
25806
25822
25831
25884
25909
25929
25938
25958
25985
25998
26050
26072
26092
26101
26111
26143
26175
26182
26199
26203
26276
26321
26407
26450
26480
26553
26555
26586
26591
26600
26670
26757
26788
26805
26828
26829
26833
26834
26835
26849
26867
26876
26908
26923
26967
26982
27054
27064
27079
27088
27089
27093
27094
27118
27128
27143
27152
27204
27218
27233
27263
27265
27270
27281
27308
27400
27410
27439
27455
27457
27474
27500
27521
27539
27568
27617
27619
27625
27626
27654
27660
27689
27711
27719
27723
27743
27748
27766
27848
27915
27940
27991
28020
28052
28103
28115
28186
28204
28219
28269
28276
28325
28350
28361
28363
28367
28380
28444
28447
28466
28471
28476
28483
28487
28489
28491
28508
28539
28543
28557
28566
28567
28599
28613
28646
28686
28688
28713
28717
28778
28785
28820
28865
28898
28938
28965
28989
28990
29024
29044
29072
29115
29153
29199
29208
29258
29260
29370
29377
29394
29395
29397
29461
29474
29483
29513
29544
29546
29558
29621
29663
29708
29718
29719
29742
29756
29814
29871
29878
29897
30022
30064
30114
30123
30173
30178
30188
30238
30251
30253
30269
30281
30295
30330
30363
30388
30450
30480
30498
30526
30545
30559
30574
30670
30672
30680
30717
30743
30773
30775
30779
30843
30877
30885
30906
30953
31007
31018
31026
31042
31094
31110
31134
31144
31155
31167
31194
31212
31233
31311
31369
31385
31389
31408
31418
31437
31455
31463
31479
31482
31488
31494
31503
31504
31535
31558
31617
31679
31750
31811
31835
31845
31858
31875
31950
31951
31965
32032
32110
32116
32185
32246
32254
32274
32339
32341
32365
32381
32483
32494
32521
32559
32561
32604
32652
32698
32724
32768
32806
32814
32821
32836
32851
32856
32857
32869
32872
32881
32886
32891
32923
32947
32960
32982
32983
32994
33029
33035
33055
33069
33087
33122
33123
33201
33204
33212
33255
33261
33265
33320
33327
33419
33420
33421
33445
33475
33510
33524
33525
33543
33591
33607
33612
33650
33661
33666
33670
33683
33699
33777
33786
33795
33825
33843
33851
33883
33904
33912
33919
33929
33962
33992
34014
34025
34056
34061
34161
34198
34240
34262
34325
34345
34351
34353
34427
34514
34524
34532
34557
34578
34606
34645
34651
34662
34681
34718
34721
34723
34729
34738
34788
34791
34933
34953
35009
35020
35028
35052
35053
35066
35093
35249
35265
35269
35270
35284
35287
35294
35332
35351
35353
35356
35368
35369
35404
35409
35456
35460
35476
35500
35579
35604
35605
35621
35655
35673
35699
35719
35749
35788
35807
35811
35821
35864
35907
35913
35983
35996
35998
36011
36027
36096
36127
36149
36167
36194
36243
36288
36296
36330
36340
36372
36406
36409
36411
36414
36447
36450
36468
36481
36515
36535
36546
36548
36578
36584
36641
36646
36680
36704
36736
36769
36816
36822
36835
36863
36876
36936
36948
36965
37057
37162
37166
37177
37200
37263
37282
37303
37305
37325
37329
37428
37448
37461
37463
37483
37504
37537
37555
37589
37599
37638
37643
37682
37691
37716
37718
37726
37740
37770
37779
37808
37816
37837
37894
37927
37973
37985
38020
38037
38045
38099
38120
38128
38146
38160
38171
38191
38201
38204
38210
38216
38247
38292
38295
38314
38354
38367
38370
38375
38429
38431
38453
38454
38467
38489
38507
38537
38546
38547
38566
38578
38589
38598
38655
38667
38674
38675
38690
38694
38729
38738
38757
38808
38815
38816
38842
38850
38857
38864
38881
38916
38942
38951
38963
39125
39141
39155
39186
39188
39210
39215
39242
39288
39309
39425
39426
39465
39512
39519
39621
39623
39636
39644
39671
39680
39689
39708
39778
39841
39872
39927
39942
39950
39971
40105
40118
40128
40146
40158
40164
40170
40197
40214
40244
40272
40287
40298
40334
40378
40412
40420
40427
40442
40445
40454
40459
40461
40474
40518
40520
40523
40551
40559
40570
40610
40624
40631
40685
40742
40753
40763
40772
40788
40847
40943
40959
40968
41021
41033
41052
41067
41116
41125
41141
41148
41159
41172
41207
41211
41216
41246
41248
41272
41288
41318
41354
41355
41399
41401
41404
41406
41450
41472
41476
41548
41589
41696
41709
41723
41733
41737
41741
41756
41777
41804
41859
41860
41874
41920
41998
42021
42039
42049
42069
42094
42116
42162
42163
42175
42193
42195
42199
42200
42243
42271
42278
42291
42390
42451
42455
42487
42496
42621
42647
42656
42695
42698
42723
42742
42784
42789
42812
42862
42876
42895
42943
42953
42958
43005
43007
43012
43017
43018
43117
43148
43175
43192
43196
43201
43230
43231
43294
43298
43308
43397
43413
43437
43453
43485
43497
43505
43567
43586
43594
43619
43712
43732
43743
43761
43806
43821
43887
43897
43920
43955
44027
44048
44050
44102
44136
44159
44187
44196
44197
44202
44207
44351
44393
44430
44447
44454
44459
44464
44465
44515
44517
44556
44574
44594
44601
44615
44622
44656
44674
44701
44711
44769
44869
44891
44897
44898
44931
44943
44972
45044
45073
45122
45181
45184
45203
45225
45239
45244
45278
45287
45292
45307
45316
45340
45365
45368
45372
45404
45419
45425
45447
45458
45486
45637
45738
45755
45759
45789
45804
45826
45879
45915
45917
45930
45943
45949
45952
46034
46052
46079
46088
46133
46149
46203
46207
46233
46275
46300
46314
46330
46332
46349
46386
46416
46488
46523
46699
46792
46820
46900
46901
46925
46932
46976
46981
47043
47064
47099
47106
47129
47166
47170
47182
47202
47249
47264
47323
47342
47349
47361
47386
47392
47406
47418
47441
47442
47443
47473
47486
47510
47551
47604
47614
47619
47666
47668
47696
47697
47719
47742
47778
47787
47809
47821
47831
47841
47847
47862
47904
47923
47933
47938
47939
47949
47952
47963
47981
47982
48010
48021
48066
48142
48163
48189
48218
48242
48265
48273
48308
48312
48354
48372
48389
48392
48426
48442
48446
48450
48476
48505
48538
48540
48550
48584
48588
48653
48727
48806
48814
48880
48903
48940
48983
49045
49087
49181
49195
49215
49216
49220
49221
49250
49289
49317
49318
49340
49374
49426
49438
49454
49455
49473
49485
49499
49502
49510
49547
49582
49587
49595
49596
49604
49607
49614
49628
49653
49748
49782
49788
49879
49929
49931
49935
49960
49967
49974
49977
49987
