41
45
118
125
145
183
221
253
273
316
336
365
377
378
399
415
420
446
460
552
639
672
676
686
725
750
772
776
804
805
817
828
839
867
907
911
1026
1062
1071
1094
1098
1121
1135
1151
1167
1189
1228
1257
1272
1279
1314
1324
1386
1405
1413
1457
1494
1511
1512
1526
1535
1558
1564
1566
1576
1621
1628
1728
1802
1805
1811
1838
1851
2006
2093
2110
2112
2166
2173
2179
2234
2258
2262
2266
2268
2288
2299
2313
2379
2434
2438
2444
2454
2455
2469
2470
2482
2541
2546
2550
2561
2596
2598
2602
2635
2642
2697
2749
2759
2761
2764
2767
2781
2824
2888
2900
2933
2951
2975
2979
3004
3016
3022
3129
3133
3134
3157
3180
3186
3190
3218
3259
3264
3276
3309
3326
3350
3387
3398
3415
3441
3459
3483
3495
3512
3544
3573
3576
3626
3636
3649
3683
3774
3809
3821
3827
3873
3888
3926
3932
3947
3968
3982
3985
4115
4128
4168
4187
4189
4264
4302
4343
4374
4405
4414
4418
4454
4574
4585
4596
4624
4634
4645
4659
4674
4678
4709
4745
4751
4767
4785
4800
4815
4819
4836
4882
4897
4902
4903
4944
4947
4948
4963
4968
5006
5016
5017
5037
5066
5082
5190
5195
5198
5228
5231
5238
5318
5350
5384
5397
5425
5461
5467
5471
5488
5522
5531
5569
5579
5580
5596
5643
5645
5676
5680
5683
5789
5848
5914
5929
5936
5955
5958
5965
6010
6029
6038
6048
6057
6068
6069
6148
6213
6231
6238
6242
6262
6327
6375
6389
6423
6424
6460
6483
6516
6542
6555
6559
6575
6577
6635
6642
6656
6723
6724
6747
6749
6756
6761
6809
6838
6845
6846
6911
6958
6967
7049
7066
7112
7187
7207
7211
7237
7248
7251
7258
7272
7284
7335
7346
7354
7386
7479
7484
7496
7530
7586
7626
7664
7680
7691
7692
7780
7781
7852
7865
7884
7907
8022
8035
8044
8084
8100
8108
8110
8173
8208
8238
8286
8290
8313
8371
8378
8401
8416
8436
8471
8488
8525
8534
8535
8575
8584
8620
8633
8664
8700
8748
8750
8756
8780
8813
8851
8922
8951
8960
8983
8994
9015
9026
9041
9046
9070
9105
9169
9171
9187
9243
9308
9355
9365
9400
9442
9476
9481
9483
9527
9566
9610
9690
9778
9799
9809
9826
9827
9876
9918
9921
9924
9962
9993
9996
9998
10041
10060
10141
10180
10185
10195
10212
10246
10264
10314
10348
10394
10439
10445
10452
10464
10479
10490
10588
10599
10626
10660
10669
10674
10744
10754
10803
10826
10914
10927
10945
10946
10951
11051
11056
11058
11093
11104
11126
11136
11182
11206
11242
11269
11296
11332
11349
11366
11375
11400
11406
11408
11435
11477
11521
11543
11603
11618
11630
11743
11748
11749
11808
11811
11867
11889
11906
11907
11938
11950
12000
12028
12040
12043
12059
12078
12102
12122
12131
12133
12214
12285
12295
12339
12364
12368
12404
12446
12452
12515
12589
12595
12608
12613
12630
12648
12650
12664
12711
12712
12716
12764
12780
12864
12866
12924
12927
12955
12965
12989
12993
13074
13087
13088
13123
13126
13195
13202
13209
13218
13234
13271
13316
13333
13335
13336
13354
13356
13364
13379
13397
13439
13471
13528
13537
13681
13697
13708
13774
13838
13850
13883
13891
13983
13990
14020
14026
14039
14062
14071
14075
14087
14101
14111
14134
14135
14152
14166
14171
14249
14293
14302
14338
14348
14366
14369
14389
14390
14440
14457
14486
14493
14497
14542
14603
14629
14633
14667
14680
14813
14871
14890
14943
15012
15037
15053
15087
15118
15121
15134
15158
15183
15184
15225
15242
15259
15308
15338
15347
15367
15386
15413
15420
15435
15454
15478
15487
15580
15591
15609
15633
15661
15663
15665
15685
15746
15775
15778
15804
15813
15821
15822
15877
15878
15892
15893
15944
15986
15987
16005
16011
16019
16044
16063
16082
16104
16115
16133
16192
16291
16309
16343
16359
16369
16374
16409
16533
16572
16577
16587
16609
16613
16643
16651
16653
16682
16683
16691
16694
16696
16698
16721
16724
16748
16756
16765
16771
16782
16824
16826
16839
16891
16896
16905
16998
17010
17017
17023
17024
17033
17067
17150
17154
17192
17229
17231
17279
17282
17335
17351
17357
17410
17483
17539
17569
17573
17583
17593
17604
17645
17670
17688
17778
17793
17815
17816
17818
17867
17906
17937
17939
18009
18118
18126
18178
18198
18202
18205
18209
18212
18266
18272
18279
18336
18362
18458
18463
18471
18482
18498
18514
18564
18581
18595
18661
18686
18717
18741
18776
18778
18788
18793
18820
18849
18852
18869
18927
19047
19059
19084
19106
19122
19199
19224
19317
19319
19330
19335
19362
19383
19413
19416
19484
19486
19490
19551
19585
19606
19684
19702
19703
19720
19735
19799
19801
19884
19909
19931
19973
19984
20003
20020
20033
20049
20057
20075
20088
20113
20126
20138
20174
20189
20213
20232
20256
20267
20333
20345
20357
20360
20361
20371
20427
20435
20462
20471
20475
20493
20520
20531
20572
20580
20582
20597
20620
20652
20658
20670
20721
20728
20731
20746
20756
20782
20790
20793
20848
20896
20901
20913
20920
20998
20999
21011
21036
21109
21112
21115
21131
21156
21187
21205
21233
21251
21254
21259
21308
21313
21322
21373
21381
21386
21388
21453
21456
21460
21481
21517
21531
21555
21567
21596
21629
21633
21691
21695
21710
21759
21806
21836
21854
21866
21921
21941
21942
21972
21983
21996
21999
22019
22038
22052
22073
22074
22076
22141
22155
22163
22164
22197
22204
22222
22249
22250
22260
22273
22276
22284
22304
22324
22325
22340
22375
22380
22405
22406
22459
22515
22548
22550
22617
22646
22695
22706
22707
22775
22807
22850
22858
22880
22886
22908
22915
22976
22984
22987
23013
23111
23136
23180
23199
23231
23233
23242
23259
23288
23289
23295
23330
23333
23345
23371
23377
23390
23449
23482
23488
23503
23574
23582
23592
23619
23638
23640
23647
23654
23664
23666
23685
23706
23707
23712
23723
23736
23745
23750
23780
23854
23867
23927
24151
24163
24171
24187
24215
24218
24294
24372
24378
24385
24431
24440
24442
24461
24518
24538
24542
24544
24545
24572
24599
24659
24665
24666
24679
24785
24803
24824
24832
24848
24849
24856
24886
24898
24960
25042
25046
25081
25099
25155
25169
25250
25293
25372
25373
25382
25397
25414
25418
25461
25503
25511
25573
25574
25599
25625
25666
25676
25701
25711
25722
25725
25732
25826
25852
25857
25863
25865
25871
25916
25939
25940
25963
25978
25986
26075
26095
26129
26131
26149
26177
26186
26208
26234
26259
26281
26295
26354
26370
26424
26449
26505
26546
26556
26576
26586
26593
26628
26667
26711
26734
26738
26764
26801
26863
26865
26926
26936
26951
26987
27048
27086
27093
27100
27113
27126
27140
27141
27148
27150
27199
27244
27259
27270
27271
27278
27293
27303
27304
27365
27397
27403
27422
27432
27442
27467
27478
27479
27504
27528
27562
27673
27684
27696
27744
27752
27820
27844
27871
27901
27922
27947
27951
27952
27973
28028
28070
28074
28079
28095
28121
28122
28212
28256
28275
28277
28305
28319
28326
28330
28344
28351
28368
28385
28434
28459
28468
28616
28668
28674
28712
28744
28825
29001
29009
29017
29078
29083
29101
29158
29166
29197
29226
29233
29275
29277
29307
29325
29329
29334
29364
29366
29451
29485
29493
29499
29546
29561
29586
29600
29678
29689
29700
29730
29761
29794
29814
29863
29922
29926
29952
29973
30098
30121
30183
30263
30267
30270
30335
30337
30347
30369
30419
30439
30451
30457
30498
30503
30509
30548
30592
30641
30652
30676
30682
30707
30717
30727
30731
30773
30870
30894
30905
30908
30918
30923
30958
31024
31026
31035
31048
31053
31059
31091
31124
31175
31196
31215
31286
31316
31350
31414
31425
31442
31451
31479
31516
31546
31558
31622
31679
31730
31761
31769
31782
31797
31804
31806
31832
31845
31847
31904
31914
31955
32068
32093
32130
32166
32170
32198
32199
32224
32233
32286
32317
32344
32356
32368
32390
32417
32422
32425
32454
32466
32494
32498
32503
32542
32565
32574
32575
32679
32696
32704
32730
32772
32790
32834
32838
32875
32939
32945
33011
33037
33087
33117
33132
33144
33145
33153
33195
33208
33218
33268
33416
33417
33466
33553
33580
33593
33595
33603
33638
33640
33644
33654
33719
33742
33752
33760
33797
33800
33825
33844
33860
33868
33887
33899
33911
33924
33933
33977
34111
34154
34164
34187
34204
34262
34266
34281
34291
34303
34317
34332
34340
34353
34365
34393
34405
34413
34424
34447
34482
34501
34519
34524
34542
34553
34622
34699
34762
34766
34784
34807
34843
34851
34878
34881
34928
34942
34952
34955
34973
34987
35023
35070
35081
35092
35093
35103
35111
35129
35152
35162
35167
35176
35210
35240
35246
35247
35255
35358
35361
35369
35371
35375
35442
35460
35488
35492
35508
35547
35558
35578
35600
35612
35625
35630
35661
35679
35732
35739
35754
35860
35882
35904
35933
35935
35992
36050
36069
36086
36112
36121
36142
36151
36155
36188
36218
36283
36308
36317
36361
36380
36394
36424
36477
36514
36554
36561
36594
36607
36620
36690
36691
36700
36757
36867
36917
36948
36987
37001
37012
37022
37048
37056
37069
37070
37071
37082
37095
37165
37211
37230
37246
37275
37283
37324
37357
37386
37404
37422
37447
37453
37469
37493
37503
37516
37530
37543
37550
37598
37604
37612
37627
37630
37648
37691
37700
37714
37749
37780
37786
37806
37815
37820
37859
37870
37885
37888
37891
37928
38022
38028
38030
38051
38052
38056
38074
38126
38129
38215
38227
38265
38288
38299
38306
38352
38353
38355
38387
38396
38436
38440
38441
38473
38499
38521
38543
38562
38596
38617
38623
38638
38648
38655
38729
38763
38775
38785
38810
38838
38889
38906
39019
39039
39048
39057
39062
39125
39136
39144
39220
39235
39247
39284
39347
39379
39391
39393
39432
39436
39485
39519
39535
39549
39578
39594
39636
39711
39716
39769
39812
39835
39847
39859
39871
39920
39931
39933
40117
40127
40177
40199
40213
40215
40237
40253
40258
40269
40277
40281
40355
40389
40435
40440
40442
40468
40484
40512
40577
40582
40597
40614
40625
40636
40691
40716
40736
40805
40918
40943
40944
40953
40965
40976
40993
41021
41045
41052
41065
41068
41070
41076
41123
41124
41142
41205
41209
41234
41243
41256
41287
41314
41316
41366
41377
41382
41390
41399
41414
41420
41429
41438
41445
41454
41475
41544
41623
41624
41667
41758
41766
41767
41789
41850
41854
41860
41861
41866
41883
41904
41923
41924
41946
41986
42081
42121
42129
42164
42182
42197
42202
42205
42224
42246
42254
42324
42327
42328
42365
42421
42430
42480
42487
42500
42520
42534
42539
42560
42585
42590
42643
42652
42657
42663
42672
42676
42687
42697
42708
42721
42752
42791
42804
42822
42828
42835
42867
42914
42929
42937
42938
42939
42945
42948
42960
42972
42991
43046
43055
43064
43077
43083
43099
43108
43113
43133
43153
43155
43163
43221
43280
43309
43376
43388
43399
43495
43505
43533
43539
43545
43550
43600
43606
43752
43759
43784
43791
43797
43804
43806
43808
43814
43836
43843
43853
43948
43957
44018
44031
44036
44074
44103
44128
44137
44151
44176
44254
44281
44308
44348
44365
44414
44449
44567
44585
44611
44625
44633
44641
44645
44649
44679
44735
44820
44845
44867
44874
44922
44939
44953
44957
44963
44965
44977
45017
45020
45030
45073
45085
45097
45100
45178
45183
45275
45280
45283
45329
45350
45426
45437
45464
45517
45526
45527
45562
45603
45681
45688
45749
45776
45788
45846
45851
45859
45884
45888
45902
45921
45931
45966
45999
46048
46110
46112
46154
46175
46212
46279
46280
46290
46314
46319
46327
46343
46381
46386
46395
46444
46461
46514
46592
46601
46608
46651
46697
46730
46762
46777
46778
46807
46823
46828
46829
46890
46896
47026
47084
47085
47090
47097
47115
47118
47137
47145
47169
47233
47249
47275
47287
47305
47328
47329
47351
47354
47392
47417
47423
47433
47468
47471
47480
47484
47487
47496
47508
47549
47586
47626
47637
47645
47669
47678
47709
47752
47808
47824
47851
47868
47872
47884
47966
47968
47972
47985
48120
48127
48154
48166
48170
48219
48263
48294
48318
48324
48338
48339
48375
48431
48448
48531
48547
48592
48614
48621
48630
48636
48656
48670
48695
48734
48775
48777
48810
48840
48841
48909
48925
48934
48947
48955
48961
48967
48991
49004
49032
49051
49056
49074
49083
49133
49150
49180
49185
49243
49319
49389
49397
49404
49420
49448
49451
49477
49497
49506
49522
49533
49537
49544
49548
49554
49563
49569
49570
49584
49601
49619
49634
49650
49802
49862
49884
49914
49942
49945
49953
