34
49
54
101
124
125
135
171
222
225
237
278
284
291
335
395
436
525
526
527
531
550
629
630
668
706
722
764
777
791
792
797
839
885
893
912
994
1015
1044
1112
1123
1137
1146
1158
1203
1217
1224
1268
1298
1302
1315
1408
1442
1447
1452
1505
1513
1525
1539
1551
1587
1590
1607
1617
1650
1673
1693
1707
1713
1715
1738
1804
1841
1842
1861
1865
1889
1997
2008
2064
2071
2157
2210
2219
2254
2281
2428
2435
2444
2502
2521
2535
2564
2586
2588
2625
2666
2669
2671
2672
2696
2730
2765
2766
2795
2822
2829
2852
2861
2882
2896
2904
2910
2914
2926
2948
2956
2994
3029
3049
3078
3087
3095
3096
3122
3142
3164
3194
3207
3241
3292
3325
3330
3384
3402
3411
3413
3417
3449
3464
3480
3498
3499
3540
3560
3643
3645
3646
3659
3664
3708
3734
3819
3850
3868
3887
3905
3913
3977
4012
4029
4082
4113
4132
4202
4207
4211
4217
4273
4319
4357
4400
4415
4485
4499
4546
4553
4622
4759
4782
4792
4793
4797
4820
4841
4881
4884
4903
4922
5035
5052
5088
5093
5098
5128
5137
5142
5175
5202
5250
5262
5288
5310
5352
5365
5425
5430
5442
5487
5628
5649
5686
5689
5700
5721
5733
5776
5791
5795
5828
5880
5902
5917
5924
5987
6013
6022
6029
6031
6139
6153
6168
6177
6198
6199
6222
6275
6293
6343
6348
6358
6397
6444
6480
6491
6497
6520
6534
6580
6602
6648
6740
6742
6763
6772
6775
6779
6781
6792
6823
6857
6866
6870
6994
7052
7062
7075
7107
7119
7139
7173
7174
7178
7183
7186
7191
7212
7234
7265
7284
7289
7327
7337
7382
7386
7410
7416
7433
7436
7516
7532
7603
7647
7695
7710
7727
7738
7774
7808
7822
7839
7858
7860
7863
7892
7893
7906
7955
7972
7991
8042
8044
8089
8135
8141
8143
8149
8191
8196
8221
8248
8289
8297
8301
8320
8327
8340
8407
8417
8424
8448
8490
8492
8545
8578
8585
8592
8625
8659
8672
8686
8717
8730
8756
8761
8816
8835
8838
8869
8873
8907
8925
8944
8998
9015
9026
9063
9140
9200
9216
9247
9272
9273
9292
9309
9360
9392
9413
9421
9431
9441
9461
9465
9481
9483
9488
9496
9499
9501
9506
9518
9534
9562
9566
9581
9658
9682
9687
9692
9694
9695
9703
9734
9757
9779
9781
9799
9800
9812
9842
9871
9896
9917
9918
9932
9974
10007
10028
10034
10047
10061
10063
10068
10095
10156
10160
10236
10241
10242
10267
10360
10389
10412
10425
10441
10480
10574
10596
10601
10607
10613
10624
10638
10648
10665
10675
10678
10679
10719
10721
10742
10764
10798
10805
10818
10821
10861
10862
10946
11005
11016
11019
11056
11116
11128
11138
11173
11196
11197
11201
11281
11315
11334
11380
11464
11469
11535
11557
11587
11598
11602
11619
11642
11690
11698
11710
11745
11747
11763
11784
11791
11834
11842
11843
11870
11883
11905
11928
11937
11949
11956
11980
11982
12051
12111
12133
12162
12171
12206
12228
12264
12288
12291
12325
12336
12379
12391
12393
12423
12442
12469
12555
12556
12600
12639
12649
12687
12698
12724
12738
12742
12764
12837
12889
12901
12916
12941
12969
12982
12984
13013
13019
13043
13114
13151
13168
13174
13220
13237
13344
13391
13400
13402
13439
13451
13453
13490
13491
13536
13553
13576
13588
13613
13644
13657
13679
13683
13722
13728
13776
13802
13829
13863
13866
13891
13897
13898
13931
13951
13961
13962
13972
13980
13995
14029
14068
14100
14185
14202
14215
14261
14271
14299
14336
14370
14371
14383
14408
14422
14504
14510
14557
14598
14715
14732
14742
14743
14745
14764
14780
14783
14801
14848
14864
14879
14881
14897
14900
14908
14915
14931
14951
14959
14969
14985
14995
15003
15017
15023
15061
15074
15080
15090
15115
15130
15157
15202
15208
15285
15291
15331
15376
15452
15479
15529
15534
15604
15639
15640
15654
15659
15674
15697
15726
15829
15871
15908
15913
15945
15948
15964
15987
16010
16018
16020
16021
16039
16068
16094
16096
16101
16142
16148
16170
16200
16245
16258
16284
16286
16326
16374
16386
16389
16399
16413
16447
16470
16473
16532
16541
16663
16671
16679
16691
16707
16724
16750
16776
16784
16793
16794
16820
16860
16872
16878
16884
16896
16942
16970
17048
17072
17118
17146
17164
17175
17224
17237
17239
17257
17266
17299
17310
17318
17327
17330
17347
17376
17384
17443
17465
17471
17504
17609
17632
17706
17710
17711
17733
17825
17851
17856
17865
17897
17917
18020
18025
18041
18080
18118
18137
18167
18211
18233
18253
18255
18288
18319
18417
18435
18442
18449
18458
18463
18469
18478
18483
18519
18540
18596
18605
18611
18624
18644
18654
18662
18665
18667
18682
18765
18781
18782
18799
18814
18836
18838
18908
18910
18913
18976
19006
19111
19112
19125
19151
19159
19192
19201
19216
19219
19280
19326
19329
19436
19440
19443
19486
19492
19494
19535
19560
19564
19596
19686
19724
19738
19768
19849
19850
19858
19863
19865
19868
19910
20003
20033
20094
20105
20115
20124
20269
20278
20289
20293
20354
20357
20475
20486
20507
20509
20518
20556
20573
20583
20602
20615
20635
20665
20703
20710
20846
20852
20854
20929
20946
20956
20959
21064
21103
21108
21110
21117
21128
21159
21204
21211
21286
21287
21288
21301
21338
21364
21367
21400
21401
21417
21435
21440
21476
21477
21485
21520
21533
21606
21636
21640
21648
21655
21659
21668
21689
21690
21713
21714
21742
21833
21871
21945
21971
21973
21975
21979
21981
22009
22070
22098
22121
22126
22133
22148
22158
22193
22206
22225
22257
22259
22267
22346
22351
22378
22399
22463
22472
22514
22634
22648
22673
22685
22718
22760
22781
22793
22797
22832
22846
22864
22887
22888
22906
22960
22995
23003
23029
23071
23088
23093
23144
23282
23283
23298
23306
23316
23321
23330
23390
23414
23455
23477
23486
23495
23521
23522
23557
23574
23654
23656
23670
23691
23768
23777
23801
23810
23868
23878
23898
23922
23939
23944
23949
23964
23975
24025
24077
24099
24107
24127
24133
24164
24173
24210
24240
24247
24260
24274
24312
24323
24336
24345
24399
24419
24466
24548
24688
24709
24791
24795
24796
24871
24881
24891
24904
24935
24941
24958
24966
24985
25047
25064
25086
25100
25138
25165
25224
25271
25286
25339
25351
25421
25439
25490
25523
25556
25583
25606
25622
25623
25630
25633
25656
25682
25728
25860
25862
25873
25876
25930
25934
25940
25946
25959
25971
25989
26040
26147
26153
26157
26198
26210
26251
26254
26259
26269
26271
26297
26308
26324
26395
26402
26445
26492
26502
26529
26570
26630
26639
26676
26702
26711
26718
26724
26736
26792
26798
26830
26857
27060
27064
27128
27133
27196
27207
27208
27253
27305
27310
27319
27358
27375
27410
27424
27442
27456
27477
27487
27515
27539
27618
27636
27677
27752
27764
27786
27812
27825
27849
27860
27873
27882
27954
27956
27964
27977
28005
28063
28072
28079
28082
28112
28115
28201
28222
28235
28252
28318
28352
28380
28388
28419
28421
28443
28457
28484
28532
28550
28571
28632
28638
28641
28645
28680
28722
28726
28728
28750
28777
28783
28817
28838
28845
28854
28859
28867
28884
28893
29028
29061
29099
29119
29128
29150
29181
29195
29223
29258
29271
29272
29312
29365
29459
29472
29518
29531
29573
29656
29738
29748
29750
29796
29813
29814
29880
30033
30034
30051
30052
30070
30096
30147
30178
30187
30199
30242
30271
30277
30290
30291
30306
30312
30330
30336
30349
30368
30377
30413
30438
30466
30477
30497
30584
30588
30594
30598
30638
30655
30666
30667
30670
30715
30720
30723
30732
30736
30739
30741
30759
30811
30819
30835
30843
30876
31003
31004
31046
31070
31080
31186
31192
31207
31285
31329
31345
31394
31420
31423
31426
31442
31474
31475
31479
31481
31504
31506
31510
31537
31557
31564
31567
31584
31588
31599
31619
31673
31678
31681
31702
31706
31713
31718
31732
31746
31760
31768
31866
31894
31901
31937
31943
31957
32010
32044
32138
32156
32159
32168
32224
32240
32242
32261
32272
32303
32356
32363
32378
32420
32421
32423
32435
32461
32523
32561
32566
32607
32629
32645
32657
32677
32690
32708
32758
32766
32767
32821
32859
32872
32986
32990
32991
33030
33073
33123
33218
33239
33244
33264
33282
33283
33295
33307
33330
33335
33344
33365
33385
33433
33449
33492
33502
33513
33525
33529
33532
33548
33552
33557
33596
33600
33606
33637
33647
33671
33681
33696
33701
33771
33795
33803
33816
33891
33900
33909
33938
33959
33983
34010
34085
34141
34159
34198
34214
34257
34258
34262
34281
34324
34346
34375
34389
34432
34434
34436
34456
34597
34611
34622
34625
34664
34686
34784
34817
34819
34823
34847
34876
34884
34900
34904
34912
34934
34953
35029
35040
35063
35070
35077
35119
35126
35130
35157
35158
35168
35169
35179
35182
35186
35201
35239
35248
35281
35284
35375
35393
35455
35458
35486
35503
35529
35633
35689
35692
35716
35743
35801
35811
35822
35871
35888
35905
35973
36000
36001
36083
36140
36142
36157
36192
36247
36248
36249
36272
36315
36384
36425
36435
36446
36467
36471
36516
36548
36560
36579
36622
36627
36676
36681
36736
36751
36776
36842
36844
36869
36901
36924
36934
36935
36949
36971
36973
36997
36998
37005
37013
37073
37088
37095
37110
37122
37127
37151
37213
37290
37302
37303
37325
37327
37346
37358
37364
37392
37514
37526
37579
37603
37660
37699
37705
37706
37750
37777
37811
37835
37844
37864
37869
37923
37926
37986
38008
38071
38084
38102
38115
38118
38119
38132
38153
38163
38165
38188
38189
38195
38215
38229
38230
38258
38259
38290
38424
38486
38493
38502
38508
38542
38563
38584
38615
38676
38691
38699
38724
38778
38783
38784
38792
38810
38818
38834
38840
38854
38981
38982
38989
39093
39099
39102
39103
39111
39157
39188
39211
39223
39231
39261
39262
39266
39352
39404
39405
39483
39491
39505
39522
39530
39598
39634
39652
39718
39739
39743
39759
39806
39835
39851
39887
39902
39945
39987
40028
40047
40053
40061
40098
40167
40177
40178
40214
40228
40233
40235
40252
40257
40262
40280
40320
40338
40339
40343
40413
40524
40579
40593
40636
40702
40736
40744
40753
40768
40784
40814
40821
40828
40834
40860
40876
40902
40933
40940
40945
40969
40994
41015
41021
41041
41094
41124
41177
41195
41248
41282
41305
41317
41371
41391
41407
41422
41455
41476
41549
41596
41625
41627
41632
41642
41658
41671
41694
41702
41708
41753
41788
41798
41813
41841
41843
41871
41878
41886
41897
41922
41939
42049
42059
42078
42093
42107
42139
42150
42221
42281
42282
42300
42311
42315
42322
42378
42390
42417
42422
42445
42459
42480
42493
42560
42647
42717
42769
42784
42801
42843
42846
42885
42900
42922
42953
43012
43020
43041
43151
43171
43182
43188
43192
43253
43280
43289
43315
43337
43357
43420
43450
43467
43484
43575
43600
43604
43662
43664
43669
43689
43707
43709
43711
43736
43775
43793
43797
43801
43831
43832
43861
43865
43893
43896
43912
43965
43969
44045
44048
44084
44117
44122
44135
44136
44182
44185
44190
44192
44221
44236
44263
44281
44301
44336
44357
44387
44392
44410
44449
44454
44457
44568
44585
44586
44620
44650
44659
44668
44689
44693
44720
44727
44799
44846
44866
44937
44952
44961
44967
44978
44980
44987
45023
45032
45061
45074
45101
45107
45117
45129
45134
45171
45183
45193
45199
45221
45251
45302
45305
45317
45330
45419
45421
45439
45493
45507
45511
45522
45527
45536
45594
45601
45646
45662
45709
45719
45755
45762
45774
45791
45831
45836
45843
45850
45852
45876
45919
45937
45967
45968
45972
45982
45992
45999
46006
46047
46070
46147
46173
46214
46246
46275
46296
46306
46314
46369
46392
46527
46552
46559
46561
46595
46664
46745
46766
46772
46795
46813
46835
46849
46854
46911
46917
46961
47013
47031
47041
47065
47133
47140
47151
47154
47169
47208
47219
47222
47232
47282
47317
47321
47346
47371
47376
47379
47404
47450
47573
47592
47593
47595
47683
47693
47707
47723
47726
47768
47796
47802
47837
47838
47851
47912
47926
47963
47969
47979
47981
48002
48017
48031
48040
48045
48073
48094
48098
48109
48146
48190
48224
48246
48253
48355
48381
48402
48426
48561
48568
48629
48636
48685
48726
48782
48785
48788
48809
48853
48870
48873
48931
48936
49001
49043
49052
49102
49109
49120
49123
49138
49142
49153
49158
49196
49244
49256
49276
49308
49325
49350
49355
49369
49416
49426
49472
49481
49491
49550
49571
49593
49601
49606
49632
49639
49641
49670
49715
49735
49782
49796
49810
49863
49906
49958
49996
