11
37
38
40
52
99
136
177
190
197
203
235
242
297
337
393
402
410
475
503
526
565
603
618
638
665
673
705
755
764
771
805
822
843
854
873
876
913
963
974
1011
1025
1043
1053
1080
1149
1156
1198
1208
1214
1272
1273
1285
1298
1344
1402
1423
1475
1479
1500
1502
1527
1619
1640
1642
1671
1708
1792
1850
1855
1864
1992
2026
2061
2089
2133
2160
2216
2222
2246
2252
2255
2282
2298
2301
2329
2338
2348
2354
2360
2474
2476
2500
2505
2514
2561
2566
2590
2611
2633
2645
2657
2664
2667
2732
2763
2764
2818
2871
2880
2888
2962
2964
2986
3024
3038
3077
3082
3087
3144
3149
3201
3269
3271
3276
3286
3301
3374
3411
3429
3445
3464
3467
3522
3551
3572
3596
3649
3654
3692
3696
3750
3766
3795
3818
3896
3914
3958
4004
4088
4094
4098
4113
4140
4170
4202
4210
4234
4259
4306
4382
4409
4427
4496
4538
4567
4574
4591
4648
4670
4691
4788
4793
4803
4850
4852
4857
4860
4887
4906
4910
4996
5064
5087
5116
5148
5160
5182
5246
5270
5271
5275
5320
5333
5353
5365
5370
5384
5391
5429
5444
5484
5493
5501
5571
5605
5611
5722
5744
5758
5797
5835
5869
5893
5929
5953
5961
5983
6023
6028
6029
6050
6059
6105
6120
6127
6209
6232
6255
6346
6368
6380
6385
6400
6401
6469
6495
6505
6565
6584
6597
6605
6606
6621
6642
6652
6653
6669
6708
6740
6784
6796
6828
6865
6874
6897
6904
6915
6918
6954
6982
6984
7017
7026
7029
7037
7103
7146
7162
7201
7234
7260
7270
7279
7314
7349
7396
7397
7425
7482
7507
7549
7550
7619
7658
7748
7750
7791
7823
7830
7836
7859
7907
7912
7916
7918
7939
7944
7968
7988
8008
8084
8086
8130
8135
8142
8145
8192
8256
8295
8301
8306
8322
8367
8369
8399
8415
8493
8501
8547
8564
8619
8665
8698
8707
8709
8726
8732
8755
8766
8797
8838
8870
8954
8962
9032
9040
9045
9083
9097
9106
9155
9198
9243
9271
9292
9294
9309
9316
9324
9387
9396
9412
9415
9417
9430
9433
9434
9445
9469
9498
9542
9568
9579
9642
9653
9656
9673
9721
9726
9747
9801
9816
9831
9859
9865
9914
9933
9974
9985
10072
10084
10121
10122
10126
10152
10225
10228
10258
10297
10311
10396
10453
10513
10514
10527
10542
10543
10544
10589
10609
10638
10678
10714
10756
10787
10788
10827
10853
10925
10945
10982
10994
11021
11024
11042
11054
11085
11113
11162
11175
11194
11198
11231
11232
11241
11256
11260
11274
11295
11322
11324
11344
11357
11377
11399
11448
11453
11454
11462
11496
11532
11542
11563
11620
11629
11644
11724
11728
11735
11740
11758
11782
11787
11827
11977
12000
12044
12126
12187
12188
12198
12211
12223
12226
12248
12273
12279
12334
12361
12371
12395
12415
12426
12462
12516
12534
12539
12540
12560
12574
12634
12638
12641
12642
12661
12675
12720
12726
12768
12792
12798
12803
12809
12862
12863
12875
12900
12914
12932
12936
12955
13000
13019
13046
13055
13125
13183
13194
13218
13225
13248
13306
13312
13390
13417
13493
13556
13582
13661
13756
13764
13799
13804
13819
13850
13853
13854
13875
13882
13888
13901
13914
13958
13980
14032
14061
14073
14089
14116
14190
14202
14232
14244
14282
14284
14324
14347
14372
14394
14423
14425
14461
14463
14494
14503
14509
14510
14525
14550
14594
14599
14619
14663
14665
14666
14722
14725
14736
14742
14762
14769
14788
14850
14852
14857
14861
14943
14949
14977
14982
15003
15006
15032
15035
15061
15144
15156
15185
15225
15255
15256
15266
15309
15317
15328
15417
15454
15510
15534
15548
15565
15573
15577
15579
15611
15645
15650
15669
15681
15693
15748
15763
15793
15795
15806
15831
15850
15863
15911
15938
15960
16009
16023
16067
16073
16140
16173
16221
16269
16324
16344
16349
16403
16438
16506
16513
16545
16573
16613
16656
16728
16761
16835
16839
16844
16926
16950
17001
17014
17022
17066
17147
17227
17233
17259
17306
17344
17363
17395
17412
17416
17432
17482
17505
17508
17519
17623
17627
17633
17648
17697
17701
17706
17723
17766
17768
17771
17775
17798
17830
17841
17847
17866
17959
18006
18070
18075
18106
18127
18143
18207
18209
18217
18298
18300
18304
18321
18376
18396
18409
18471
18489
18544
18676
18692
18727
18790
18813
18815
18819
18846
18853
18911
18950
18963
19036
19044
19061
19115
19191
19212
19226
19243
19281
19297
19336
19341
19360
19400
19404
19466
19502
19504
19525
19531
19546
19555
19579
19585
19605
19613
19614
19667
19693
19711
19725
19728
19745
19749
19774
19777
19817
19855
19858
19876
19880
19886
19900
19968
19974
19982
19984
20006
20027
20037
20045
20051
20067
20071
20091
20136
20139
20152
20236
20242
20283
20303
20308
20333
20358
20370
20409
20451
20456
20477
20478
20500
20503
20504
20507
20523
20529
20541
20546
20548
20614
20638
20737
20759
20867
20897
20929
20983
21007
21010
21054
21080
21086
21136
21145
21160
21184
21197
21198
21234
21250
21294
21327
21373
21410
21431
21447
21451
21463
21473
21528
21602
21656
21662
21677
21693
21709
21713
21721
21737
21760
21761
21779
21783
21794
21855
21894
21904
21915
21932
21998
22008
22011
22089
22127
22134
22137
22175
22198
22221
22275
22279
22280
22282
22286
22297
22338
22467
22471
22635
22657
22661
22674
22676
22700
22710
22723
22791
22799
22822
22838
22850
22920
22945
22973
23018
23066
23076
23079
23093
23122
23146
23148
23160
23163
23202
23260
23309
23365
23380
23398
23416
23417
23456
23465
23466
23469
23503
23509
23513
23585
23591
23623
23629
23646
23692
23725
23733
23791
23795
23802
23809
23811
23844
23848
23924
24010
24024
24130
24138
24140
24153
24181
24196
24208
24214
24231
24247
24283
24326
24351
24365
24369
24415
24456
24465
24503
24519
24543
24570
24584
24588
24621
24652
24664
24692
24700
24776
24788
24809
24815
24823
24849
24859
24860
24877
24898
24940
24987
25019
25021
25054
25055
25152
25239
25295
25312
25369
25377
25378
25489
25514
25517
25523
25549
25556
25589
25631
25650
25654
25686
25692
25712
25753
25767
25796
25813
25836
25842
25852
25875
25894
25909
25914
25932
25946
25989
26004
26010
26048
26060
26069
26073
26117
26142
26155
26161
26167
26245
26248
26298
26331
26336
26340
26460
26465
26478
26516
26539
26564
26578
26586
26587
26681
26683
26698
26737
26786
26805
26833
26864
26880
26902
26934
26944
26978
27006
27010
27025
27028
27068
27110
27145
27148
27149
27159
27209
27212
27231
27243
27255
27263
27277
27288
27290
27301
27307
27321
27338
27417
27464
27476
27525
27530
27536
27555
27566
27576
27638
27639
27665
27667
27684
27706
27714
27717
27744
27751
27767
27813
27821
27866
27900
27913
27921
27925
27928
27993
28061
28063
28071
28081
28118
28133
28146
28154
28165
28171
28235
28252
28268
28288
28290
28301
28322
28327
28383
28390
28391
28398
28412
28438
28470
28483
28498
28511
28523
28531
28547
28559
28569
28590
28593
28602
28616
28670
28700
28705
28763
28823
28831
28842
28855
28870
28910
28937
28938
28943
28982
28998
29000
29030
29075
29141
29173
29209
29255
29270
29273
29277
29296
29382
29403
29415
29486
29531
29571
29578
29596
29612
29642
29688
29699
29742
29759
29801
29815
29844
29960
29981
30039
30092
30096
30148
30181
30191
30219
30221
30323
30332
30344
30345
30347
30366
30387
30398
30400
30402
30423
30424
30436
30478
30481
30489
30491
30515
30528
30596
30607
30623
30654
30688
30690
30724
30727
30729
30734
30768
30803
30806
30837
30913
30960
30966
30996
30997
31059
31062
31072
31094
31133
31145
31174
31206
31219
31248
31261
31262
31274
31307
31340
31346
31387
31403
31422
31437
31466
31484
31515
31589
31592
31617
31660
31675
31694
31737
31754
31758
31770
31790
31881
31891
31900
31939
31970
31983
31987
32008
32051
32053
32083
32088
32098
32105
32148
32193
32197
32219
32251
32252
32276
32279
32296
32334
32358
32365
32398
32403
32420
32478
32541
32558
32569
32586
32594
32597
32621
32645
32653
32668
32669
32736
32770
32795
32841
32935
32938
32956
32958
32968
32981
32983
33068
33133
33145
33157
33164
33168
33186
33199
33362
33369
33390
33432
33458
33482
33494
33509
33511
33532
33533
33548
33567
33602
33631
33660
33671
33692
33699
33703
33707
33720
33741
33750
33751
33756
33757
33768
33769
33774
33790
33806
33817
33833
33877
33885
33901
33922
33930
33934
33940
33968
33979
33994
34016
34038
34050
34057
34058
34068
34098
34130
34180
34190
34194
34211
34223
34243
34249
34257
34258
34260
34281
34288
34341
34399
34432
34456
34457
34459
34482
34575
34595
34653
34682
34698
34705
34758
34774
34808
34810
34818
34869
34879
34897
34901
34924
34953
34966
34981
34999
35017
35024
35027
35039
35103
35128
35129
35160
35163
35200
35213
35222
35232
35314
35327
35353
35387
35418
35488
35505
35509
35585
35603
35609
35633
35654
35656
35659
35734
35740
35769
35788
35844
35859
35867
35878
35913
35915
35965
36010
36096
36109
36141
36185
36210
36213
36217
36240
36242
36245
36294
36308
36329
36333
36337
36345
36350
36355
36356
36359
36400
36416
36437
36468
36491
36492
36495
36496
36511
36519
36540
36551
36635
36675
36676
36742
36792
36803
36825
36870
36881
36904
36926
36928
36957
37000
37029
37043
37052
37084
37171
37182
37193
37199
37282
37294
37300
37364
37369
37436
37464
37465
37467
37472
37473
37487
37551
37557
37577
37579
37608
37628
37642
37657
37672
37683
37701
37707
37754
37759
37765
37770
37775
37786
37800
37866
37867
37893
37941
37956
37983
38008
38026
38034
38204
38236
38287
38301
38312
38321
38392
38401
38414
38417
38418
38430
38531
38551
38620
38621
38711
38729
38752
38760
38763
38771
38797
38840
38852
38872
38906
38943
38952
38967
38980
38996
39086
39111
39125
39170
39216
39230
39235
39250
39337
39358
39359
39365
39422
39450
39503
39568
39582
39592
39602
39619
39652
39658
39765
39766
39773
39774
39823
39834
39973
39992
40113
40120
40123
40148
40171
40185
40187
40221
40226
40259
40305
40333
40342
40348
40394
40396
40410
40432
40492
40529
40563
40582
40585
40593
40632
40635
40638
40681
40707
40782
40784
40787
40795
40818
40847
40858
40868
40884
40926
40937
40938
41030
41060
41096
41114
41139
41175
41222
41246
41252
41275
41276
41294
41345
41350
41379
41405
41423
41425
41480
41571
41574
41627
41654
41720
41753
41764
41916
41934
41965
41974
41981
41982
41990
42019
42093
42122
42129
42147
42198
42204
42226
42239
42305
42330
42369
42370
42386
42394
42400
42452
42465
42480
42493
42511
42545
42546
42566
42579
42611
42617
42629
42671
42673
42678
42707
42735
42799
42856
42857
42901
42914
42927
42931
42980
42998
43007
43019
43047
43050
43063
43073
43086
43202
43205
43225
43267
43309
43311
43316
43342
43388
43398
43429
43452
43453
43502
43512
43552
43564
43573
43581
43597
43625
43685
43693
43694
43717
43725
43764
43789
43813
43817
43851
43860
43898
43911
43971
44194
44204
44230
44231
44265
44298
44314
44337
44350
44389
44412
44454
44502
44532
44538
44544
44549
44561
44568
44612
44647
44687
44737
44746
44756
44774
44778
44788
44804
44875
44880
44904
44933
44965
44980
45069
45128
45237
45251
45271
45329
45374
45378
45403
45413
45420
45455
45456
45474
45478
45502
45532
45537
45549
45550
45555
45584
45655
45670
45712
45734
45780
45799
45823
45825
45830
45853
45907
45910
45917
45925
45934
45947
45973
45982
46032
46047
46070
46072
46090
46095
46131
46140
46174
46182
46183
46227
46241
46242
46243
46283
46284
46299
46316
46327
46339
46354
46370
46374
46507
46544
46596
46646
46751
46754
46763
46766
46767
46804
46842
46858
46859
46864
46886
46900
46913
46915
46926
46933
46935
46939
46985
47049
47076
47090
47104
47268
47279
47285
47333
47344
47392
47393
47437
47445
47475
47481
47482
47484
47496
47522
47548
47599
47686
47691
47693
47701
47707
47736
47754
47769
47789
47810
47893
47898
47912
47919
47950
47961
47982
47999
48006
48013
48020
48042
48140
48158
48179
48183
48185
48251
48256
48313
48321
48356
48407
48453
48455
48473
48506
48528
48574
48604
48627
48679
48685
48700
48772
48837
48840
48927
48928
48945
48947
48975
48979
48981
49013
49015
49045
49132
49135
49165
49166
49185
49205
49216
49223
49264
49269
49306
49313
49314
49318
49325
49399
49446
49465
49517
49524
49555
49565
49608
49617
49621
49676
49684
49698
49702
49703
49746
49775
49805
49831
49877
49892
49967
49983
49997
