47
61
68
85
125
180
188
195
204
205
214
224
254
268
269
297
361
397
457
491
672
688
694
709
776
833
864
914
980
1001
1061
1085
1092
1116
1124
1153
1170
1190
1261
1278
1280
1317
1318
1335
1371
1394
1417
1422
1442
1467
1501
1513
1515
1549
1550
1553
1561
1588
1623
1626
1631
1643
1644
1653
1672
1699
1736
1777
1782
1785
1807
1825
1838
1846
1893
1898
1900
1912
1913
1922
1948
1951
2000
2004
2006
2015
2035
2042
2067
2087
2110
2136
2166
2168
2186
2195
2213
2270
2275
2283
2307
2325
2340
2356
2367
2404
2452
2464
2489
2589
2591
2604
2610
2623
2641
2683
2689
2729
2735
2758
2778
2780
2781
2823
2843
2852
2854
2888
2903
2914
2922
2951
2972
3011
3024
3058
3109
3144
3149
3167
3174
3177
3209
3220
3321
3340
3348
3412
3458
3497
3520
3542
3545
3559
3571
3581
3600
3602
3621
3636
3681
3706
3714
3809
3811
3948
3959
3964
3971
3972
3998
4031
4094
4112
4115
4147
4181
4209
4230
4237
4250
4256
4271
4287
4293
4318
4330
4341
4373
4396
4402
4422
4429
4467
4468
4478
4483
4515
4561
4572
4602
4611
4631
4677
4682
4688
4698
4813
4837
4924
4932
4947
4974
4993
4998
5016
5025
5039
5040
5091
5098
5131
5141
5172
5197
5296
5303
5304
5319
5338
5416
5432
5443
5454
5464
5506
5562
5576
5586
5610
5636
5643
5675
5688
5734
5789
5824
5833
5840
5860
5867
5903
5919
5925
5956
5985
6055
6108
6122
6243
6269
6300
6345
6369
6406
6424
6452
6470
6502
6513
6545
6577
6590
6614
6620
6634
6651
6678
6714
6744
6756
6781
6783
6786
6809
6819
6824
6842
6862
6876
6879
6916
6957
7016
7098
7120
7144
7152
7224
7227
7249
7258
7261
7275
7348
7376
7381
7430
7455
7494
7504
7521
7529
7544
7670
7700
7712
7721
7725
7732
7771
7842
7902
7905
7930
7974
7980
7990
7994
8046
8146
8200
8223
8261
8301
8321
8326
8328
8329
8333
8337
8377
8417
8420
8431
8443
8449
8458
8462
8496
8528
8612
8625
8646
8674
8698
8705
8713
8722
8766
8798
8837
8843
8880
8888
8907
8914
8918
8930
8933
8964
8980
8994
9001
9043
9075
9078
9127
9147
9163
9199
9289
9330
9385
9421
9449
9456
9476
9480
9599
9604
9614
9616
9677
9678
9691
9734
9736
9755
9801
9831
9848
9863
9887
9901
9994
10038
10043
10045
10052
10118
10140
10188
10279
10285
10290
10310
10319
10322
10327
10329
10387
10418
10445
10479
10485
10501
10523
10559
10601
10652
10657
10684
10720
10741
10748
10780
10797
10823
10855
10909
10924
10931
10936
10976
11020
11072
11122
11232
11252
11263
11295
11298
11313
11336
11348
11470
11527
11556
11558
11664
11715
11730
11772
11793
11806
11814
11827
11837
11842
11843
11913
11925
11934
11942
11956
12027
12039
12104
12107
12116
12122
12123
12126
12139
12146
12147
12161
12179
12244
12301
12342
12383
12420
12459
12502
12504
12530
12565
12568
12607
12610
12667
12695
12735
12759
12766
12869
12872
12890
12911
12931
12945
12946
12960
12972
13017
13034
13049
13123
13139
13152
13215
13292
13305
13327
13423
13447
13514
13590
13607
13610
13668
13676
13688
13711
13757
13796
13817
13868
13873
13881
13893
13922
13973
13984
13987
14023
14070
14073
14107
14124
14150
14178
14191
14200
14202
14219
14256
14344
14353
14363
14380
14382
14455
14590
14651
14663
14695
14714
14729
14760
14764
14791
14804
14806
14824
14832
14851
14934
14964
15001
15053
15079
15145
15171
15173
15215
15219
15239
15241
15251
15277
15299
15344
15351
15372
15390
15432
15460
15498
15503
15593
15598
15625
15635
15660
15691
15708
15722
15759
15794
15800
15845
15846
15901
15964
15977
16030
16084
16097
16098
16114
16239
16242
16275
16297
16324
16345
16371
16408
16433
16509
16518
16570
16571
16575
16579
16585
16596
16620
16683
16696
16713
16751
16786
16809
16855
16861
16872
16901
16918
16929
16943
16969
16989
17010
17084
17190
17193
17221
17246
17296
17301
17307
17322
17343
17352
17385
17402
17427
17468
17494
17501
17502
17517
17559
17660
17664
17682
17721
17727
17738
17786
17789
17802
17860
17863
17912
17944
17980
18024
18029
18035
18066
18080
18084
18121
18131
18174
18191
18258
18292
18335
18348
18382
18417
18427
18444
18464
18494
18507
18538
18539
18607
18626
18646
18654
18681
18696
18712
18714
18719
18858
18861
18883
18928
18941
18943
18948
18972
19008
19149
19177
19189
19197
19236
19263
19277
19286
19288
19362
19388
19427
19453
19458
19501
19503
19516
19523
19540
19565
19587
19612
19654
19655
19658
19746
19753
19786
19794
19817
19818
19861
19878
19894
19897
19949
19964
19987
20014
20051
20068
20090
20094
20095
20191
20201
20218
20301
20318
20332
20356
20363
20368
20374
20390
20412
20423
20426
20457
20470
20549
20601
20603
20616
20663
20689
20710
20750
20767
20815
20822
20887
20912
20967
20972
20973
20991
21000
21022
21027
21072
21086
21118
21136
21201
21216
21245
21253
21280
21303
21324
21330
21362
21368
21402
21425
21449
21471
21516
21579
21681
21687
21701
21717
21720
21723
21762
21784
21789
21798
21832
21834
21884
21923
21958
22019
22029
22063
22080
22088
22100
22121
22171
22174
22237
22269
22299
22328
22365
22409
22413
22416
22459
22530
22559
22565
22585
22591
22594
22620
22654
22708
22827
22946
22951
23009
23024
23034
23098
23102
23134
23142
23168
23181
23206
23216
23223
23246
23254
23257
23270
23285
23316
23336
23360
23384
23418
23419
23428
23452
23469
23504
23611
23658
23682
23732
23761
23797
23799
23814
23842
23843
23856
23903
23919
23927
23944
23952
23958
23970
23973
24002
24040
24068
24080
24091
24153
24161
24184
24189
24195
24203
24231
24249
24252
24277
24329
24335
24339
24343
24356
24363
24390
24437
24440
24452
24483
24513
24522
24556
24563
24584
24604
24654
24665
24686
24736
24855
24906
24916
24932
24947
24970
24974
25000
25020
25030
25062
25106
25132
25156
25167
25175
25183
25190
25196
25229
25327
25332
25467
25468
25514
25538
25547
25557
25574
25579
25608
25624
25628
25636
25643
25668
25693
25703
25731
25744
25790
25793
25810
25819
25823
25824
25830
25857
25861
25866
25917
25919
25922
25928
25971
25976
25987
25990
26016
26032
26039
26117
26122
26171
26268
26305
26316
26332
26333
26392
26459
26463
26478
26482
26487
26532
26546
26561
26576
26594
26595
26611
26623
26636
26670
26694
26695
26698
26711
26771
26777
26802
26881
26884
26886
26948
26950
26965
26985
26988
27033
27036
27048
27062
27072
27086
27140
27159
27221
27229
27231
27241
27274
27329
27335
27343
27346
27355
27372
27385
27409
27423
27428
27444
27481
27538
27632
27701
27725
27777
27862
27886
27890
27923
27928
27948
27962
27987
27993
27994
28014
28023
28047
28050
28079
28080
28081
28182
28184
28194
28260
28264
28265
28280
28283
28346
28348
28367
28512
28516
28590
28604
28615
28621
28622
28662
28705
28725
28771
28773
28810
28828
28925
28933
28937
28965
28970
29006
29024
29043
29074
29087
29097
29116
29148
29150
29173
29183
29227
29235
29246
29249
29280
29295
29303
29350
29362
29382
29478
29515
29528
29551
29581
29588
29592
29602
29613
29624
29689
29695
29747
29758
29791
29854
29888
29907
29920
29933
30004
30018
30024
30113
30120
30144
30172
30195
30220
30230
30264
30270
30304
30320
30335
30384
30403
30404
30408
30414
30417
30438
30454
30459
30495
30510
30519
30538
30559
30560
30567
30590
30607
30751
30836
30863
30952
30966
30974
30979
30981
30983
31005
31022
31023
31034
31080
31090
31099
31157
31180
31200
31209
31237
31239
31280
31295
31307
31341
31351
31374
31382
31432
31465
31484
31519
31541
31555
31645
31659
31696
31700
31723
31725
31730
31735
31745
31802
31806
31870
31887
31895
31897
31901
31943
31970
31989
31990
32028
32033
32049
32072
32081
32083
32095
32158
32169
32171
32178
32222
32268
32270
32278
32284
32301
32307
32311
32328
32332
32338
32345
32360
32365
32373
32376
32408
32412
32450
32455
32471
32495
32575
32621
32667
32703
32806
32807
32828
32842
32893
32927
32929
32978
33017
33072
33094
33146
33229
33249
33270
33295
33311
33312
33343
33392
33415
33416
33452
33460
33485
33487
33525
33537
33538
33595
33613
33641
33675
33709
33718
33739
33766
33851
33855
33857
33866
33871
33913
33926
33941
33943
33960
33964
33969
34000
34004
34008
34051
34069
34098
34119
34128
34166
34193
34198
34212
34273
34295
34305
34306
34317
34320
34322
34326
34336
34358
34441
34477
34483
34508
34645
34647
34662
34675
34820
34826
34879
34881
34887
34903
34910
34918
34927
34942
34954
34986
35042
35062
35128
35129
35142
35161
35179
35195
35206
35207
35254
35257
35280
35285
35287
35311
35318
35323
35326
35339
35412
35428
35434
35444
35463
35488
35491
35493
35527
35547
35548
35608
35610
35631
35679
35717
35733
35739
35774
35776
35793
35802
35835
35838
35844
35872
35885
35901
35961
35974
36002
36011
36025
36057
36089
36101
36108
36126
36130
36233
36270
36278
36286
36313
36325
36357
36369
36425
36457
36519
36537
36552
36567
36585
36591
36601
36622
36629
36644
36663
36741
36772
36812
36830
36847
36879
36899
36908
36942
36968
37004
37013
37110
37141
37142
37154
37164
37170
37190
37206
37261
37272
37284
37309
37320
37327
37364
37394
37400
37463
37512
37518
37530
37589
37640
37646
37679
37686
37720
37740
37755
37773
37823
37826
37829
37902
37917
37974
38015
38038
38072
38090
38105
38137
38159
38172
38208
38209
38310
38311
38336
38380
38382
38402
38444
38489
38521
38523
38548
38556
38614
38629
38701
38704
38716
38724
38737
38740
38756
38800
38830
38864
38873
38916
38941
38955
38997
39007
39020
39021
39023
39038
39072
39159
39197
39235
39259
39273
39303
39304
39328
39367
39374
39416
39436
39461
39465
39502
39548
39552
39559
39562
39624
39648
39687
39705
39707
39729
39730
39780
39796
39872
39905
39933
39937
39949
39965
39993
40015
40062
40083
40153
40186
40223
40232
40242
40249
40255
40271
40288
40353
40406
40436
40463
40470
40519
40520
40521
40529
40552
40557
40622
40636
40649
40658
40714
40725
40732
40739
40742
40753
40794
40804
40876
40885
40919
40942
40943
40953
40980
40994
41045
41106
41109
41171
41207
41232
41247
41254
41278
41319
41411
41461
41565
41643
41657
41697
41718
41776
41836
41859
41894
41920
41926
41934
41988
41998
42058
42070
42106
42108
42112
42120
42126
42149
42173
42225
42239
42245
42285
42289
42290
42302
42317
42329
42357
42376
42391
42419
42420
42444
42507
42549
42550
42577
42594
42643
42646
42649
42741
42753
42755
42781
42825
42848
42852
42872
42897
42899
42902
42904
42921
42956
42986
42993
43002
43020
43089
43129
43170
43190
43191
43226
43227
43232
43248
43327
43332
43340
43350
43359
43361
43377
43412
43416
43424
43460
43492
43500
43502
43510
43511
43512
43522
43540
43601
43631
43643
43650
43675
43709
43712
43720
43724
43745
43834
43845
43861
43862
43913
43958
43965
43988
43998
44057
44077
44205
44217
44398
44443
44449
44464
44481
44488
44489
44551
44591
44678
44717
44728
44811
44822
44831
44854
44866
44887
44921
44972
44974
44981
45015
45028
45079
45110
45176
45203
45208
45212
45228
45235
45239
45248
45252
45288
45302
45323
45324
45359
45374
45393
45414
45504
45513
45514
45561
45598
45638
45641
45668
45673
45692
45705
45743
45758
45766
45785
45794
45818
45824
45838
45853
45875
45882
45909
45942
45958
45976
46042
46052
46053
46070
46091
46148
46163
46182
46198
46202
46225
46231
46233
46257
46343
46416
46435
46482
46504
46512
46571
46625
46642
46654
46655
46665
46682
46688
46701
46722
46756
46771
46779
46807
46824
46825
46871
46877
46889
46895
46904
46910
46922
46948
46975
46983
47006
47010
47016
47052
47095
47136
47173
47178
47180
47182
47185
47221
47238
47246
47252
47331
47342
47358
47457
47481
47501
47518
47542
47578
47583
47615
47646
47655
47745
47794
47808
47857
47901
47929
47936
47954
47990
48010
48074
48190
48198
48264
48268
48292
48299
48360
48367
48392
48423
48450
48524
48552
48659
48671
48673
48676
48678
48693
48702
48708
48748
48755
48758
48832
48866
48867
48873
48970
48987
48992
48998
49000
49003
49010
49046
49049
49074
49082
49113
49126
49291
49296
49317
49332
49426
49443
49444
49460
49464
49488
49496
49525
49548
49550
49589
49606
49623
49624
49662
49682
49699
49714
49724
49728
49730
49754
49756
49775
49786
49842
49869
49892
49953
49972
