34
63
70
85
111
142
180
222
250
289
316
372
373
376
384
458
459
498
569
584
593
656
670
691
736
803
829
830
921
943
976
1005
1049
1096
1134
1156
1214
1237
1300
1375
1392
1401
1410
1466
1469
1481
1490
1542
1563
1576
1578
1589
1591
1595
1603
1622
1624
1654
1656
1692
1723
1771
1793
1795
1796
1810
1814
1835
1868
1886
1897
1921
1939
1978
1989
1999
2007
2023
2043
2077
2083
2145
2164
2210
2225
2235
2262
2280
2286
2294
2298
2309
2320
2414
2441
2465
2466
2470
2475
2497
2530
2612
2708
2740
2743
2787
2815
2899
2904
2950
2974
2987
2994
3016
3061
3096
3115
3168
3242
3243
3273
3282
3297
3368
3372
3398
3422
3455
3462
3496
3517
3551
3582
3612
3671
3711
3715
3733
3737
3738
3739
3745
3747
3770
3771
3777
3781
3791
3812
3815
3840
3872
3879
3902
3925
3951
3962
3983
4030
4061
4077
4093
4183
4224
4238
4246
4281
4377
4440
4461
4472
4477
4490
4521
4536
4565
4573
4582
4589
4611
4624
4629
4633
4649
4661
4662
4676
4687
4705
4710
4761
4779
4797
4798
4818
4846
4870
4877
4881
4898
4915
4934
4938
4939
4940
4959
5025
5042
5090
5118
5128
5133
5178
5186
5323
5329
5336
5379
5414
5419
5423
5434
5496
5548
5553
5571
5638
5658
5674
5682
5720
5745
5752
5774
5788
5806
5818
5845
5871
5893
5905
5918
5922
5933
5974
6006
6009
6064
6075
6084
6101
6169
6251
6264
6277
6329
6351
6358
6376
6402
6455
6503
6507
6508
6587
6676
6701
6719
6732
6733
6748
6757
6773
6876
6885
6942
6960
6974
6975
6984
7075
7087
7108
7147
7205
7223
7241
7250
7308
7334
7336
7345
7376
7385
7428
7484
7488
7549
7591
7608
7611
7632
7643
7720
7723
7766
7888
7889
7911
7915
7926
7959
7999
8035
8061
8075
8084
8095
8103
8105
8118
8120
8134
8168
8171
8183
8192
8224
8225
8319
8322
8380
8401
8411
8467
8486
8489
8521
8537
8554
8577
8589
8613
8633
8654
8662
8667
8668
8672
8717
8728
8729
8759
8767
8778
8804
8805
8826
8893
8933
8947
8960
8989
8995
9007
9008
9061
9086
9090
9094
9125
9131
9185
9195
9227
9279
9286
9297
9329
9344
9353
9371
9419
9436
9441
9460
9478
9494
9510
9520
9612
9626
9643
9652
9704
9756
9763
9854
9954
9989
9993
10033
10052
10081
10106
10120
10124
10136
10143
10176
10180
10197
10242
10269
10322
10428
10440
10442
10448
10536
10579
10583
10619
10626
10639
10643
10653
10672
10676
10723
10729
10741
10756
10764
10783
10786
10896
10912
10967
11004
11008
11012
11036
11047
11052
11141
11142
11162
11211
11217
11219
11244
11268
11270
11301
11340
11348
11370
11372
11397
11425
11446
11448
11458
11467
11477
11479
11500
11504
11514
11520
11544
11575
11584
11595
11603
11608
11621
11653
11700
11717
11727
11735
11770
11806
11821
11825
11834
11877
11881
11885
11905
11906
11954
11959
11969
11984
12059
12071
12142
12152
12174
12193
12202
12227
12287
12289
12334
12441
12474
12569
12570
12584
12675
12700
12740
12781
12842
12855
12893
12913
12936
12944
12968
12984
12990
13020
13056
13086
13093
13110
13115
13127
13140
13147
13179
13191
13249
13254
13295
13307
13391
13407
13466
13492
13520
13535
13598
13609
13620
13630
13649
13694
13753
13791
13796
13799
13806
13895
13941
13966
14002
14009
14012
14014
14047
14053
14067
14086
14088
14104
14126
14132
14151
14162
14168
14179
14240
14413
14445
14461
14470
14515
14530
14538
14587
14610
14646
14647
14677
14686
14729
14744
14752
14763
14777
14781
14829
14901
14903
14910
14915
14948
14969
14973
14990
15037
15134
15162
15176
15188
15193
15216
15224
15229
15231
15266
15317
15331
15344
15436
15441
15447
15453
15492
15555
15601
15607
15628
15634
15714
15792
15818
15828
15834
15862
15883
15915
15972
15973
16019
16096
16185
16224
16232
16235
16242
16284
16343
16375
16465
16492
16500
16502
16538
16539
16562
16564
16590
16595
16606
16634
16689
16733
16784
16802
16844
16872
16903
16926
16930
16937
16949
16967
16986
17000
17007
17026
17047
17048
17066
17078
17103
17110
17123
17133
17144
17206
17220
17281
17306
17322
17362
17380
17383
17385
17444
17458
17503
17521
17528
17538
17565
17573
17591
17596
17599
17615
17647
17670
17684
17707
17718
17726
17731
17736
17796
17826
17840
17851
17862
17873
17970
17971
17990
17995
18001
18022
18026
18032
18120
18145
18182
18208
18262
18263
18314
18325
18383
18405
18432
18444
18531
18567
18576
18593
18601
18610
18612
18627
18628
18681
18730
18748
18811
18814
18884
18890
18918
18930
19028
19031
19037
19067
19115
19155
19186
19196
19205
19239
19283
19289
19327
19331
19335
19431
19449
19488
19497
19511
19532
19533
19548
19570
19598
19605
19653
19655
19712
19719
19765
19808
19837
19843
19911
19953
19958
19997
20163
20184
20200
20238
20240
20261
20271
20324
20329
20348
20367
20370
20380
20416
20445
20449
20492
20502
20521
20527
20534
20550
20580
20628
20663
20708
20734
20742
20769
20776
20805
20812
20834
20840
20861
20868
20869
20872
20875
20882
20884
20936
20941
20944
20952
20984
21007
21009
21019
21037
21090
21091
21137
21179
21183
21189
21203
21237
21241
21266
21280
21291
21338
21339
21403
21404
21414
21418
21421
21454
21461
21539
21581
21599
21605
21614
21624
21652
21708
21715
21719
21729
21762
21768
21881
21904
21929
21994
22011
22016
22024
22079
22089
22138
22140
22152
22154
22158
22167
22220
22263
22284
22285
22288
22335
22341
22359
22369
22378
22412
22424
22432
22447
22456
22468
22482
22507
22513
22516
22567
22580
22599
22637
22644
22670
22723
22767
22774
22780
22781
22811
22828
22857
22860
22870
22883
22902
22915
22916
22949
22994
23042
23047
23090
23103
23168
23207
23210
23245
23262
23281
23320
23367
23396
23437
23446
23470
23501
23517
23523
23567
23580
23590
23599
23607
23624
23667
23684
23711
23802
23810
23821
23831
23837
23848
23859
23871
23890
23903
23938
23946
24028
24049
24055
24138
24142
24186
24223
24280
24321
24324
24330
24336
24378
24408
24453
24535
24587
24601
24624
24631
24683
24715
24724
24729
24740
24788
24879
24894
25002
25113
25126
25139
25144
25159
25179
25215
25217
25226
25260
25266
25353
25381
25388
25412
25452
25457
25511
25558
25592
25617
25642
25681
25684
25706
25751
25773
25802
25829
25886
25905
25923
25930
25932
25934
26038
26046
26064
26085
26089
26091
26160
26182
26202
26254
26318
26352
26427
26452
26464
26505
26555
26589
26596
26625
26647
26654
26661
26679
26705
26714
26731
26738
26752
26757
26771
26819
26825
26828
26890
26954
26992
27015
27030
27038
27050
27062
27093
27122
27138
27144
27146
27164
27183
27223
27224
27253
27262
27278
27295
27323
27383
27424
27484
27494
27508
27515
27524
27550
27582
27599
27630
27640
27665
27683
27712
27818
27834
27845
27859
27875
27877
27892
28012
28028
28044
28050
28075
28153
28219
28231
28257
28268
28302
28340
28346
28380
28388
28395
28430
28439
28484
28495
28565
28573
28588
28618
28619
28639
28649
28671
28695
28720
28727
28840
28841
28894
28932
28960
28966
28990
28998
29125
29172
29188
29197
29212
29239
29283
29315
29316
29343
29359
29379
29390
29400
29407
29421
29455
29472
29496
29499
29500
29505
29508
29510
29552
29614
29623
29660
29664
29666
29679
29688
29768
29783
29789
29829
29886
29893
29895
29928
29935
29944
29956
30007
30016
30043
30083
30105
30121
30144
30237
30244
30246
30301
30351
30362
30375
30389
30390
30395
30406
30418
30430
30431
30434
30440
30472
30483
30484
30499
30527
30561
30567
30593
30600
30631
30694
30718
30719
30762
30769
30772
30812
30851
30884
30892
30893
30941
30962
30973
30990
30991
31007
31060
31083
31102
31108
31122
31146
31158
31169
31260
31262
31277
31306
31331
31347
31374
31402
31408
31414
31418
31429
31433
31521
31527
31540
31589
31602
31652
31655
31725
31734
31741
31742
31745
31761
31812
31915
31935
31937
31962
31994
31999
32078
32103
32176
32207
32224
32245
32252
32284
32310
32357
32359
32364
32392
32423
32448
32499
32509
32555
32556
32622
32629
32637
32647
32659
32692
32695
32705
32740
32768
32775
32796
32824
32874
32901
32924
32933
32959
32987
32994
33003
33059
33079
33134
33175
33200
33210
33219
33222
33259
33261
33322
33326
33369
33378
33402
33406
33419
33431
33503
33511
33515
33543
33572
33586
33596
33605
33606
33629
33665
33674
33699
33724
33728
33766
33807
33855
33862
33876
33902
33928
33935
33942
33969
33971
33983
34045
34046
34095
34112
34173
34194
34253
34326
34333
34339
34347
34384
34405
34448
34465
34469
34486
34491
34493
34510
34524
34554
34557
34584
34586
34683
34741
34779
34793
34835
34839
34888
35040
35053
35102
35110
35129
35197
35222
35230
35255
35257
35271
35297
35317
35349
35446
35451
35497
35543
35551
35598
35600
35620
35627
35653
35684
35699
35745
35746
35760
35790
35798
35827
35839
35891
35911
35936
35941
35959
35960
36013
36027
36057
36134
36143
36148
36198
36205
36214
36220
36226
36248
36269
36298
36301
36313
36315
36320
36391
36422
36445
36467
36474
36486
36494
36590
36651
36697
36700
36704
36761
36769
36788
36816
36866
36892
36969
37005
37007
37043
37076
37096
37124
37144
37150
37177
37207
37224
37244
37252
37253
37312
37322
37334
37335
37457
37458
37459
37472
37475
37511
37513
37518
37523
37562
37566
37683
37716
37730
37734
37756
37761
37791
37805
37828
37890
37896
37904
38042
38072
38078
38094
38131
38204
38210
38235
38292
38301
38302
38308
38321
38332
38339
38360
38376
38404
38436
38506
38513
38518
38536
38540
38542
38548
38551
38609
38630
38660
38670
38697
38766
38798
38802
38860
38920
38930
38973
39014
39024
39032
39035
39053
39054
39127
39140
39156
39168
39176
39180
39190
39194
39223
39263
39304
39312
39331
39380
39385
39429
39466
39493
39500
39524
39575
39622
39630
39665
39669
39691
39781
39807
39875
39905
39906
39979
40000
40003
40030
40087
40098
40120
40153
40155
40158
40182
40223
40241
40309
40369
40373
40393
40401
40441
40448
40467
40489
40497
40515
40563
40566
40572
40633
40685
40714
40721
40728
40900
40901
40914
40996
41013
41028
41042
41070
41085
41086
41093
41163
41167
41179
41189
41198
41220
41333
41352
41371
41384
41391
41435
41438
41470
41498
41525
41541
41554
41590
41623
41644
41654
41658
41672
41691
41717
41734
41746
41806
41817
41950
42002
42029
42059
42088
42089
42091
42101
42182
42187
42217
42294
42338
42430
42483
42517
42595
42636
42653
42656
42711
42714
42746
42757
42778
42816
42827
42882
42901
42972
42974
42977
42994
43041
43069
43090
43096
43107
43126
43132
43203
43232
43243
43394
43395
43405
43446
43518
43532
43564
43580
43582
43645
43646
43664
43691
43703
43710
43728
43813
43825
43831
43839
43866
43882
43903
43953
44006
44021
44049
44058
44147
44165
44213
44226
44227
44247
44251
44259
44289
44345
44353
44363
44365
44389
44397
44407
44451
44489
44526
44543
44547
44571
44621
44671
44684
44730
44741
44799
44810
44828
44845
44853
44866
44876
45018
45029
45058
45114
45127
45164
45180
45182
45193
45213
45248
45249
45251
45292
45323
45344
45347
45403
45409
45422
45443
45451
45452
45489
45516
45548
45636
45726
45729
45758
45797
45844
45856
45864
45883
45895
45902
45936
45941
45947
45983
45990
45991
46042
46059
46114
46179
46209
46215
46248
46253
46275
46347
46348
46379
46459
46461
46512
46542
46587
46595
46661
46679
46702
46717
46718
46728
46744
46758
46762
46793
46840
46847
46870
46883
46921
46922
46950
46982
46984
46999
47001
47029
47047
47060
47079
47129
47138
47177
47188
47211
47212
47224
47243
47267
47275
47282
47296
47323
47402
47462
47466
47469
47568
47612
47622
47653
47705
47753
47754
47785
47858
47892
47909
47910
47951
48026
48053
48064
48067
48072
48077
48105
48124
48129
48173
48197
48262
48267
48269
48291
48312
48328
48345
48365
48417
48448
48457
48472
48491
48505
48507
48508
48521
48551
48582
48611
48651
48671
48688
48710
48783
48830
48844
48852
48857
48908
48938
49000
49002
49023
49028
49038
49043
49045
49075
49076
49096
49100
49115
49122
49138
49175
49177
49192
49197
49223
49228
49248
49291
49339
49359
49363
49400
49423
49437
49456
49461
49462
49498
49501
49560
49578
49583
49587
49607
49617
49621
49622
49636
49667
49677
49694
49698
49706
49722
49729
49753
49775
49807
49812
49855
49908
49918
49923
49957
49965
49979
