62
68
70
90
95
156
164
182
191
222
267
278
323
393
427
454
470
481
493
542
566
580
584
589
600
654
659
663
696
719
813
824
866
893
991
1002
1004
1012
1019
1052
1109
1137
1168
1169
1206
1223
1232
1250
1251
1264
1305
1326
1330
1331
1345
1440
1485
1490
1497
1521
1527
1569
1586
1629
1667
1670
1682
1699
1735
1745
1748
1749
1807
1824
1827
1868
1902
1909
1923
1933
1963
1998
2013
2021
2053
2136
2168
2206
2233
2241
2250
2316
2360
2387
2417
2526
2539
2563
2580
2589
2603
2633
2638
2648
2659
2662
2673
2680
2712
2726
2739
2757
2839
2872
2876
2895
2914
2973
2980
3038
3040
3068
3071
3076
3160
3180
3182
3209
3246
3274
3316
3405
3408
3468
3475
3488
3530
3545
3576
3581
3641
3650
3653
3687
3704
3714
3723
3732
3744
3760
3771
3811
3813
3816
3892
3899
3901
3905
3926
3939
3994
4036
4069
4083
4088
4118
4230
4235
4236
4245
4278
4335
4344
4346
4347
4386
4389
4391
4409
4418
4423
4437
4457
4508
4532
4561
4589
4609
4620
4646
4661
4693
4701
4714
4723
4735
4797
4812
4823
4945
4946
4962
4971
5017
5048
5110
5130
5175
5247
5256
5281
5301
5321
5365
5408
5460
5476
5507
5509
5558
5560
5614
5628
5640
5731
5749
5781
5789
5793
5830
5872
5941
5944
5953
5971
6022
6060
6159
6161
6162
6168
6179
6182
6242
6262
6268
6269
6271
6277
6321
6330
6343
6344
6376
6378
6394
6454
6466
6527
6606
6608
6622
6684
6694
6742
6757
6776
6784
6839
6861
6909
6916
6932
6936
6943
6965
6991
7085
7091
7153
7172
7262
7300
7328
7348
7370
7390
7428
7442
7446
7473
7497
7520
7553
7558
7601
7621
7654
7684
7726
7754
7775
7787
7829
7865
7876
7945
7949
7958
7979
8031
8043
8079
8085
8108
8151
8157
8163
8176
8209
8245
8261
8267
8283
8294
8317
8326
8361
8385
8394
8397
8414
8429
8437
8451
8464
8466
8467
8517
8522
8541
8553
8554
8617
8636
8663
8667
8728
8763
8794
8803
8831
8837
8891
8950
8969
8975
8985
9007
9023
9036
9087
9127
9165
9170
9179
9181
9207
9219
9287
9303
9365
9376
9384
9390
9401
9423
9465
9497
9516
9536
9551
9559
9585
9586
9643
9685
9765
9836
9884
9895
9900
9923
9926
9927
9931
9953
9961
10008
10009
10027
10033
10041
10044
10086
10116
10207
10218
10248
10272
10276
10288
10292
10295
10298
10345
10347
10356
10366
10381
10408
10445
10462
10465
10494
10497
10532
10583
10604
10633
10646
10647
10708
10711
10742
10751
10762
10775
10806
10808
10827
10850
10878
10968
10991
11010
11016
11020
11067
11083
11091
11107
11116
11123
11147
11150
11187
11188
11231
11238
11251
11312
11313
11335
11400
11402
11432
11458
11470
11498
11539
11553
11564
11612
11613
11642
11656
11673
11729
11850
11864
11877
11883
11908
11969
12024
12059
12071
12131
12132
12147
12210
12215
12231
12252
12264
12266
12346
12347
12401
12403
12408
12418
12421
12433
12453
12512
12569
12600
12676
12731
12733
12746
12773
12833
12834
12923
12925
12994
13003
13042
13073
13106
13170
13230
13258
13298
13326
13368
13384
13388
13410
13441
13445
13471
13499
13501
13550
13557
13588
13597
13686
13699
13728
13753
13781
13834
13839
13862
13866
13869
13870
13880
13884
13889
13903
13944
13957
13987
13997
13999
14017
14019
14023
14061
14129
14135
14148
14156
14163
14164
14219
14262
14366
14387
14466
14569
14590
14594
14608
14639
14703
14704
14749
14750
14786
14859
14865
14907
14920
14949
14962
14995
15020
15034
15053
15065
15086
15106
15109
15199
15261
15320
15328
15334
15380
15415
15431
15470
15491
15493
15500
15559
15567
15599
15614
15662
15676
15715
15735
15783
15824
15836
15857
15887
15890
15946
15988
16029
16050
16073
16083
16092
16110
16116
16152
16168
16180
16236
16239
16271
16296
16310
16314
16320
16332
16378
16379
16386
16392
16408
16418
16427
16430
16481
16497
16514
16538
16579
16626
16637
16693
16783
16792
16814
16855
16862
16867
16869
16895
16910
16917
16936
16954
16957
16972
17103
17170
17183
17203
17215
17241
17243
17253
17271
17312
17314
17474
17502
17524
17567
17581
17593
17603
17695
17716
17720
17723
17730
17734
17754
17764
17773
17801
17814
17841
17861
17903
17915
17955
17984
18020
18068
18125
18127
18150
18185
18217
18227
18265
18300
18304
18323
18341
18371
18385
18388
18459
18493
18508
18513
18526
18545
18552
18553
18575
18597
18661
18678
18683
18689
18696
18742
18768
18780
18810
18812
18817
18820
18884
18886
18898
18940
18953
18960
19010
19027
19084
19085
19099
19141
19171
19186
19194
19196
19202
19253
19260
19261
19282
19286
19331
19336
19337
19400
19424
19425
19435
19441
19510
19515
19529
19530
19537
19547
19610
19649
19665
19670
19716
19729
19780
19798
19817
19839
19948
19992
20042
20062
20105
20134
20148
20154
20193
20219
20243
20284
20291
20300
20315
20350
20369
20427
20439
20611
20619
20630
20638
20639
20723
20738
20757
20783
20789
20811
20843
20849
20870
20872
20875
20884
20888
20898
20937
20942
20971
20985
21001
21058
21071
21093
21098
21099
21112
21123
21204
21208
21209
21212
21237
21248
21254
21321
21351
21387
21388
21392
21481
21484
21489
21498
21524
21578
21591
21592
21604
21615
21617
21645
21648
21666
21677
21710
21717
21719
21732
21768
21835
21893
21929
21938
21998
22046
22048
22100
22151
22204
22240
22273
22279
22280
22307
22341
22357
22388
22391
22397
22402
22409
22422
22433
22478
22505
22516
22528
22549
22564
22567
22574
22578
22606
22642
22658
22678
22686
22692
22697
22703
22714
22819
22833
22855
22881
22897
22898
22899
22900
22923
22930
22974
23018
23081
23178
23190
23197
23216
23219
23288
23350
23367
23369
23386
23392
23418
23439
23480
23502
23506
23554
23577
23581
23614
23616
23640
23655
23736
23791
23799
23809
23867
23871
23891
23905
23940
23996
24040
24058
24063
24067
24075
24084
24086
24134
24135
24140
24158
24165
24180
24195
24243
24252
24288
24300
24308
24313
24343
24394
24396
24398
24423
24429
24470
24478
24499
24504
24508
24536
24538
24584
24596
24622
24627
24638
24642
24665
24681
24730
24769
24791
24841
24867
24875
24878
24893
24922
24975
24985
24995
25003
25004
25016
25040
25102
25131
25160
25181
25249
25310
25363
25375
25382
25408
25419
25435
25444
25465
25486
25503
25551
25557
25597
25603
25635
25638
25679
25693
25727
25801
25824
25832
25834
25844
25886
25894
25921
25925
25982
26002
26004
26007
26047
26049
26082
26084
26126
26140
26218
26227
26234
26254
26287
26305
26430
26497
26508
26566
26573
26574
26626
26629
26634
26653
26681
26687
26699
26714
26718
26747
26757
26861
26905
26939
27026
27049
27054
27097
27102
27111
27174
27214
27215
27239
27247
27249
27263
27318
27330
27339
27341
27346
27356
27390
27400
27460
27483
27491
27502
27524
27538
27563
27573
27617
27623
27650
27712
27735
27796
27799
27816
27861
27886
27908
27920
27922
27924
27976
28013
28031
28056
28104
28164
28177
28183
28236
28244
28262
28283
28349
28354
28381
28413
28455
28468
28495
28509
28534
28567
28599
28615
28629
28665
28677
28702
28729
28827
28871
28982
29014
29024
29027
29037
29065
29157
29173
29202
29209
29231
29263
29301
29333
29337
29351
29402
29414
29489
29490
29493
29510
29597
29630
29642
29665
29672
29679
29692
29733
29754
29794
29800
29841
29851
29969
30001
30006
30083
30137
30178
30184
30227
30230
30264
30283
30288
30296
30298
30306
30362
30443
30454
30474
30498
30526
30573
30589
30596
30625
30627
30634
30650
30670
30695
30714
30727
30749
30766
30768
30793
30795
30807
30844
30864
30877
30912
30958
30981
31003
31126
31127
31150
31185
31216
31228
31259
31278
31292
31382
31388
31390
31475
31570
31589
31605
31627
31632
31673
31677
31686
31725
31732
31773
31791
31795
31800
31836
31844
31910
31926
31930
31940
31960
31963
31966
31981
31997
32029
32053
32061
32101
32133
32158
32209
32214
32215
32247
32251
32276
32321
32338
32344
32418
32437
32443
32445
32458
32530
32590
32591
32603
32612
32642
32653
32722
32724
32774
32793
32806
32822
32832
32845
32908
32912
32957
32959
32986
33006
33033
33055
33117
33165
33168
33173
33205
33220
33257
33260
33324
33353
33386
33397
33424
33448
33494
33502
33547
33579
33611
33653
33705
33717
33752
33759
33771
33797
33821
33824
33855
33873
33921
33988
33990
34022
34073
34110
34121
34148
34160
34165
34173
34177
34206
34289
34317
34353
34373
34483
34505
34536
34550
34556
34575
34652
34705
34782
34826
34828
34829
34863
34880
34885
34911
34933
34982
35005
35006
35058
35069
35073
35078
35083
35093
35125
35134
35156
35164
35186
35187
35192
35210
35271
35388
35390
35400
35413
35496
35501
35522
35523
35568
35576
35640
35730
35731
35818
35834
35839
35875
35891
35905
35914
35973
35991
35992
36065
36094
36128
36188
36238
36258
36263
36290
36314
36325
36345
36363
36376
36384
36431
36445
36481
36505
36609
36686
36707
36729
36745
36746
36751
36757
36809
36829
36838
36840
36874
36941
36949
36980
37003
37041
37065
37082
37107
37196
37200
37208
37236
37264
37273
37278
37295
37308
37328
37336
37338
37353
37363
37366
37386
37394
37434
37438
37514
37535
37538
37548
37574
37582
37599
37610
37628
37634
37643
37646
37655
37699
37728
37738
37762
37782
37813
37847
37914
37947
37966
38012
38014
38100
38108
38184
38244
38292
38328
38361
38384
38426
38442
38446
38475
38486
38530
38614
38629
38647
38657
38729
38733
38734
38772
38820
38847
38863
38912
38970
38989
39026
39073
39106
39133
39156
39195
39273
39295
39356
39363
39365
39424
39425
39434
39490
39494
39504
39526
39568
39587
39624
39654
39656
39691
39730
39757
39772
39848
39861
39863
39870
39892
40051
40079
40080
40083
40101
40105
40139
40201
40206
40209
40211
40216
40225
40240
40270
40296
40299
40311
40333
40351
40361
40473
40483
40488
40489
40529
40532
40535
40549
40585
40617
40644
40655
40658
40667
40725
40738
40775
40780
40819
40837
40850
40867
40903
40942
40951
40952
41054
41063
41067
41074
41092
41147
41175
41220
41225
41276
41307
41349
41387
41397
41405
41496
41508
41519
41544
41590
41607
41616
41627
41630
41640
41660
41678
41743
41756
41770
41799
41815
41826
41832
41840
41847
41890
41894
41927
41930
41957
41971
41986
42080
42090
42131
42133
42140
42172
42176
42188
42224
42240
42249
42277
42335
42348
42376
42385
42395
42407
42464
42495
42498
42509
42577
42584
42618
42633
42692
42758
42775
42799
42824
42838
42847
42856
42871
42894
42926
42959
42995
42997
43006
43126
43138
43153
43162
43173
43185
43241
43265
43323
43341
43353
43356
43371
43374
43375
43400
43436
43516
43534
43537
43541
43554
43556
43573
43588
43666
43675
43708
43719
43736
43772
43793
43805
43815
43857
43860
43862
43889
43893
43906
43912
43936
43958
43992
44035
44037
44041
44046
44054
44068
44074
44089
44098
44112
44116
44125
44136
44139
44186
44188
44208
44213
44258
44262
44264
44272
44299
44301
44319
44320
44321
44383
44417
44426
44482
44506
44522
44540
44550
44623
44626
44645
44659
44665
44689
44706
44822
44836
44876
44886
44890
44918
44946
44994
45017
45042
45052
45083
45095
45096
45101
45153
45179
45180
45195
45201
45214
45251
45278
45308
45315
45350
45368
45448
45467
45535
45539
45550
45555
45620
45645
45700
45745
45750
45754
45805
45812
45880
45886
45898
45917
45944
45955
45956
45965
45979
46014
46015
46022
46188
46250
46369
46401
46425
46426
46451
46460
46469
46498
46516
46533
46555
46587
46691
46765
46813
46816
46818
46829
46884
46917
46956
46960
47056
47058
47076
47084
47087
47107
47112
47113
47128
47248
47291
47303
47327
47391
47404
47456
47466
47504
47513
47529
47550
47575
47588
47611
47617
47648
47651
47653
47686
47715
47734
47736
47744
47769
47785
47803
47804
47820
47828
47843
47870
47875
47878
47886
47897
47904
47907
47930
47943
47945
47967
47975
48010
48015
48088
48090
48091
48097
48121
48184
48185
48194
48212
48266
48275
48277
48283
48284
48335
48358
48397
48402
48413
48424
48427
48459
48472
48497
48578
48586
48591
48609
48680
48686
48723
48728
48759
48764
48769
48771
48788
48804
48859
48949
48988
49059
49080
49083
49154
49155
49158
49159
49179
49243
49260
49278
49305
49353
49383
49398
49402
49439
49492
49511
49556
49599
49600
49602
49622
49631
49645
49662
49673
49674
49745
49748
49821
49837
49891
49961
49993
