10
36
49
135
140
147
171
173
185
217
245
252
253
359
375
387
391
392
432
449
509
525
539
540
572
612
618
653
682
699
731
755
795
903
930
986
1013
1051
1068
1092
1105
1202
1256
1261
1298
1309
1348
1382
1404
1414
1428
1447
1450
1484
1519
1524
1696
1740
1741
1778
1784
1785
1790
1803
1805
1832
1870
1905
1917
1929
1954
1959
1995
2070
2071
2080
2087
2090
2122
2148
2152
2158
2167
2200
2203
2217
2235
2237
2243
2244
2265
2274
2414
2416
2424
2481
2498
2514
2521
2526
2528
2547
2559
2571
2605
2617
2622
2641
2682
2689
2692
2702
2705
2724
2767
2774
2775
2814
2835
2837
2848
2849
2855
2857
2928
2937
2974
2975
2994
3086
3104
3119
3132
3135
3247
3341
3380
3434
3453
3456
3462
3467
3517
3543
3553
3617
3631
3634
3651
3696
3700
3840
3841
3896
3909
3944
3963
4007
4027
4038
4051
4078
4093
4167
4176
4182
4199
4203
4224
4250
4265
4274
4303
4350
4370
4375
4399
4400
4433
4437
4462
4541
4560
4572
4646
4663
4676
4682
4746
4747
4756
4771
4789
4799
4803
4819
4851
4871
4876
4886
4893
4905
4908
4939
4945
4967
5030
5092
5111
5114
5121
5145
5151
5156
5173
5176
5212
5226
5249
5336
5353
5375
5386
5392
5396
5460
5490
5549
5555
5580
5597
5600
5619
5638
5656
5686
5688
5698
5737
5740
5749
5823
5888
5895
5896
5911
6020
6024
6028
6030
6036
6101
6113
6137
6144
6159
6178
6210
6215
6219
6251
6257
6275
6280
6316
6346
6408
6474
6487
6502
6527
6551
6613
6620
6622
6679
6705
6745
6759
6779
6833
6921
6950
6978
7009
7011
7027
7029
7041
7051
7053
7103
7105
7141
7161
7246
7260
7315
7326
7329
7339
7340
7367
7402
7419
7442
7482
7509
7523
7528
7569
7579
7588
7677
7687
7740
7754
7776
7785
7797
7875
7919
7957
7958
8009
8027
8039
8040
8053
8073
8091
8108
8160
8197
8205
8223
8240
8293
8305
8306
8315
8362
8366
8400
8421
8434
8449
8462
8482
8495
8512
8607
8685
8716
8726
8728
8798
8808
8825
8828
8834
8835
8841
8844
8856
8917
8921
8927
8974
8975
9042
9078
9103
9112
9125
9143
9150
9166
9171
9176
9199
9304
9324
9331
9350
9375
9376
9399
9469
9475
9486
9495
9525
9623
9629
9649
9668
9735
9738
9762
9778
9802
9826
9834
9845
9849
9889
9926
9942
9955
9960
9964
9977
9987
10014
10016
10109
10125
10178
10194
10239
10241
10293
10364
10386
10413
10446
10476
10479
10484
10487
10518
10522
10531
10564
10582
10607
10609
10627
10630
10632
10637
10675
10719
10758
10767
10774
10784
10812
10826
10831
10851
10927
10956
10960
10980
11010
11031
11038
11044
11046
11061
11062
11065
11106
11114
11140
11144
11215
11218
11232
11236
11269
11297
11309
11326
11330
11353
11379
11403
11415
11419
11441
11451
11488
11505
11545
11548
11578
11589
11606
11617
11673
11699
11711
11723
11739
11740
11747
11749
11805
11821
11858
11879
11893
11898
11915
11926
11936
11959
11977
11985
12005
12052
12073
12141
12163
12206
12236
12252
12291
12318
12369
12378
12415
12430
12468
12530
12590
12631
12650
12657
12691
12700
12711
12727
12750
12790
12791
12811
12825
12839
12866
12907
12913
12965
12969
12988
13002
13092
13106
13117
13120
13139
13143
13238
13281
13287
13292
13307
13329
13334
13368
13376
13419
13421
13445
13458
13510
13531
13535
13572
13620
13634
13639
13640
13655
13656
13687
13706
13709
13724
13738
13744
13757
13759
13764
13800
13801
13815
13817
13842
13844
13878
13889
13962
13965
14004
14008
14024
14058
14071
14112
14165
14176
14180
14188
14190
14198
14223
14228
14235
14243
14246
14303
14307
14317
14325
14344
14358
14365
14395
14398
14402
14405
14406
14418
14465
14487
14533
14547
14560
14565
14570
14619
14620
14626
14643
14669
14693
14722
14732
14754
14755
14757
14769
14793
14797
14832
14840
14887
14905
14913
14955
14962
15010
15048
15055
15082
15103
15151
15174
15180
15200
15212
15321
15393
15404
15499
15510
15518
15554
15602
15613
15621
15625
15638
15683
15702
15759
15768
15786
15809
15815
15830
15864
15875
15941
15955
15959
15978
15985
15997
16020
16111
16115
16128
16148
16192
16199
16320
16356
16397
16432
16445
16501
16532
16606
16608
16615
16620
16627
16667
16694
16698
16715
16726
16740
16745
16750
16768
16770
16821
16849
16931
16961
17005
17019
17047
17070
17077
17123
17131
17179
17201
17271
17278
17296
17337
17340
17343
17417
17440
17498
17554
17605
17639
17643
17647
17686
17745
17753
17792
17804
17818
17851
17869
17898
17902
17922
17963
17979
17989
18021
18039
18045
18118
18121
18160
18171
18202
18248
18250
18253
18281
18292
18358
18361
18461
18486
18514
18522
18534
18558
18572
18614
18628
18652
18692
18707
18708
18742
18785
18856
18864
18920
18961
18963
19080
19118
19121
19202
19229
19242
19294
19385
19390
19412
19413
19417
19519
19573
19584
19597
19618
19624
19641
19644
19658
19714
19723
19742
19745
19752
19765
19779
19793
19817
19818
19864
19871
19911
19936
19965
20029
20061
20074
20125
20149
20180
20184
20194
20214
20235
20242
20244
20248
20253
20287
20290
20302
20303
20305
20339
20350
20375
20384
20417
20468
20496
20617
20655
20668
20694
20724
20741
20785
20818
20829
20835
20836
20855
20879
20909
20945
21011
21083
21090
21101
21241
21291
21325
21344
21377
21387
21413
21427
21469
21471
21488
21544
21619
21620
21678
21684
21732
21794
21816
21893
21914
21929
21991
22015
22047
22051
22053
22054
22062
22142
22144
22148
22314
22351
22358
22380
22385
22395
22400
22437
22485
22494
22503
22545
22577
22630
22642
22709
22747
22769
22836
22846
22871
22872
22903
23022
23080
23099
23120
23129
23147
23152
23197
23207
23227
23246
23248
23254
23298
23321
23382
23385
23400
23414
23437
23464
23474
23495
23530
23588
23590
23624
23635
23668
23730
23738
23739
23756
23765
23788
23877
23918
23920
23944
23954
23961
23987
24012
24023
24028
24100
24101
24136
24142
24164
24245
24263
24286
24310
24421
24429
24434
24448
24492
24498
24506
24567
24573
24602
24828
24850
24859
24865
24868
24885
24890
24930
24948
24981
25001
25027
25046
25060
25117
25124
25139
25161
25191
25201
25240
25258
25272
25286
25342
25456
25467
25483
25485
25523
25573
25616
25629
25705
25719
25724
25729
25746
25779
25821
25825
25838
25840
25868
25872
25917
25953
25965
25976
25985
26013
26014
26020
26067
26071
26136
26149
26151
26161
26164
26188
26192
26205
26263
26315
26325
26353
26363
26383
26395
26406
26443
26449
26518
26522
26559
26578
26599
26602
26608
26616
26632
26735
26740
26772
26793
26847
26961
26994
26998
27003
27043
27067
27124
27159
27191
27200
27225
27280
27289
27296
27312
27330
27347
27390
27403
27417
27449
27460
27467
27474
27484
27541
27569
27578
27597
27604
27605
27607
27637
27640
27647
27686
27693
27700
27723
27737
27744
27758
27771
27793
27795
27796
27798
27802
27804
27830
27890
27956
27968
27992
28066
28083
28089
28171
28172
28220
28235
28239
28251
28277
28294
28299
28322
28342
28345
28427
28443
28505
28509
28584
28616
28638
28649
28653
28717
28731
28758
28792
28817
28835
28865
28906
28936
28943
28973
28974
28994
29030
29086
29114
29129
29145
29151
29169
29187
29210
29230
29252
29264
29291
29334
29337
29403
29404
29442
29449
29450
29493
29495
29501
29602
29612
29620
29664
29669
29671
29707
29770
29783
29790
29797
29803
29827
29830
29842
29847
29866
29907
29913
29918
29927
29933
30036
30047
30075
30127
30226
30232
30301
30311
30319
30342
30382
30453
30459
30462
30481
30533
30538
30542
30587
30596
30610
30650
30671
30701
30736
30777
30815
30822
30874
30918
30938
30965
30970
30994
30996
31051
31059
31097
31121
31131
31143
31152
31184
31225
31238
31272
31328
31338
31368
31404
31409
31442
31552
31558
31577
31582
31602
31603
31604
31635
31693
31722
31740
31745
31762
31766
31815
31823
31830
31831
31850
31857
31924
31926
32006
32041
32042
32072
32091
32111
32119
32240
32257
32293
32378
32409
32424
32441
32449
32469
32472
32518
32543
32578
32598
32603
32614
32626
32664
32674
32765
32796
32857
32882
32900
32919
32928
32973
33004
33015
33034
33039
33094
33114
33125
33134
33138
33153
33176
33193
33238
33313
33344
33345
33405
33420
33515
33552
33568
33580
33587
33592
33597
33598
33633
33779
33798
33856
33869
33916
33973
33986
34032
34056
34121
34168
34195
34223
34225
34253
34267
34296
34336
34357
34436
34449
34462
34494
34512
34518
34589
34594
34602
34623
34648
34654
34658
34690
34751
34841
34844
34861
34926
34941
34994
34995
35086
35109
35144
35184
35215
35252
35253
35256
35263
35294
35316
35341
35352
35355
35380
35411
35412
35423
35437
35462
35479
35546
35569
35588
35610
35646
35688
35708
35711
35761
35766
35773
35774
35796
35832
35843
35859
35877
35882
35887
35900
35929
35947
35959
35971
36048
36049
36064
36094
36171
36193
36201
36244
36253
36276
36320
36333
36414
36495
36512
36526
36539
36585
36587
36590
36602
36617
36732
36739
36791
36793
36848
36884
36953
36954
37021
37057
37081
37084
37112
37113
37152
37156
37184
37236
37240
37259
37274
37298
37330
37470
37481
37565
37580
37610
37633
37638
37649
37675
37676
37691
37701
37776
37783
37790
37801
37811
37835
37886
37903
37915
37934
37958
38001
38009
38023
38031
38068
38106
38151
38155
38195
38200
38238
38247
38262
38305
38307
38440
38455
38462
38467
38486
38521
38574
38585
38594
38610
38643
38663
38669
38697
38748
38779
38789
38798
38815
38853
38877
38881
38906
38917
38926
38940
38943
39037
39061
39078
39144
39152
39153
39172
39185
39215
39242
39247
39248
39329
39340
39358
39389
39390
39409
39435
39448
39464
39477
39502
39557
39568
39600
39625
39712
39745
39760
39801
39891
39923
39947
39972
40002
40069
40087
40119
40149
40191
40203
40241
40249
40261
40278
40297
40369
40384
40414
40415
40445
40456
40461
40475
40478
40486
40494
40534
40603
40627
40676
40710
40796
40807
40818
40823
40847
40848
40855
40873
40900
40965
40971
41028
41034
41056
41071
41076
41078
41096
41118
41127
41137
41144
41167
41169
41170
41179
41195
41228
41229
41230
41256
41257
41269
41272
41283
41304
41374
41383
41398
41411
41470
41479
41487
41582
41585
41590
41607
41612
41627
41652
41661
41681
41682
41684
41698
41737
41750
41757
41762
41771
41781
41806
41832
41852
41891
41902
41917
41918
41931
41936
41937
41967
42000
42011
42015
42041
42054
42064
42071
42130
42155
42172
42199
42201
42233
42278
42279
42292
42309
42362
42382
42425
42476
42518
42541
42542
42570
42595
42598
42614
42688
42696
42702
42719
42726
42731
42742
42756
42769
42784
42918
42983
42994
43017
43048
43061
43122
43130
43131
43152
43177
43215
43230
43261
43275
43297
43326
43335
43355
43368
43369
43376
43380
43387
43425
43429
43441
43448
43453
43483
43510
43519
43570
43571
43584
43590
43634
43659
43672
43698
43710
43785
43842
43878
43879
43899
43911
43918
43928
43945
44002
44019
44037
44044
44063
44085
44091
44143
44162
44215
44244
44249
44313
44348
44358
44368
44450
44458
44463
44469
44512
44553
44556
44562
44602
44603
44606
44622
44671
44673
44675
44681
44750
44786
44811
44854
44866
44888
44896
44958
44965
44982
44988
45012
45019
45055
45058
45122
45207
45299
45329
45341
45355
45373
45394
45398
45490
45519
45588
45593
45637
45645
45654
45704
45725
45779
45783
45787
45843
45857
45879
45907
45912
45936
45937
45957
45982
46027
46033
46061
46125
46126
46162
46164
46190
46196
46206
46280
46288
46300
46307
46315
46322
46345
46368
46385
46397
46447
46464
46466
46469
46562
46567
46576
46621
46647
46657
46713
46727
46744
46745
46851
46876
46890
46896
46921
46934
46943
46954
46968
46994
47030
47042
47086
47109
47189
47201
47204
47254
47275
47284
47297
47299
47358
47383
47391
47499
47506
47519
47596
47628
47650
47651
47678
47695
47819
47860
47864
47865
47875
47907
47934
47948
47995
48028
48078
48154
48166
48193
48209
48227
48317
48333
48354
48407
48424
48452
48458
48470
48500
48509
48518
48529
48547
48551
48591
48603
48731
48772
48802
48885
48909
48942
48999
49016
49027
49073
49091
49105
49109
49121
49156
49165
49190
49194
49280
49281
49289
49347
49399
49404
49453
49514
49531
49538
49543
49581
49588
49612
49647
49696
49774
49777
49795
49801
49808
49832
49841
49851
49858
49860
49882
49948
49969
49994
