69
90
128
189
191
199
296
317
322
333
340
352
373
378
411
440
448
459
481
566
568
578
602
646
687
691
724
735
821
894
911
961
962
1050
1051
1053
1056
1090
1094
1095
1109
1115
1121
1134
1149
1156
1157
1162
1215
1217
1231
1240
1242
1278
1296
1317
1350
1359
1379
1434
1440
1488
1540
1543
1548
1560
1568
1583
1629
1656
1721
1726
1730
1741
1773
1797
1827
1868
1869
1878
1902
1910
1928
1937
1948
1960
1963
1973
2020
2047
2053
2082
2121
2145
2190
2225
2228
2257
2261
2267
2304
2345
2400
2433
2443
2478
2528
2538
2546
2584
2599
2607
2659
2660
2726
2765
2776
2781
2838
2848
2886
2897
2906
2922
2923
2928
2960
2961
2971
2999
3103
3107
3111
3133
3197
3217
3245
3248
3291
3313
3317
3356
3357
3450
3477
3479
3509
3523
3616
3623
3642
3726
3768
3804
3830
3848
3877
3883
3892
3895
3906
3916
3989
3997
4034
4047
4072
4075
4105
4113
4257
4292
4333
4356
4366
4385
4457
4505
4529
4646
4687
4730
4741
4788
4793
4802
4830
4926
4931
4957
4959
4974
4993
4997
5049
5096
5130
5143
5144
5152
5156
5183
5195
5208
5219
5228
5238
5240
5282
5344
5363
5370
5419
5449
5503
5532
5549
5608
5618
5619
5662
5670
5711
5713
5714
5742
5753
5757
5850
5858
5912
5959
5975
6006
6008
6009
6057
6090
6092
6093
6149
6207
6314
6322
6330
6369
6392
6453
6482
6620
6633
6671
6696
6718
6721
6734
6750
6775
6784
6790
6799
6801
6805
6872
6938
7018
7027
7084
7105
7130
7150
7161
7167
7204
7205
7214
7295
7300
7306
7319
7336
7340
7342
7378
7406
7413
7417
7476
7477
7494
7515
7562
7569
7604
7624
7654
7656
7677
7702
7733
7739
7766
7802
7874
7879
7922
7985
8009
8095
8155
8214
8248
8357
8371
8381
8386
8391
8396
8397
8404
8442
8479
8489
8538
8544
8545
8556
8571
8580
8599
8646
8658
8673
8681
8688
8700
8703
8713
8755
8769
8813
8822
8846
8864
8867
8882
8897
8957
9033
9042
9047
9067
9124
9152
9173
9298
9322
9338
9342
9345
9346
9390
9414
9442
9454
9520
9539
9612
9636
9652
9658
9668
9681
9707
9712
9760
9783
9825
9852
9854
9866
9921
9923
9935
9940
10043
10050
10099
10165
10170
10172
10203
10248
10265
10297
10317
10322
10331
10353
10359
10362
10403
10411
10424
10432
10453
10500
10514
10541
10552
10555
10562
10595
10648
10667
10692
10765
10789
10799
10812
10813
10832
10883
10891
10895
10906
10916
10919
10972
11017
11055
11059
11136
11151
11157
11196
11224
11238
11247
11290
11293
11309
11312
11332
11366
11382
11388
11402
11483
11499
11518
11542
11555
11576
11595
11622
11623
11625
11634
11640
11660
11663
11669
11680
11732
11773
11791
11804
11805
11809
11821
11827
11866
11933
11964
11996
12057
12120
12158
12160
12182
12209
12238
12310
12342
12386
12465
12466
12475
12486
12552
12585
12588
12616
12620
12648
12657
12695
12698
12716
12749
12753
12775
12792
12813
12847
12862
12968
13021
13023
13047
13065
13066
13076
13104
13148
13183
13187
13200
13222
13226
13245
13274
13321
13342
13348
13350
13424
13439
13460
13514
13582
13619
13693
13714
13722
13789
13794
13813
13882
13926
13937
13939
13962
13965
13966
13987
14001
14002
14012
14039
14065
14074
14133
14166
14169
14214
14222
14228
14238
14244
14250
14257
14260
14297
14316
14335
14337
14451
14463
14482
14483
14489
14495
14527
14531
14534
14589
14594
14624
14627
14718
14785
14786
14813
14830
14843
14878
14937
15020
15038
15053
15054
15089
15100
15116
15145
15162
15184
15253
15257
15261
15322
15389
15402
15420
15473
15527
15577
15610
15618
15636
15637
15688
15696
15737
15750
15753
15760
15789
15827
15898
15906
15923
15946
16028
16042
16107
16114
16156
16169
16190
16191
16204
16217
16219
16251
16265
16269
16291
16305
16326
16350
16386
16392
16440
16448
16452
16463
16551
16615
16633
16643
16659
16688
16744
16766
16813
16838
16861
16862
16895
16970
16989
16994
17018
17032
17061
17083
17108
17142
17158
17167
17182
17203
17214
17230
17295
17309
17354
17486
17534
17556
17574
17579
17590
17669
17706
17720
17742
17818
17831
17861
17877
17893
17944
17962
17978
18007
18087
18147
18208
18245
18310
18377
18383
18394
18422
18482
18559
18565
18651
18668
18670
18699
18728
18745
18771
18800
18844
18862
18882
18946
18948
18968
18970
18975
18990
18998
19031
19052
19069
19070
19104
19146
19187
19198
19211
19231
19260
19273
19285
19305
19308
19318
19326
19329
19352
19353
19360
19375
19406
19456
19462
19475
19501
19511
19514
19557
19577
19612
19623
19652
19660
19696
19721
19753
19760
19762
19811
19825
19826
19829
19853
19906
19917
19923
19947
19951
19960
19977
19978
20000
20004
20013
20018
20063
20075
20141
20152
20166
20176
20194
20205
20243
20255
20349
20351
20377
20394
20398
20414
20428
20445
20614
20616
20618
20629
20643
20707
20722
20723
20747
20809
20877
20889
20900
20918
20951
20952
20965
20987
21016
21019
21025
21091
21104
21113
21141
21148
21166
21172
21189
21197
21207
21239
21262
21267
21283
21291
21299
21304
21340
21377
21399
21418
21488
21530
21615
21634
21742
21759
21812
21832
21851
21878
21888
21910
21929
21938
21969
22028
22101
22138
22158
22184
22225
22233
22244
22326
22346
22369
22378
22392
22414
22432
22433
22482
22503
22542
22608
22609
22613
22614
22678
22684
22746
22766
22775
22793
22864
22867
22883
22925
22969
23012
23014
23062
23075
23082
23094
23099
23159
23209
23249
23283
23296
23308
23332
23350
23351
23369
23458
23462
23484
23548
23555
23560
23584
23594
23615
23638
23668
23677
23743
23838
23863
23870
23882
23891
23895
23905
23917
23955
23975
23980
24040
24041
24062
24088
24107
24118
24122
24132
24168
24187
24200
24242
24243
24252
24268
24294
24301
24303
24305
24345
24354
24445
24493
24519
24555
24575
24580
24601
24645
24654
24686
24709
24757
24774
24837
24848
24903
24925
24963
24980
25021
25037
25056
25064
25076
25084
25101
25107
25149
25174
25177
25211
25223
25246
25259
25339
25371
25389
25392
25397
25464
25472
25496
25500
25522
25523
25524
25597
25638
25664
25689
25751
25765
25771
25797
25807
25820
25830
25853
25888
25960
25963
25985
25998
26007
26011
26052
26089
26090
26100
26101
26237
26251
26281
26317
26338
26385
26386
26391
26394
26427
26431
26440
26441
26473
26504
26551
26578
26600
26621
26653
26671
26701
26715
26824
26872
26913
26938
26949
26972
26982
27000
27022
27060
27064
27178
27181
27188
27190
27196
27204
27293
27363
27370
27382
27397
27412
27440
27443
27481
27492
27501
27516
27528
27566
27586
27590
27631
27632
27642
27656
27711
27715
27721
27874
27967
27987
28016
28029
28071
28076
28083
28089
28113
28130
28197
28223
28224
28239
28243
28263
28286
28310
28315
28321
28325
28351
28426
28487
28491
28523
28528
28535
28537
28560
28590
28606
28625
28631
28657
28666
28674
28696
28722
28763
28804
28883
28917
28925
28950
28964
28966
28989
29017
29019
29045
29135
29198
29203
29205
29231
29232
29265
29280
29288
29295
29317
29412
29415
29424
29442
29459
29464
29507
29522
29555
29564
29578
29583
29658
29708
29712
29730
29738
29835
29875
29888
29889
29899
29917
29946
29953
29960
29962
30006
30010
30018
30042
30063
30078
30221
30241
30271
30295
30299
30310
30360
30366
30387
30388
30408
30473
30499
30523
30558
30561
30570
30617
30641
30666
30668
30678
30688
30746
30790
30791
30794
30825
30865
30889
30892
31009
31051
31053
31081
31092
31099
31112
31116
31152
31176
31190
31220
31326
31356
31366
31373
31403
31428
31431
31444
31454
31456
31461
31469
31477
31482
31491
31493
31542
31548
31576
31586
31594
31597
31613
31635
31637
31643
31658
31683
31707
31721
31724
31784
31809
31856
31860
31912
31913
31935
31941
32023
32058
32062
32079
32096
32103
32115
32139
32144
32216
32222
32223
32229
32259
32310
32322
32334
32369
32408
32451
32453
32455
32477
32490
32514
32523
32529
32531
32540
32545
32578
32582
32599
32646
32714
32721
32747
32763
32769
32789
32813
32832
32837
32849
32884
32968
32994
33003
33029
33059
33100
33196
33199
33211
33308
33358
33376
33428
33515
33556
33583
33640
33677
33678
33681
33698
33699
33708
33774
33784
33808
33809
33877
33891
33903
33908
33968
33999
34006
34044
34057
34079
34089
34123
34132
34149
34162
34175
34176
34197
34231
34239
34255
34269
34274
34288
34289
34301
34302
34315
34320
34367
34369
34376
34406
34455
34493
34534
34536
34548
34560
34563
34566
34577
34606
34668
34690
34691
34727
34743
34774
34794
34808
34810
34856
34863
35002
35010
35076
35122
35123
35139
35155
35159
35189
35212
35235
35236
35251
35259
35276
35293
35305
35306
35335
35348
35361
35371
35449
35472
35528
35540
35581
35584
35642
35662
35664
35674
35685
35701
35704
35731
35732
35736
35765
35776
35781
35876
35900
35922
36015
36047
36066
36080
36096
36133
36210
36268
36276
36325
36326
36351
36352
36364
36405
36406
36460
36493
36509
36535
36537
36545
36569
36600
36623
36628
36629
36681
36692
36721
36722
36775
36812
36821
36850
36858
36870
36931
36948
36971
36989
36999
37056
37083
37089
37106
37130
37177
37193
37201
37209
37228
37231
37271
37287
37296
37300
37343
37379
37410
37467
37477
37491
37493
37567
37578
37591
37642
37654
37657
37662
37666
37700
37714
37742
37774
37813
37831
37848
37931
37959
37969
37978
37986
38070
38104
38143
38167
38174
38197
38234
38287
38327
38348
38360
38363
38438
38448
38578
38597
38602
38630
38674
38686
38724
38737
38816
38821
38850
38893
38917
38957
38967
38995
39034
39045
39072
39199
39209
39283
39316
39329
39335
39370
39393
39403
39412
39413
39459
39537
39544
39562
39595
39645
39646
39671
39679
39814
39852
39857
39858
39896
39928
39932
39958
39971
39984
40012
40038
40070
40086
40117
40170
40188
40207
40208
40231
40263
40298
40299
40318
40368
40391
40405
40464
40589
40597
40605
40615
40619
40716
40722
40729
40734
40760
40778
40800
40812
40825
40831
40892
40893
40903
40913
40914
40927
40929
40958
40962
40966
40991
40992
41003
41006
41021
41028
41097
41122
41123
41144
41181
41190
41247
41250
41271
41287
41291
41297
41300
41305
41307
41308
41344
41349
41373
41376
41390
41406
41435
41439
41446
41456
41493
41494
41497
41523
41578
41602
41685
41704
41716
41764
41772
41789
41798
41799
41816
41818
41842
41850
42004
42051
42053
42056
42133
42148
42158
42172
42184
42189
42202
42245
42283
42338
42351
42353
42375
42385
42428
42435
42545
42549
42557
42562
42606
42635
42638
42639
42642
42643
42644
42686
42707
42721
42730
42732
42744
42781
42790
42796
42806
42864
42881
42890
42916
42974
42984
43042
43049
43110
43135
43142
43145
43154
43155
43161
43163
43183
43192
43195
43223
43229
43243
43284
43288
43312
43315
43331
43369
43383
43390
43391
43402
43420
43472
43494
43498
43503
43659
43670
43686
43736
43782
43794
43841
43860
43883
43929
43930
43966
44135
44192
44199
44203
44220
44228
44235
44236
44357
44375
44418
44462
44494
44505
44514
44546
44555
44585
44604
44632
44636
44647
44688
44715
44742
44784
44790
44795
44796
44811
44860
44863
44899
44902
44910
44921
44974
44997
45021
45059
45077
45084
45111
45158
45199
45258
45260
45271
45307
45315
45316
45327
45338
45342
45367
45385
45386
45449
45466
45492
45494
45498
45614
45651
45681
45694
45699
45777
45790
45792
45795
45802
45817
45842
45862
45895
45918
45932
45940
46007
46010
46077
46140
46150
46233
46249
46274
46284
46293
46325
46326
46425
46433
46448
46513
46585
46612
46633
46642
46657
46753
46778
46814
46854
46863
46916
46919
46927
46932
46940
46953
46978
47044
47048
47074
47082
47100
47115
47142
47150
47162
47163
47173
47218
47220
47303
47321
47342
47380
47425
47427
47429
47434
47465
47512
47514
47540
47544
47576
47584
47589
47590
47612
47641
47661
47670
47712
47760
47768
47801
47875
47888
47902
47943
47949
47986
47994
48006
48049
48092
48111
48112
48135
48141
48166
48186
48241
48243
48247
48258
48264
48278
48311
48333
48340
48382
48432
48480
48483
48504
48593
48601
48605
48695
48740
48765
48776
48809
48825
48834
48882
48905
48966
48986
48994
49027
49029
49082
49150
49171
49195
49196
49201
49222
49315
49351
49391
49410
49411
49416
49430
49443
49461
49489
49499
49509
49552
49574
49678
49708
49722
49768
49805
49809
49825
49874
49883
49892
49928
49950
49970
49982
