35
37
89
110
130
173
198
228
286
287
313
365
372
373
408
411
424
510
525
558
607
654
695
708
716
717
775
809
819
844
880
902
943
944
966
969
974
983
1026
1128
1137
1194
1223
1228
1247
1284
1288
1289
1300
1381
1404
1413
1417
1425
1436
1484
1487
1491
1550
1564
1586
1588
1634
1697
1828
1835
1882
1889
1981
2023
2064
2086
2169
2170
2177
2222
2262
2266
2337
2338
2370
2384
2422
2453
2455
2461
2490
2509
2522
2532
2551
2555
2556
2651
2652
2683
2690
2697
2741
2750
2782
2783
2787
2798
2812
2832
2849
2876
2890
2898
2922
2959
2972
2999
3006
3018
3020
3032
3038
3067
3095
3101
3105
3123
3159
3209
3214
3216
3232
3297
3365
3367
3381
3405
3427
3446
3507
3517
3535
3544
3558
3675
3717
3718
3720
3728
3731
3738
3756
3791
3809
3860
3868
3870
3882
3900
3902
3913
3933
3949
3958
3967
3980
4026
4039
4081
4112
4122
4157
4167
4234
4271
4281
4293
4299
4304
4330
4338
4349
4368
4381
4384
4403
4412
4429
4431
4462
4463
4486
4527
4545
4547
4570
4582
4588
4627
4652
4662
4688
4693
4731
4753
4777
4796
4803
4804
4829
4836
4838
4850
4851
4877
4936
4955
4991
5028
5091
5114
5138
5168
5172
5189
5191
5195
5243
5250
5279
5292
5297
5301
5315
5369
5370
5425
5429
5484
5493
5528
5530
5563
5595
5601
5666
5735
5781
5782
5783
5800
5805
5832
5842
5853
5862
5864
5953
5977
5984
6057
6092
6119
6124
6137
6212
6213
6223
6287
6312
6387
6474
6475
6483
6488
6500
6512
6545
6593
6604
6651
6690
6694
6698
6699
6768
6778
6782
6791
6808
6870
6883
6934
6936
6942
6967
6989
7142
7196
7211
7254
7282
7300
7301
7304
7328
7363
7457
7464
7484
7513
7526
7533
7661
7664
7670
7766
7776
7804
7806
7815
7858
7879
7925
7940
7945
7963
8001
8011
8013
8014
8083
8111
8122
8135
8140
8160
8188
8234
8255
8274
8308
8314
8353
8364
8369
8443
8457
8479
8480
8498
8518
8519
8521
8534
8554
8587
8601
8637
8663
8679
8680
8710
8745
8781
8782
8790
8819
8837
8934
8947
8987
8988
9037
9056
9078
9081
9082
9102
9127
9153
9164
9169
9170
9213
9216
9229
9247
9275
9296
9298
9363
9400
9410
9428
9531
9533
9537
9538
9570
9687
9738
9756
9783
9831
9856
9866
9906
9923
9931
9952
9963
10095
10109
10114
10135
10154
10159
10161
10182
10214
10233
10244
10253
10304
10319
10401
10412
10421
10497
10556
10560
10566
10584
10601
10618
10624
10651
10658
10706
10731
10768
10769
10772
10847
10858
10871
10874
10937
10979
10986
11013
11017
11043
11045
11089
11120
11131
11162
11226
11235
11259
11288
11304
11388
11407
11446
11452
11484
11489
11508
11523
11542
11574
11629
11634
11653
11677
11784
11796
11806
11825
11922
11959
11968
11973
12037
12044
12066
12070
12076
12089
12093
12102
12132
12201
12221
12252
12270
12275
12297
12316
12329
12343
12345
12348
12404
12418
12499
12535
12549
12550
12566
12577
12598
12636
12683
12700
12701
12724
12773
12830
12847
12891
12906
12972
12987
13007
13018
13019
13023
13035
13036
13074
13086
13116
13138
13179
13184
13214
13228
13232
13300
13327
13356
13370
13398
13400
13424
13430
13487
13509
13534
13552
13560
13564
13598
13630
13631
13636
13659
13666
13752
13804
13822
13839
13848
13916
13936
13942
13957
13972
14001
14073
14075
14153
14163
14180
14260
14334
14394
14400
14444
14489
14493
14507
14542
14579
14602
14649
14663
14669
14700
14721
14722
14759
14775
14821
14828
14831
14845
14855
14930
14937
14966
14975
15000
15002
15004
15008
15026
15043
15089
15132
15133
15161
15180
15202
15203
15208
15213
15284
15285
15302
15314
15483
15501
15514
15532
15538
15548
15554
15575
15586
15650
15713
15774
15791
15806
15844
15848
15873
15903
15904
15915
15925
15935
16006
16038
16047
16058
16064
16077
16098
16103
16107
16127
16152
16164
16183
16239
16250
16274
16298
16300
16314
16332
16379
16401
16430
16437
16462
16485
16490
16491
16532
16535
16563
16583
16590
16616
16622
16640
16660
16757
16779
16820
16829
16887
16934
16982
17002
17027
17041
17086
17087
17150
17171
17190
17195
17267
17291
17294
17303
17334
17348
17408
17444
17485
17501
17551
17560
17568
17583
17585
17634
17647
17651
17676
17733
17774
17815
17828
17842
17844
17857
17861
17894
17895
17911
17932
17997
18013
18044
18080
18101
18117
18140
18180
18231
18267
18269
18348
18357
18444
18460
18545
18561
18587
18639
18660
18673
18710
18715
18730
18735
18756
18776
18785
18802
18804
18861
18911
18913
18924
18974
18989
18993
19047
19052
19067
19095
19107
19110
19113
19152
19200
19279
19301
19325
19361
19372
19403
19434
19449
19474
19487
19492
19509
19528
19606
19617
19663
19709
19728
19745
19754
19773
19826
19840
19847
19863
19914
19996
20006
20007
20010
20027
20031
20054
20067
20070
20072
20153
20155
20158
20159
20164
20169
20249
20253
20278
20283
20299
20327
20339
20350
20361
20436
20447
20456
20506
20536
20559
20574
20641
20652
20655
20659
20707
20731
20743
20752
20772
20787
20788
20792
20821
20830
20835
20845
20868
20875
20930
20962
20996
20998
21049
21071
21111
21126
21129
21138
21231
21266
21349
21350
21351
21384
21462
21504
21551
21661
21672
21776
21780
21852
21855
21860
21862
21915
21938
21984
22095
22145
22257
22338
22359
22367
22386
22387
22440
22441
22446
22458
22472
22496
22502
22508
22547
22567
22584
22592
22594
22614
22620
22621
22642
22667
22689
22729
22764
22769
22818
22832
22841
22847
22901
22935
23008
23047
23064
23065
23151
23175
23176
23180
23183
23209
23211
23212
23221
23223
23251
23314
23333
23338
23339
23374
23399
23477
23478
23539
23542
23547
23575
23657
23664
23683
23717
23739
23750
23763
23765
23784
23835
23875
23885
23904
23928
23974
24008
24022
24039
24043
24065
24075
24097
24111
24140
24149
24150
24184
24209
24222
24239
24321
24353
24388
24448
24462
24485
24507
24533
24535
24549
24564
24596
24606
24632
24667
24690
24702
24711
24722
24736
24757
24810
24836
24851
24893
24920
24961
24967
24977
25034
25042
25053
25081
25128
25132
25186
25190
25204
25236
25239
25243
25253
25258
25288
25324
25327
25334
25346
25434
25466
25506
25523
25555
25567
25655
25656
25678
25684
25792
25813
25819
25825
25844
25863
25889
25943
25947
25963
26039
26136
26202
26217
26223
26231
26238
26283
26285
26349
26362
26379
26390
26401
26402
26409
26449
26458
26468
26470
26475
26539
26579
26584
26619
26630
26632
26646
26653
26671
26696
26753
26790
26805
26810
26821
26848
26852
26879
26896
26906
26948
26959
26984
26996
27002
27018
27020
27021
27053
27054
27141
27171
27199
27228
27233
27247
27267
27291
27341
27349
27376
27402
27426
27443
27463
27479
27514
27541
27550
27551
27577
27611
27612
27620
27627
27633
27743
27756
27771
27788
27797
27817
27835
27846
27848
27910
27958
28016
28026
28087
28108
28111
28153
28167
28199
28231
28250
28262
28300
28369
28408
28417
28431
28469
28508
28509
28624
28643
28645
28726
28746
28817
28913
28957
28964
29012
29020
29094
29111
29143
29151
29159
29166
29191
29204
29225
29258
29268
29290
29326
29335
29347
29364
29392
29453
29462
29469
29501
29508
29522
29589
29590
29615
29632
29647
29658
29719
29755
29776
29845
29881
29908
29931
29932
29993
30003
30013
30036
30044
30047
30051
30064
30069
30088
30144
30175
30197
30227
30238
30246
30251
30253
30292
30299
30308
30352
30380
30390
30391
30417
30418
30473
30539
30540
30574
30602
30610
30614
30621
30647
30655
30656
30673
30681
30682
30704
30730
30738
30781
30815
30818
30820
30822
30849
30859
30938
30998
31003
31026
31063
31065
31066
31070
31086
31160
31165
31228
31235
31307
31308
31339
31346
31356
31383
31388
31398
31436
31481
31502
31526
31536
31574
31604
31635
31674
31700
31704
31708
31725
31731
31807
31809
31824
31826
31834
31847
31848
31921
31966
31969
31982
31998
32006
32056
32082
32111
32128
32135
32136
32201
32221
32229
32237
32281
32284
32323
32336
32360
32374
32380
32400
32441
32458
32472
32501
32502
32558
32560
32588
32641
32659
32719
32809
32814
32839
32853
32875
32881
32890
32899
32908
32936
32978
32979
33018
33020
33065
33076
33113
33123
33205
33277
33296
33319
33397
33440
33526
33527
33532
33539
33548
33573
33578
33615
33621
33647
33664
33683
33708
33712
33720
33725
33735
33740
33749
33773
33780
33825
33839
33852
33859
33935
33960
34008
34021
34034
34067
34090
34101
34105
34113
34116
34123
34181
34219
34220
34235
34238
34243
34252
34253
34276
34333
34345
34364
34418
34436
34469
34494
34526
34541
34548
34573
34609
34637
34646
34657
34672
34716
34748
34852
34868
34886
34894
34901
34905
34922
34964
35008
35033
35072
35089
35105
35136
35172
35178
35219
35238
35258
35292
35301
35306
35311
35345
35376
35389
35422
35427
35461
35519
35552
35568
35592
35600
35612
35638
35682
35719
35730
35746
35764
35813
35851
35867
35929
35946
35950
36035
36054
36074
36092
36103
36108
36142
36152
36167
36189
36215
36219
36225
36229
36256
36289
36297
36441
36491
36506
36533
36539
36561
36631
36651
36654
36695
36701
36753
36828
36836
36899
36940
36952
36971
36979
36981
36989
37013
37020
37021
37022
37113
37136
37139
37145
37161
37165
37186
37214
37235
37268
37271
37285
37297
37300
37308
37419
37437
37467
37470
37503
37522
37543
37576
37590
37621
37661
37682
37688
37744
37810
37826
37874
37919
37946
37977
37986
38007
38011
38022
38063
38113
38137
38171
38207
38236
38243
38247
38292
38318
38323
38329
38384
38398
38420
38425
38432
38445
38452
38461
38474
38512
38551
38594
38609
38623
38656
38663
38679
38813
38864
38916
38930
38972
38979
39000
39013
39051
39076
39110
39118
39142
39153
39161
39194
39195
39238
39264
39272
39275
39277
39354
39384
39387
39395
39406
39451
39489
39542
39577
39631
39641
39693
39708
39730
39734
39760
39818
39856
39857
39875
39876
39877
39890
39894
39979
40000
40008
40030
40048
40068
40074
40112
40140
40217
40240
40244
40263
40280
40305
40327
40349
40376
40408
40431
40510
40511
40545
40595
40693
40703
40714
40724
40795
40844
40854
40877
40881
40887
40897
40912
40976
40983
41015
41052
41056
41119
41175
41193
41204
41226
41257
41265
41303
41313
41322
41372
41444
41483
41500
41522
41525
41528
41543
41557
41591
41598
41621
41644
41680
41681
41731
41773
41777
41783
41837
41854
41872
41899
41925
41926
41983
42066
42098
42142
42159
42197
42216
42251
42279
42300
42342
42356
42360
42386
42485
42528
42548
42574
42603
42604
42617
42626
42657
42686
42690
42757
42777
42793
42795
42803
42836
42845
42863
42867
42872
42882
42900
42910
42937
42939
42940
42959
42984
42998
43020
43044
43077
43093
43112
43159
43167
43223
43286
43312
43325
43338
43390
43433
43450
43542
43553
43558
43574
43612
43621
43629
43645
43669
43729
43836
43838
43855
43858
43910
43926
43929
43952
43984
44006
44015
44016
44042
44053
44061
44067
44131
44170
44204
44221
44249
44293
44367
44453
44464
44519
44533
44538
44539
44541
44559
44593
44614
44628
44630
44633
44661
44720
44739
44748
44791
44800
44817
44833
44835
44876
44878
44952
44962
44963
45000
45011
45048
45092
45099
45124
45144
45185
45192
45238
45262
45299
45305
45306
45308
45349
45399
45438
45458
45468
45471
45529
45575
45629
45678
45698
45699
45771
45798
45810
45821
45825
45831
45847
45865
45871
45876
45887
45937
45957
45958
45985
45991
46067
46089
46092
46113
46119
46124
46239
46287
46325
46383
46397
46413
46444
46447
46448
46457
46467
46501
46516
46574
46668
46674
46692
46720
46736
46754
46757
46760
46789
46826
46827
46864
46891
46914
46921
46931
46937
46948
46979
46999
47000
47004
47043
47045
47073
47088
47121
47150
47169
47176
47199
47300
47308
47310
47325
47331
47359
47361
47384
47385
47394
47421
47490
47491
47520
47526
47551
47566
47670
47676
47690
47723
47743
47763
47844
47847
47873
47900
47973
47976
48013
48088
48096
48116
48146
48175
48185
48262
48272
48282
48351
48454
48462
48482
48511
48517
48538
48559
48616
48676
48692
48713
48716
48727
48790
48826
48865
48866
48887
48920
48932
49040
49097
49141
49205
49248
49285
49319
49323
49333
49358
49374
49377
49478
49506
49543
49596
49630
49657
49668
49677
49719
49733
49734
49746
49759
49796
49807
49827
49842
49851
49877
49915
49935
49942
49961
49984
