24
39
40
66
81
93
106
115
116
118
122
125
130
142
147
151
153
185
203
252
271
276
289
303
350
373
374
386
388
389
408
416
438
450
461
469
519
557
567
612
636
738
748
766
779
784
842
864
898
937
939
951
968
989
1004
1021
1147
1152
1176
1249
1267
1268
1280
1297
1357
1369
1386
1411
1424
1426
1466
1501
1503
1604
1610
1617
1637
1653
1667
1774
1788
1789
1822
1825
1924
1942
1947
1950
1970
2000
2013
2014
2046
2056
2064
2105
2117
2166
2193
2211
2283
2286
2318
2358
2359
2368
2370
2415
2421
2489
2498
2515
2555
2563
2566
2586
2600
2637
2678
2682
2684
2696
2701
2724
2728
2733
2734
2737
2745
2756
2856
2858
2867
2878
2879
2880
2897
2908
3018
3029
3045
3062
3083
3084
3120
3128
3144
3188
3260
3297
3340
3353
3358
3394
3400
3443
3479
3483
3491
3498
3514
3556
3578
3580
3685
3686
3687
3696
3727
3732
3757
3817
3848
3864
3871
3878
3883
3895
3913
3951
3988
4013
4045
4080
4123
4136
4155
4178
4260
4308
4309
4311
4314
4321
4332
4338
4376
4449
4476
4513
4522
4557
4594
4613
4629
4662
4675
4682
4688
4695
4707
4728
4766
4825
4858
4870
4897
4923
4937
4966
4974
5016
5031
5054
5057
5085
5116
5190
5222
5227
5280
5292
5295
5319
5320
5328
5329
5345
5349
5353
5377
5420
5457
5504
5517
5535
5576
5584
5629
5638
5701
5715
5726
5729
5753
5856
5883
5899
5917
5919
5938
5947
6020
6032
6034
6052
6062
6067
6160
6164
6166
6174
6192
6212
6217
6224
6232
6237
6245
6271
6309
6382
6427
6450
6465
6474
6482
6507
6524
6541
6542
6573
6585
6602
6612
6683
6804
6826
6832
6872
6876
6906
6937
6947
6980
7100
7106
7109
7152
7159
7163
7182
7195
7210
7237
7243
7277
7297
7347
7353
7418
7433
7471
7493
7514
7540
7541
7548
7655
7708
7710
7711
7712
7748
7753
7763
7796
7801
7811
7823
7844
7847
7875
7897
7901
7909
7935
7938
7960
7979
7998
8011
8016
8028
8029
8061
8091
8101
8102
8178
8193
8217
8317
8340
8434
8443
8465
8469
8519
8521
8532
8537
8593
8598
8606
8623
8630
8679
8686
8735
8744
8754
8783
8815
8868
8869
8888
8906
8922
8945
9017
9039
9071
9074
9107
9141
9170
9182
9233
9275
9368
9378
9385
9429
9441
9453
9515
9528
9656
9662
9663
9682
9729
9783
9807
9812
9824
9850
9868
9910
9930
9943
9957
9966
10057
10103
10117
10120
10143
10170
10176
10186
10198
10239
10319
10373
10466
10489
10501
10516
10539
10575
10598
10599
10602
10617
10620
10622
10655
10684
10685
10691
10712
10753
10773
10827
10834
10854
10868
10871
10877
10903
10906
10915
10922
10971
10999
11074
11105
11174
11220
11281
11313
11320
11356
11368
11382
11412
11443
11468
11476
11483
11493
11504
11549
11554
11610
11625
11678
11696
11710
11714
11734
11740
11752
11757
11782
11799
11817
11849
11851
11870
11938
11939
11961
11993
12004
12016
12032
12049
12066
12088
12129
12133
12147
12159
12176
12192
12197
12225
12236
12319
12357
12362
12386
12407
12408
12411
12430
12432
12445
12456
12459
12461
12486
12509
12511
12523
12540
12576
12603
12608
12612
12650
12722
12728
12792
12804
12843
12857
12868
12900
12926
12961
13002
13005
13011
13019
13033
13036
13052
13054
13058
13110
13128
13135
13138
13158
13159
13162
13191
13195
13198
13232
13245
13253
13259
13269
13275
13334
13347
13364
13375
13406
13481
13483
13494
13547
13555
13578
13579
13605
13607
13610
13613
13634
13638
13649
13661
13662
13690
13691
13708
13750
13843
13882
13891
13896
13901
13944
14009
14011
14130
14149
14181
14221
14251
14269
14315
14349
14432
14463
14498
14531
14590
14619
14622
14625
14679
14750
14774
14779
14788
14798
14818
14841
14879
14896
14926
14942
14960
14968
14975
15009
15043
15057
15090
15093
15132
15179
15197
15198
15209
15239
15261
15326
15327
15335
15345
15364
15394
15453
15465
15511
15580
15613
15686
15778
15802
15812
15813
15814
15826
15836
15856
15891
15893
15896
15912
15971
16018
16056
16062
16088
16093
16095
16109
16123
16131
16139
16141
16150
16206
16259
16297
16307
16399
16449
16467
16496
16530
16534
16546
16570
16593
16604
16634
16702
16705
16724
16752
16753
16786
16883
16895
16976
17008
17093
17105
17109
17148
17167
17176
17178
17214
17215
17225
17271
17278
17283
17316
17384
17402
17410
17441
17446
17468
17509
17511
17550
17579
17607
17630
17639
17650
17662
17696
17730
17741
17758
17794
17816
17883
17892
17976
17986
17990
18048
18049
18089
18114
18167
18301
18313
18319
18378
18404
18406
18419
18423
18426
18550
18565
18566
18584
18616
18678
18709
18728
18735
18740
18829
18865
18881
18889
18895
18918
18957
18998
19078
19098
19130
19167
19198
19202
19235
19252
19272
19275
19291
19307
19358
19360
19417
19443
19494
19504
19540
19562
19566
19620
19626
19632
19635
19652
19689
19694
19705
19768
19770
19790
19810
19817
19846
19897
19914
19956
19985
19991
20031
20057
20068
20130
20160
20170
20210
20214
20215
20230
20240
20242
20252
20279
20295
20340
20347
20358
20370
20450
20452
20469
20556
20563
20570
20572
20627
20638
20639
20648
20673
20707
20719
20746
20759
20790
20839
20885
20898
20923
20949
20957
20959
21030
21041
21086
21193
21198
21256
21264
21295
21329
21341
21395
21400
21426
21441
21445
21484
21502
21535
21559
21569
21602
21604
21627
21630
21664
21669
21714
21750
21757
21764
21777
21825
21835
21845
21880
21897
21923
21958
21980
21999
22017
22018
22045
22047
22087
22142
22212
22214
22222
22227
22239
22275
22328
22415
22456
22567
22570
22600
22638
22689
22691
22754
22768
22774
22779
22799
22802
22814
22816
22834
22841
22858
22878
22881
22891
22903
22931
22943
22961
22989
22993
23054
23060
23066
23077
23109
23110
23158
23168
23189
23191
23214
23238
23244
23302
23311
23330
23347
23353
23357
23369
23421
23450
23471
23495
23504
23539
23548
23578
23639
23684
23700
23741
23841
23852
23902
23909
23920
23925
23938
23947
23960
24002
24050
24072
24139
24148
24159
24215
24280
24284
24311
24365
24377
24392
24395
24404
24452
24488
24498
24527
24591
24610
24651
24708
24711
24714
24731
24740
24768
24774
24776
24813
24865
24866
24872
24910
24913
24922
24928
24980
25004
25013
25019
25039
25060
25071
25086
25102
25104
25105
25124
25144
25301
25312
25341
25360
25375
25394
25403
25445
25447
25482
25516
25560
25578
25602
25607
25650
25670
25691
25692
25745
25750
25754
25760
25830
25837
25839
25846
25868
25886
25893
25906
25921
25922
25928
25964
25970
26020
26032
26033
26037
26042
26091
26130
26167
26168
26176
26181
26182
26206
26225
26229
26276
26279
26298
26323
26386
26410
26416
26468
26480
26488
26498
26510
26528
26560
26570
26628
26663
26695
26703
26714
26723
26728
26792
26837
26844
26857
26889
26899
26918
26976
27012
27035
27044
27053
27065
27113
27118
27174
27179
27192
27208
27233
27253
27266
27301
27313
27318
27354
27375
27403
27418
27490
27507
27509
27534
27556
27563
27603
27613
27638
27644
27650
27678
27742
27830
27909
27971
28036
28137
28169
28215
28216
28280
28327
28398
28400
28430
28436
28445
28451
28457
28464
28503
28531
28548
28573
28603
28607
28610
28629
28640
28645
28684
28702
28741
28751
28761
28772
28773
28775
28790
28815
28841
28844
28866
28877
28886
28906
28915
28930
28958
28959
28980
28984
29036
29044
29072
29111
29114
29153
29181
29208
29323
29352
29410
29467
29469
29470
29478
29512
29513
29574
29597
29634
29670
29693
29706
29767
29778
29845
29874
29880
29896
29930
29931
29938
29972
29976
29981
29986
30063
30125
30148
30187
30219
30267
30269
30318
30346
30347
30351
30381
30429
30448
30501
30517
30605
30610
30637
30662
30681
30687
30694
30708
30714
30782
30852
30860
30886
30888
30924
30933
30941
30942
30967
30972
31067
31106
31150
31173
31193
31194
31197
31217
31218
31256
31261
31291
31303
31338
31360
31400
31402
31498
31507
31512
31622
31632
31670
31696
31728
31784
31814
31821
31851
31897
31902
31926
31932
31936
31941
31952
31975
32002
32032
32116
32182
32212
32224
32259
32273
32400
32444
32469
32471
32503
32545
32546
32555
32606
32656
32673
32687
32690
32707
32779
32781
32795
32832
32886
32890
32906
32932
32936
32949
32966
33047
33080
33086
33140
33169
33234
33246
33257
33266
33284
33384
33406
33586
33609
33696
33740
33807
33808
33817
33845
33885
33896
33947
33998
34013
34081
34105
34141
34156
34175
34199
34259
34304
34310
34331
34397
34424
34487
34499
34518
34520
34551
34598
34617
34625
34646
34707
34712
34724
34747
34779
34829
34849
34871
34885
34889
34891
34945
35022
35023
35052
35071
35078
35125
35128
35131
35133
35137
35167
35234
35276
35289
35303
35312
35329
35345
35352
35369
35371
35399
35442
35451
35458
35470
35496
35513
35598
35607
35630
35634
35676
35694
35696
35705
35735
35737
35770
35819
35862
35899
35923
35938
35954
35962
35995
36025
36052
36122
36145
36173
36189
36226
36276
36282
36294
36373
36382
36395
36474
36481
36483
36491
36533
36546
36581
36591
36639
36653
36698
36727
36737
36762
36773
36790
36812
36813
36815
36819
36859
36883
36902
36935
37015
37022
37028
37042
37087
37092
37140
37150
37221
37233
37273
37329
37338
37345
37376
37431
37440
37456
37462
37506
37537
37550
37552
37564
37636
37663
37666
37679
37709
37732
37767
37790
37796
37868
37870
37876
37902
37938
37948
37984
37985
37991
38022
38032
38057
38064
38066
38072
38123
38131
38136
38137
38158
38214
38242
38269
38276
38292
38297
38320
38368
38460
38477
38495
38506
38543
38548
38575
38600
38618
38671
38679
38705
38809
38931
38932
38973
38990
38993
38995
39001
39013
39022
39042
39158
39173
39223
39255
39268
39288
39300
39306
39308
39325
39329
39375
39402
39414
39436
39455
39461
39467
39492
39498
39505
39528
39541
39547
39598
39606
39615
39621
39629
39640
39645
39678
39716
39741
39747
39768
39813
39851
39901
39908
39971
39990
40013
40054
40059
40148
40229
40249
40267
40346
40357
40370
40376
40413
40425
40432
40482
40517
40546
40592
40604
40630
40635
40680
40701
40727
40747
40748
40762
40783
40801
40851
40870
40876
40880
40935
40940
41022
41029
41035
41060
41072
41080
41088
41090
41110
41163
41199
41212
41220
41222
41230
41308
41339
41347
41353
41373
41381
41425
41449
41492
41515
41530
41661
41685
41687
41688
41733
41745
41748
41757
41761
41802
41811
41814
41881
41962
41976
41986
41992
42041
42047
42073
42131
42187
42197
42222
42231
42274
42297
42361
42447
42457
42478
42535
42556
42613
42620
42631
42637
42671
42680
42685
42698
42777
42783
42828
42871
42920
42937
42963
43024
43058
43114
43116
43185
43189
43221
43242
43243
43247
43258
43280
43286
43288
43314
43319
43339
43345
43377
43397
43427
43442
43483
43498
43508
43533
43550
43561
43602
43621
43627
43645
43730
43750
43755
43808
43875
43919
43948
43980
44008
44023
44025
44070
44086
44096
44137
44150
44161
44224
44275
44286
44290
44386
44396
44403
44412
44437
44439
44456
44502
44551
44571
44577
44661
44673
44696
44730
44740
44821
44825
44831
44832
44840
44843
44875
44896
44902
44965
44983
44988
45029
45116
45120
45161
45186
45236
45247
45266
45268
45343
45387
45428
45529
45566
45569
45602
45680
45683
45686
45721
45723
45750
45752
45829
45838
45849
45919
45984
46012
46058
46064
46066
46081
46090
46094
46101
46102
46106
46145
46149
46151
46165
46169
46288
46308
46320
46345
46391
46408
46412
46441
46455
46462
46485
46549
46551
46553
46569
46576
46634
46649
46651
46682
46697
46723
46725
46772
46807
46848
46859
46885
46892
46952
46968
46974
47024
47107
47119
47134
47141
47143
47183
47237
47245
47253
47294
47309
47328
47331
47358
47417
47426
47455
47463
47465
47474
47552
47553
47570
47575
47609
47625
47717
47734
47759
47774
47805
47831
47840
47845
47858
47873
47923
47949
47961
48000
48007
48017
48020
48037
48041
48048
48059
48072
48089
48121
48155
48168
48267
48272
48285
48324
48328
48403
48416
48425
48433
48478
48549
48591
48609
48628
48643
48652
48691
48704
48713
48746
48751
48802
48845
48859
48877
48905
48935
48950
48996
48998
48999
49016
49044
49060
49078
49090
49098
49103
49135
49163
49178
49211
49268
49275
49354
49405
49427
49429
49477
49494
49535
49541
49582
49638
49652
49672
49693
49696
49795
49796
49881
49948
