74
111
143
176
184
201
202
230
243
332
344
360
367
382
389
394
431
443
447
455
463
475
483
489
500
511
545
598
617
626
633
645
683
710
718
783
784
790
799
813
857
863
889
893
896
968
973
1053
1091
1105
1108
1118
1127
1138
1140
1178
1192
1259
1291
1315
1332
1341
1364
1365
1402
1416
1491
1493
1505
1548
1550
1556
1594
1601
1669
1672
1729
1779
1842
1898
1901
1969
2007
2015
2028
2037
2076
2079
2082
2091
2118
2139
2218
2237
2243
2270
2283
2357
2375
2388
2417
2419
2421
2423
2453
2457
2477
2485
2504
2508
2522
2558
2587
2588
2603
2693
2744
2768
2775
2812
2815
2826
2858
2863
2998
3014
3051
3064
3102
3152
3177
3246
3251
3269
3308
3340
3342
3344
3353
3384
3409
3471
3478
3494
3501
3513
3528
3531
3541
3544
3549
3555
3563
3579
3595
3596
3622
3675
3723
3756
3760
3788
3888
3895
3903
3929
3931
3938
3946
3947
3969
4006
4016
4034
4057
4118
4130
4137
4174
4210
4213
4231
4244
4256
4318
4333
4351
4352
4359
4392
4409
4411
4425
4431
4474
4501
4505
4543
4569
4606
4613
4652
4660
4665
4673
4689
4700
4771
4860
4864
4876
4984
5021
5058
5059
5062
5102
5108
5119
5121
5127
5164
5204
5228
5242
5276
5312
5376
5380
5398
5503
5527
5544
5588
5594
5596
5608
5609
5613
5651
5707
5727
5769
5787
5797
5820
5832
5866
5880
5885
5886
5888
5894
5895
5923
5927
5952
5974
5990
6010
6131
6175
6176
6204
6282
6290
6308
6314
6318
6370
6371
6378
6461
6487
6490
6516
6526
6571
6589
6632
6655
6673
6719
6720
6748
6751
6753
6769
6796
6799
6818
6890
6906
6908
6911
6966
6977
7021
7061
7067
7228
7254
7282
7285
7311
7370
7386
7399
7420
7437
7442
7503
7512
7535
7549
7562
7581
7600
7607
7626
7632
7672
7686
7795
7871
7876
7888
7902
7969
7970
7972
7985
8053
8128
8148
8149
8239
8276
8283
8284
8301
8305
8361
8368
8388
8393
8413
8419
8421
8475
8498
8551
8567
8568
8587
8599
8609
8632
8711
8720
8738
8764
8770
8772
8926
8955
8991
9000
9014
9016
9037
9073
9111
9126
9157
9163
9167
9185
9228
9284
9401
9422
9488
9558
9588
9596
9606
9652
9663
9713
9731
9794
9804
9837
9863
9910
9935
9943
9947
9959
9968
9969
9980
9995
9999
10038
10064
10069
10120
10138
10143
10166
10214
10282
10305
10317
10332
10378
10442
10450
10507
10511
10533
10569
10578
10600
10624
10643
10646
10648
10653
10658
10663
10671
10685
10691
10706
10707
10730
10749
10758
10766
10767
10778
10787
10810
10819
10821
10846
10857
10891
10893
10895
10902
10904
10919
10924
10927
10968
11006
11036
11049
11070
11105
11135
11154
11168
11249
11255
11261
11277
11279
11346
11355
11366
11387
11411
11444
11446
11463
11517
11535
11540
11578
11579
11592
11618
11625
11666
11675
11681
11717
11740
11774
11793
11821
11837
11858
11871
11913
11925
11972
12017
12049
12056
12100
12264
12283
12301
12324
12329
12374
12407
12431
12491
12494
12579
12625
12660
12722
12758
12792
12796
12797
12838
12864
12907
12930
12944
12955
12992
12999
13062
13090
13183
13185
13224
13280
13287
13322
13354
13412
13415
13456
13474
13499
13505
13537
13583
13589
13612
13650
13665
13677
13697
13698
13740
13750
13754
13799
13819
13821
13834
13885
13886
13905
13928
13936
13945
13953
13991
14020
14026
14063
14130
14163
14173
14202
14222
14232
14247
14255
14286
14309
14340
14345
14392
14399
14403
14414
14449
14465
14476
14535
14577
14603
14624
14626
14628
14676
14757
14782
14787
14792
14798
14843
14854
14884
14886
14892
14949
14990
14998
14999
15006
15019
15035
15041
15045
15060
15067
15068
15108
15111
15117
15118
15123
15147
15174
15183
15212
15238
15263
15285
15305
15321
15341
15362
15465
15517
15536
15543
15594
15699
15743
15744
15745
15755
15763
15768
15785
15786
15795
15821
15835
15848
15854
15884
15985
16001
16039
16063
16064
16067
16095
16113
16177
16182
16199
16231
16247
16276
16333
16365
16374
16421
16455
16471
16520
16597
16644
16658
16668
16682
16722
16735
16762
16766
16788
16791
16832
16864
16893
16965
16980
17090
17120
17180
17199
17268
17303
17304
17322
17324
17364
17371
17405
17411
17447
17449
17462
17489
17558
17579
17586
17605
17617
17659
17664
17668
17687
17709
17758
17816
17818
17827
17844
17859
17914
17974
17980
18045
18052
18060
18069
18112
18161
18169
18180
18199
18209
18259
18266
18284
18300
18323
18358
18373
18393
18425
18473
18474
18478
18493
18503
18507
18547
18551
18553
18617
18643
18669
18720
18724
18742
18761
18767
18807
18867
18873
18896
18926
18936
18989
19081
19114
19141
19171
19174
19191
19235
19296
19318
19322
19330
19343
19386
19396
19467
19469
19475
19483
19496
19514
19524
19528
19548
19561
19622
19627
19633
19730
19734
19737
19742
19769
19783
19797
19805
19815
19821
19841
19846
19866
19878
19885
19988
19991
20005
20009
20030
20032
20065
20086
20109
20111
20157
20180
20193
20211
20227
20239
20246
20248
20262
20263
20292
20296
20305
20316
20318
20387
20390
20423
20429
20431
20513
20523
20533
20561
20633
20664
20684
20714
20771
20774
20799
20800
20821
20855
20863
20903
20958
20959
20976
20983
21003
21042
21047
21086
21117
21141
21147
21148
21157
21158
21163
21313
21316
21376
21382
21404
21410
21418
21434
21452
21464
21479
21542
21548
21552
21553
21633
21669
21695
21697
21748
21750
21771
21789
21800
21828
21920
21966
21992
22118
22146
22166
22191
22192
22240
22251
22260
22343
22399
22481
22488
22521
22524
22537
22565
22582
22596
22600
22624
22672
22701
22744
22756
22786
22839
22866
22913
22996
23010
23048
23063
23182
23205
23210
23219
23230
23231
23241
23270
23272
23281
23287
23295
23323
23357
23378
23388
23392
23435
23444
23477
23489
23575
23649
23674
23678
23803
23806
23815
23833
23835
23951
23972
23985
24000
24064
24067
24071
24084
24112
24119
24158
24203
24237
24285
24318
24353
24370
24391
24396
24401
24409
24418
24627
24649
24672
24713
24715
24739
24749
24803
24861
24866
24872
24888
24889
24908
24927
24967
24968
25008
25042
25060
25077
25082
25086
25125
25177
25201
25255
25258
25281
25298
25302
25309
25331
25334
25338
25358
25406
25414
25473
25502
25522
25525
25544
25567
25612
25640
25671
25676
25678
25803
25809
25813
25820
25863
25880
25949
25963
26023
26042
26044
26053
26111
26138
26140
26158
26209
26210
26216
26223
26323
26363
26365
26401
26412
26434
26443
26464
26465
26471
26497
26535
26581
26641
26665
26682
26712
26766
26777
26794
26801
26806
26809
26839
26851
27078
27095
27124
27140
27159
27164
27191
27199
27232
27248
27268
27273
27282
27294
27343
27417
27418
27458
27465
27483
27525
27576
27621
27623
27648
27653
27692
27707
27718
27721
27753
27758
27760
27781
27798
27848
27849
27863
27909
27941
27954
27995
28058
28093
28134
28156
28214
28223
28241
28345
28355
28360
28363
28386
28392
28435
28458
28472
28576
28584
28634
28650
28668
28677
28680
28682
28685
28696
28709
28710
28711
28754
28814
28838
28873
28881
28895
28896
28905
28912
28937
28954
28962
28987
29038
29080
29109
29116
29203
29256
29271
29304
29314
29326
29352
29403
29439
29464
29495
29501
29514
29562
29567
29646
29662
29754
29785
29807
29859
29919
29931
29946
29963
29978
29996
30046
30091
30093
30098
30101
30127
30133
30152
30167
30180
30211
30218
30222
30224
30301
30325
30341
30346
30353
30408
30416
30420
30429
30472
30523
30524
30529
30591
30601
30605
30616
30628
30632
30674
30682
30713
30737
30786
30822
30824
30865
30867
30868
30871
30876
30919
30929
30963
30981
30988
31025
31033
31051
31067
31115
31147
31159
31176
31186
31209
31211
31212
31237
31277
31278
31335
31344
31390
31397
31450
31455
31525
31531
31542
31580
31587
31666
31678
31746
31761
31763
31769
31860
31861
31899
31930
31986
31992
32009
32023
32025
32033
32036
32043
32087
32092
32099
32125
32152
32160
32174
32233
32252
32255
32269
32324
32340
32354
32373
32394
32403
32406
32419
32433
32452
32468
32484
32533
32535
32549
32587
32661
32680
32715
32733
32813
32864
32907
32914
32945
33042
33050
33073
33107
33122
33140
33195
33233
33250
33295
33408
33413
33426
33489
33490
33516
33522
33559
33563
33605
33612
33629
33634
33635
33639
33645
33663
33674
33685
33693
33697
33815
33836
33852
33878
33904
33912
33938
33941
33942
33944
33949
33962
34014
34033
34042
34084
34113
34117
34161
34252
34283
34285
34361
34420
34465
34490
34493
34498
34513
34518
34531
34543
34624
34638
34686
34698
34717
34738
34772
34794
34796
34811
34856
34866
34922
34958
34964
34968
34988
34993
34997
35012
35053
35168
35178
35186
35208
35225
35307
35350
35376
35387
35412
35422
35429
35445
35447
35479
35573
35613
35622
35643
35663
35721
35730
35740
35753
35794
35804
35828
35829
35848
35860
35883
35890
35917
35925
35926
35927
35964
35979
35989
35998
36041
36049
36050
36110
36113
36130
36152
36155
36163
36170
36205
36218
36238
36278
36304
36317
36340
36341
36364
36375
36381
36418
36464
36477
36501
36506
36588
36620
36639
36642
36645
36668
36684
36705
36707
36716
36743
36756
36762
36763
36765
36780
36803
36826
36827
36833
36849
36873
36902
36952
36955
36986
37033
37035
37036
37081
37107
37163
37192
37240
37259
37271
37278
37377
37472
37482
37499
37504
37516
37520
37530
37538
37552
37564
37628
37656
37748
37767
37848
37874
37967
38011
38020
38063
38093
38100
38130
38147
38174
38178
38184
38263
38287
38311
38393
38413
38420
38517
38527
38536
38546
38550
38574
38628
38639
38643
38654
38667
38670
38714
38719
38783
38796
38857
38867
38875
38881
38933
38944
38998
39006
39017
39022
39040
39049
39086
39129
39132
39133
39147
39160
39215
39219
39228
39282
39304
39306
39307
39318
39320
39343
39347
39392
39415
39435
39475
39480
39536
39562
39591
39651
39694
39795
39813
39816
39839
39840
39846
39896
39897
39908
39925
39927
39933
39952
40011
40014
40017
40066
40084
40094
40134
40137
40140
40200
40277
40283
40286
40306
40327
40343
40361
40371
40396
40498
40530
40535
40597
40634
40660
40667
40668
40696
40714
40751
40808
40882
40893
40894
40940
40977
40990
41126
41157
41292
41298
41368
41382
41414
41458
41460
41493
41500
41568
41573
41601
41625
41640
41648
41655
41717
41797
41809
41810
41820
41826
41830
41832
41837
41840
41912
41918
42034
42065
42084
42140
42189
42217
42220
42227
42250
42262
42290
42291
42314
42334
42437
42518
42552
42556
42569
42645
42661
42685
42687
42726
42780
42789
42797
42805
42825
42841
42870
42886
42902
42959
42965
42967
42971
42991
43000
43040
43049
43065
43124
43142
43145
43164
43170
43175
43203
43215
43216
43221
43233
43251
43270
43296
43321
43338
43354
43388
43439
43501
43509
43531
43533
43591
43596
43614
43621
43628
43642
43643
43659
43662
43665
43709
43710
43736
43783
43810
43882
43980
43991
44065
44106
44107
44108
44109
44110
44225
44269
44283
44316
44347
44361
44417
44427
44456
44521
44545
44576
44578
44582
44615
44623
44639
44671
44752
44798
44818
44834
44871
44894
44927
44935
45078
45094
45100
45109
45110
45126
45135
45146
45168
45234
45254
45257
45270
45289
45323
45400
45416
45464
45485
45502
45503
45515
45523
45529
45532
45540
45568
45600
45664
45672
45690
45705
45716
45742
45798
45833
45901
45986
46041
46043
46046
46081
46085
46091
46127
46165
46189
46199
46211
46238
46272
46299
46310
46314
46326
46387
46404
46432
46437
46446
46488
46492
46548
46590
46630
46660
46664
46690
46691
46697
46781
46877
46929
47022
47027
47058
47077
47115
47165
47192
47254
47263
47307
47347
47350
47365
47392
47425
47439
47474
47480
47483
47508
47543
47545
47553
47587
47594
47620
47621
47634
47647
47688
47694
47712
47772
47796
47854
47878
47911
47916
47926
47934
48026
48041
48065
48071
48075
48079
48106
48121
48134
48234
48236
48253
48262
48267
48312
48342
48346
48347
48359
48372
48386
48414
48452
48458
48459
48475
48501
48512
48517
48553
48556
48609
48641
48655
48678
48686
48706
48742
48749
48802
48851
48889
48893
48898
48946
48999
49008
49122
49130
49132
49154
49176
49192
49197
49223
49254
49274
49295
49298
49308
49323
49327
49328
49338
49438
49441
49472
49481
49482
49496
49500
49505
49515
49577
49578
49607
49660
49687
49688
49716
49754
49763
49785
49845
49847
49921
49929
49957
