4
7
29
47
94
233
247
269
286
294
331
332
351
375
390
429
433
446
462
501
522
530
545
548
568
603
616
624
668
687
690
717
757
775
796
804
825
835
895
911
935
979
981
982
1026
1066
1116
1130
1159
1221
1225
1270
1314
1352
1417
1452
1495
1497
1526
1539
1549
1560
1578
1594
1607
1648
1650
1658
1697
1702
1712
1717
1726
1733
1763
1806
1821
1962
1995
2006
2033
2070
2112
2118
2131
2173
2180
2209
2217
2229
2237
2242
2243
2262
2277
2280
2290
2329
2416
2451
2452
2485
2486
2513
2520
2543
2591
2604
2612
2613
2631
2678
2697
2711
2715
2721
2726
2734
2779
2784
2790
2793
2817
2823
2841
2869
2877
2897
2966
2972
2991
3007
3014
3015
3065
3105
3113
3114
3154
3176
3177
3183
3217
3226
3235
3238
3261
3267
3289
3307
3328
3334
3363
3374
3420
3424
3437
3493
3498
3557
3598
3601
3608
3611
3617
3681
3702
3716
3726
3745
3801
3817
3820
3835
3848
3851
3859
3860
3876
3881
3922
3927
3964
3965
4010
4048
4075
4082
4137
4165
4171
4175
4227
4270
4312
4317
4320
4329
4354
4378
4394
4399
4423
4438
4443
4529
4558
4579
4637
4670
4712
4727
4733
4772
4841
4848
4895
4923
4926
4956
4989
4996
5006
5026
5044
5104
5116
5130
5163
5183
5189
5193
5196
5205
5209
5210
5223
5235
5239
5256
5259
5291
5320
5336
5350
5353
5402
5403
5411
5480
5618
5625
5634
5639
5672
5692
5706
5726
5761
5779
5795
5799
5815
5861
5899
5914
5924
5932
5964
5973
5990
5997
6008
6024
6026
6036
6049
6069
6105
6115
6118
6133
6148
6164
6210
6214
6215
6253
6281
6315
6368
6392
6425
6432
6465
6516
6539
6552
6596
6602
6607
6608
6616
6639
6645
6706
6721
6740
6754
6759
6835
6842
6856
6863
6870
6879
6927
7017
7028
7057
7090
7141
7186
7199
7213
7249
7255
7256
7262
7303
7352
7356
7357
7367
7383
7400
7414
7437
7451
7465
7507
7512
7536
7548
7571
7617
7640
7700
7776
7791
7867
7874
7876
7883
7893
7985
7987
8019
8063
8111
8165
8207
8213
8273
8284
8301
8338
8356
8357
8380
8397
8402
8404
8409
8431
8492
8517
8590
8642
8644
8691
8701
8713
8757
8768
8817
8835
8902
8905
8936
8944
8956
9055
9110
9114
9142
9149
9150
9173
9225
9230
9243
9285
9296
9418
9457
9464
9465
9476
9481
9565
9566
9569
9584
9586
9598
9604
9651
9655
9657
9727
9753
9772
9801
9805
9851
9894
9927
9964
10013
10048
10063
10078
10152
10157
10173
10176
10186
10308
10348
10360
10396
10400
10486
10487
10501
10551
10610
10650
10726
10728
10751
10786
10836
10839
10876
10888
10916
10949
10955
10998
11008
11037
11116
11131
11150
11166
11178
11197
11249
11261
11272
11287
11299
11302
11318
11326
11368
11438
11441
11443
11445
11450
11464
11542
11580
11619
11656
11678
11709
11749
11784
11804
11831
11837
11844
11869
11878
11895
11898
11911
11932
11964
11970
11995
12115
12141
12206
12221
12223
12234
12252
12254
12289
12320
12323
12376
12394
12415
12419
12431
12497
12535
12546
12551
12560
12567
12599
12669
12673
12680
12702
12715
12745
12758
12844
12849
12889
12907
12976
12977
13022
13027
13072
13247
13250
13251
13297
13316
13379
13403
13410
13415
13431
13478
13531
13534
13535
13543
13652
13734
13740
13747
13766
13767
13775
13797
13810
13823
13891
13901
13917
13932
13949
13952
13971
14004
14026
14064
14093
14142
14145
14153
14154
14183
14298
14299
14333
14370
14379
14406
14462
14511
14513
14561
14640
14646
14709
14738
14776
14820
14823
14858
14865
14877
14902
14946
14955
14996
15006
15007
15009
15079
15082
15092
15128
15133
15159
15207
15269
15296
15298
15329
15349
15452
15498
15559
15561
15590
15593
15640
15654
15658
15673
15686
15744
15906
15929
15930
15986
16056
16078
16107
16141
16144
16145
16153
16191
16199
16211
16218
16288
16318
16319
16346
16436
16469
16533
16535
16557
16603
16616
16626
16641
16643
16728
16733
16734
16778
16783
16784
16830
16838
16843
16880
16895
16927
16933
16961
16988
17008
17018
17022
17027
17063
17094
17143
17159
17208
17236
17278
17285
17315
17348
17371
17379
17391
17440
17539
17552
17583
17616
17621
17657
17665
17671
17675
17676
17683
17718
17767
17768
17789
17812
17848
17866
17878
17883
17935
17947
17958
17978
17982
17996
18025
18043
18058
18096
18098
18141
18184
18219
18246
18248
18258
18259
18305
18348
18360
18378
18435
18436
18526
18532
18536
18592
18607
18657
18665
18685
18701
18704
18728
18732
18748
18794
18814
18818
18878
18896
18899
18900
18981
18999
19012
19030
19072
19104
19107
19171
19272
19319
19407
19424
19431
19439
19484
19489
19508
19547
19560
19562
19565
19571
19590
19616
19640
19651
19657
19683
19694
19698
19719
19767
19815
19824
19839
19854
19877
19889
19919
19941
19952
19967
19997
20011
20030
20033
20076
20085
20103
20112
20122
20148
20248
20300
20324
20353
20371
20397
20471
20517
20523
20558
20578
20584
20602
20614
20637
20656
20668
20696
20702
20735
20737
20801
20852
20864
20868
20916
20938
21014
21039
21097
21134
21141
21142
21150
21186
21210
21212
21221
21247
21259
21286
21298
21345
21370
21379
21502
21525
21553
21610
21636
21675
21678
21680
21685
21688
21705
21786
21818
21832
21836
21837
21895
21927
21930
22001
22032
22153
22173
22177
22232
22252
22278
22328
22331
22344
22441
22496
22502
22513
22524
22530
22536
22564
22590
22594
22619
22620
22636
22669
22692
22698
22728
22730
22825
22839
22864
22896
22901
22910
22916
22939
22955
22988
22990
22994
23014
23054
23055
23063
23066
23069
23111
23135
23139
23150
23159
23192
23213
23214
23236
23242
23260
23278
23335
23390
23428
23439
23446
23491
23505
23518
23545
23554
23572
23587
23611
23617
23623
23674
23676
23679
23686
23800
23809
23880
23899
23914
23944
23945
23947
23977
23984
23995
24012
24015
24080
24081
24096
24128
24136
24162
24166
24174
24179
24196
24203
24204
24228
24246
24264
24287
24301
24311
24325
24353
24357
24380
24383
24397
24453
24481
24510
24557
24566
24576
24645
24657
24662
24667
24670
24679
24694
24738
24775
24799
24813
24853
24920
24960
24966
24972
25048
25055
25067
25105
25124
25133
25134
25138
25181
25208
25242
25291
25301
25364
25394
25401
25516
25526
25532
25546
25571
25582
25611
25766
25768
25772
25773
25793
25860
25885
25891
25899
25926
25933
25936
26047
26077
26084
26085
26125
26206
26211
26289
26302
26311
26348
26382
26383
26387
26404
26424
26425
26432
26440
26473
26480
26493
26513
26557
26590
26682
26705
26733
26762
26780
26825
26845
26863
26906
26926
26954
26979
27021
27041
27089
27099
27104
27121
27123
27154
27201
27208
27210
27292
27293
27306
27403
27420
27477
27492
27515
27527
27542
27548
27573
27611
27626
27627
27628
27652
27666
27669
27705
27739
27742
27805
27813
27883
27926
27933
27941
27942
27946
27949
28001
28040
28065
28084
28125
28130
28249
28267
28268
28308
28339
28368
28372
28394
28435
28467
28511
28557
28564
28594
28636
28639
28657
28665
28786
28831
28832
28896
28910
28916
28926
28942
28964
28982
29023
29031
29047
29081
29106
29170
29195
29236
29298
29301
29306
29319
29327
29366
29485
29489
29515
29573
29590
29593
29641
29651
29667
29671
29679
29698
29709
29716
29740
29749
29757
29767
29833
29874
29877
29897
29898
29907
29959
29974
30018
30078
30148
30160
30166
30167
30169
30171
30188
30196
30218
30249
30263
30274
30283
30317
30373
30450
30466
30496
30502
30515
30593
30609
30633
30674
30697
30704
30798
30801
30808
30820
30888
30920
30931
30956
31034
31095
31105
31113
31115
31174
31178
31368
31377
31486
31519
31550
31561
31566
31592
31601
31649
31673
31691
31707
31743
31755
31795
31840
31845
31854
31899
31908
31909
31984
32004
32064
32128
32142
32156
32175
32218
32249
32293
32301
32302
32323
32492
32515
32541
32578
32606
32619
32639
32681
32690
32705
32820
32823
32846
32858
32939
32981
32994
32998
33043
33049
33051
33055
33097
33143
33158
33165
33168
33266
33271
33286
33344
33364
33449
33450
33504
33510
33513
33543
33553
33561
33584
33685
33691
33692
33696
33716
33767
33831
33834
33889
33922
33939
33943
33968
33990
34005
34008
34016
34032
34063
34074
34082
34102
34119
34158
34176
34235
34268
34298
34322
34340
34350
34352
34362
34391
34408
34420
34421
34484
34535
34538
34569
34574
34591
34632
34684
34707
34723
34747
34792
34798
34822
34824
34870
34878
34933
34945
35030
35063
35172
35192
35194
35266
35284
35293
35323
35402
35415
35440
35598
35630
35640
35664
35691
35717
35721
35757
35766
35813
35841
35859
35881
35931
35940
36038
36051
36169
36180
36194
36325
36378
36394
36396
36455
36477
36518
36528
36541
36589
36642
36648
36662
36666
36701
36751
36785
36791
36824
36874
36890
36912
36981
36997
37000
37025
37046
37047
37061
37070
37146
37202
37203
37216
37299
37300
37338
37437
37452
37518
37577
37620
37623
37672
37735
37749
37772
37785
37787
37810
37820
37831
37849
37897
37898
37950
37951
37958
37967
38015
38055
38060
38065
38070
38095
38112
38131
38164
38180
38187
38233
38238
38242
38264
38284
38286
38316
38341
38359
38374
38408
38417
38423
38442
38484
38493
38510
38517
38547
38579
38588
38590
38595
38624
38631
38652
38655
38658
38726
38735
38771
38788
38810
38815
38821
38822
38826
38828
38845
38864
38954
38968
38971
38972
39001
39018
39099
39102
39173
39189
39266
39272
39273
39277
39291
39297
39305
39324
39358
39382
39404
39483
39492
39500
39536
39583
39607
39647
39766
39783
39787
39789
39827
39859
39868
39885
39905
39922
39972
40052
40070
40071
40098
40103
40123
40124
40136
40163
40192
40198
40213
40220
40228
40269
40309
40352
40358
40367
40369
40375
40415
40442
40457
40460
40514
40568
40576
40589
40627
40640
40653
40674
40715
40716
40721
40725
40751
40861
40867
40922
40948
40969
40971
41005
41009
41038
41040
41072
41105
41113
41115
41124
41145
41171
41197
41239
41258
41316
41323
41377
41389
41408
41424
41430
41483
41509
41542
41550
41559
41563
41564
41573
41581
41591
41592
41608
41616
41676
41688
41694
41700
41716
41722
41736
41803
41823
41839
41846
41856
41960
41979
42069
42080
42088
42108
42112
42117
42118
42132
42141
42148
42158
42197
42198
42354
42377
42389
42394
42396
42457
42464
42488
42496
42502
42519
42528
42553
42577
42581
42606
42649
42658
42659
42673
42704
42750
42755
42775
42848
42869
42877
42910
42911
42979
42985
43019
43025
43026
43034
43040
43045
43094
43095
43122
43129
43159
43186
43285
43305
43361
43386
43403
43458
43470
43491
43501
43522
43527
43560
43596
43636
43663
43726
43730
43752
43761
43778
43789
43806
43814
43816
43831
43837
43874
43883
43890
43893
43910
43926
43967
43974
43990
44057
44075
44081
44085
44103
44145
44146
44181
44185
44189
44192
44202
44206
44225
44252
44260
44281
44283
44380
44393
44457
44465
44496
44560
44561
44566
44595
44597
44598
44649
44656
44658
44664
44672
44679
44723
44765
44766
44802
44866
44887
44936
44959
44995
45115
45135
45148
45172
45186
45215
45233
45241
45250
45272
45289
45301
45328
45351
45373
45374
45388
45397
45398
45402
45444
45451
45494
45503
45524
45528
45543
45552
45596
45626
45674
45678
45692
45711
45725
45739
45753
45778
45804
45817
45821
45822
45825
45827
45851
45854
45866
45877
45889
45918
45982
45985
45993
46057
46065
46105
46110
46271
46276
46323
46331
46343
46414
46422
46425
46460
46482
46506
46605
46636
46667
46669
46685
46686
46690
46701
46721
46744
46770
46793
46812
46816
46910
46921
46926
46987
47021
47077
47082
47095
47096
47099
47115
47174
47236
47243
47250
47251
47328
47356
47361
47373
47403
47419
47446
47467
47477
47481
47501
47510
47541
47579
47662
47674
47678
47681
47697
47699
47717
47718
47734
47745
47761
47766
47776
47804
47814
47837
47867
47888
47900
47902
47921
47934
47962
47963
47980
48008
48032
48046
48126
48173
48180
48188
48191
48238
48284
48296
48301
48375
48388
48416
48439
48441
48442
48474
48524
48562
48580
48592
48610
48614
48643
48655
48691
48692
48720
48761
48764
48776
48870
48882
48956
48959
49026
49110
49126
49132
49142
49143
49172
49229
49259
49260
49285
49307
49322
49327
49362
49369
49387
49406
49442
49445
49467
49472
49487
49593
49609
49632
49634
49648
49684
49711
49731
49733
49757
49770
49826
49830
49887
49955
49964
49977
