13
33
71
114
133
145
160
186
206
242
253
256
268
278
303
318
321
348
364
405
426
434
446
447
455
459
466
499
523
547
575
579
593
639
718
719
726
731
734
737
739
753
761
768
794
820
828
829
886
903
912
939
980
1006
1026
1031
1084
1090
1132
1153
1186
1189
1195
1309
1317
1323
1379
1381
1495
1536
1572
1614
1620
1685
1693
1705
1773
1778
1796
1806
1810
1860
1875
1918
2004
2009
2014
2021
2052
2077
2082
2084
2259
2271
2294
2298
2313
2360
2368
2402
2441
2455
2491
2503
2570
2579
2594
2604
2612
2629
2656
2676
2690
2709
2785
2818
2898
3021
3106
3207
3254
3285
3308
3331
3363
3368
3378
3402
3416
3435
3439
3440
3447
3492
3550
3560
3575
3588
3592
3615
3621
3636
3640
3664
3674
3716
3744
3748
3763
3786
3804
3819
3939
3950
3988
3995
4007
4011
4012
4016
4054
4073
4099
4119
4146
4162
4200
4238
4248
4316
4390
4464
4485
4514
4516
4548
4595
4604
4626
4632
4640
4649
4681
4703
4761
4779
4784
4791
4806
4934
4936
4947
4956
5005
5020
5046
5140
5154
5165
5178
5212
5307
5312
5313
5322
5381
5418
5456
5459
5604
5624
5660
5681
5702
5714
5740
5772
5773
5803
5835
5855
5891
5907
5959
5967
6029
6031
6047
6055
6080
6092
6120
6129
6160
6165
6187
6211
6217
6271
6279
6282
6291
6358
6362
6433
6528
6538
6575
6578
6605
6645
6654
6678
6766
6839
6872
6898
6911
6915
6934
6962
7004
7005
7006
7025
7035
7050
7059
7096
7103
7142
7166
7185
7205
7225
7228
7239
7259
7271
7287
7319
7328
7337
7341
7388
7415
7443
7457
7490
7491
7493
7548
7553
7585
7663
7721
7728
7731
7840
7853
7855
7863
7898
7917
7934
7948
7957
8009
8020
8064
8097
8124
8157
8167
8322
8336
8458
8468
8474
8541
8542
8569
8595
8631
8633
8634
8719
8737
8787
8788
8791
8804
8818
8839
8870
8877
8966
8992
9055
9079
9096
9117
9153
9166
9175
9176
9191
9198
9213
9234
9247
9275
9284
9293
9310
9319
9356
9406
9415
9442
9446
9483
9593
9607
9637
9638
9669
9691
9722
9810
9851
9882
9902
9959
9986
10008
10024
10029
10044
10057
10069
10079
10136
10159
10167
10233
10290
10308
10323
10335
10339
10364
10367
10370
10385
10443
10464
10481
10529
10569
10579
10589
10601
10604
10627
10636
10660
10699
10782
10814
10823
10833
10852
10861
10864
10902
10917
10935
10945
10995
11025
11039
11092
11094
11122
11140
11157
11163
11176
11179
11210
11219
11226
11239
11307
11373
11404
11433
11444
11446
11468
11503
11565
11595
11609
11619
11667
11676
11715
11749
11763
11797
11813
11823
11828
11878
11884
11928
11936
11945
11965
11966
11972
11973
11977
11996
12008
12012
12058
12090
12135
12141
12180
12210
12298
12324
12381
12408
12450
12507
12517
12536
12581
12623
12653
12664
12670
12673
12694
12723
12812
12824
12834
12845
12850
12864
12899
12904
12908
12986
13036
13047
13071
13074
13080
13168
13201
13228
13239
13244
13396
13411
13424
13434
13435
13439
13454
13466
13486
13504
13539
13580
13585
13591
13626
13688
13697
13815
13832
13860
13863
13904
14003
14075
14083
14087
14115
14133
14135
14181
14183
14201
14222
14229
14359
14400
14433
14468
14474
14520
14530
14536
14547
14559
14580
14596
14597
14606
14619
14636
14658
14667
14699
14725
14730
14743
14776
14799
14807
14812
14896
14920
14928
14938
14971
14977
14987
15036
15117
15151
15176
15205
15234
15266
15273
15282
15313
15349
15383
15437
15444
15458
15482
15522
15545
15591
15592
15609
15654
15677
15690
15733
15805
15841
15851
15857
15897
15920
15921
15969
15993
15995
15999
16005
16016
16030
16102
16106
16125
16138
16173
16192
16194
16217
16240
16272
16285
16305
16323
16378
16403
16412
16447
16477
16524
16540
16571
16596
16620
16640
16643
16660
16673
16674
16682
16689
16728
16772
16778
16800
16819
16820
16825
16830
16867
16901
16956
16961
16964
16988
16996
17037
17098
17111
17122
17143
17152
17166
17173
17188
17196
17204
17235
17242
17247
17391
17399
17457
17458
17469
17488
17498
17550
17589
17595
17606
17617
17624
17646
17660
17679
17681
17706
17710
17734
17757
17782
17786
17794
17796
17858
17862
17931
17943
17999
18032
18086
18100
18146
18178
18184
18193
18221
18231
18234
18241
18258
18284
18374
18383
18386
18406
18407
18466
18510
18590
18645
18692
18703
18735
18736
18752
18756
18802
18818
18839
18841
18846
18892
18896
18898
18909
18913
18933
18949
18957
19040
19047
19058
19078
19104
19143
19168
19200
19228
19242
19257
19329
19346
19363
19372
19482
19486
19536
19553
19559
19561
19611
19617
19642
19645
19662
19686
19741
19761
19785
19803
19806
19838
20015
20025
20044
20053
20104
20155
20162
20188
20209
20226
20270
20344
20368
20376
20383
20401
20447
20471
20481
20508
20525
20559
20563
20593
20610
20612
20614
20625
20640
20662
20671
20683
20687
20733
20739
20742
20785
20902
20914
20921
20926
20945
20981
21018
21027
21033
21046
21103
21106
21156
21163
21170
21173
21179
21223
21247
21249
21258
21262
21280
21294
21312
21323
21335
21337
21370
21376
21394
21401
21408
21417
21419
21443
21446
21451
21489
21493
21507
21530
21539
21575
21587
21644
21646
21702
21709
21765
21789
21818
21878
21912
21977
22002
22026
22052
22062
22134
22175
22219
22231
22236
22284
22318
22323
22327
22330
22421
22434
22506
22518
22527
22529
22530
22547
22557
22602
22629
22662
22676
22678
22681
22748
22755
22771
22804
22817
22835
22848
22868
22869
22891
22896
22919
22932
22990
22997
23005
23025
23043
23054
23059
23066
23077
23087
23102
23166
23180
23191
23196
23216
23231
23243
23253
23281
23301
23315
23366
23407
23422
23462
23495
23538
23550
23551
23582
23589
23679
23687
23688
23749
23773
23810
23872
23882
23884
23890
23928
23946
23948
23955
23988
23991
23994
23995
24019
24020
24098
24122
24136
24174
24183
24188
24214
24217
24282
24284
24308
24351
24381
24455
24469
24500
24553
24558
24608
24643
24665
24688
24689
24743
24759
24810
24817
24831
24844
24845
24916
24938
24944
24952
24982
25013
25024
25038
25065
25104
25115
25125
25135
25174
25208
25224
25242
25258
25299
25304
25311
25356
25359
25376
25400
25441
25444
25468
25486
25491
25512
25541
25562
25612
25622
25628
25666
25683
25696
25724
25748
25761
25779
25785
25794
25826
25844
25880
25886
25896
25915
25919
25932
25945
25965
25966
26017
26025
26027
26125
26131
26165
26178
26200
26206
26209
26221
26255
26300
26336
26341
26342
26376
26402
26410
26469
26470
26497
26503
26553
26555
26562
26682
26689
26709
26734
26823
26830
26841
26890
26907
26944
26978
27003
27031
27070
27119
27189
27228
27249
27254
27303
27337
27375
27401
27430
27434
27456
27458
27556
27571
27596
27641
27662
27741
27815
27838
27882
27920
27935
27945
27972
27979
27990
28007
28015
28020
28024
28033
28040
28077
28090
28188
28198
28251
28256
28263
28287
28372
28468
28473
28486
28504
28571
28593
28603
28648
28653
28659
28670
28704
28772
28773
28793
28794
28799
28800
28814
28820
28829
28852
28882
28941
28960
28968
28977
28979
28989
28996
29022
29041
29105
29151
29155
29201
29219
29232
29247
29266
29324
29346
29347
29381
29388
29398
29409
29494
29501
29559
29571
29607
29612
29632
29636
29651
29652
29683
29684
29685
29717
29721
29722
29726
29739
29779
29798
29810
29823
29845
29954
29969
30053
30094
30101
30160
30212
30230
30247
30265
30272
30293
30299
30341
30401
30418
30511
30519
30586
30618
30640
30725
30770
30782
30791
30859
30892
30905
30917
30946
30959
31025
31031
31076
31087
31107
31151
31258
31259
31271
31289
31317
31334
31340
31431
31437
31472
31478
31485
31517
31558
31559
31574
31581
31584
31607
31625
31627
31634
31648
31655
31667
31725
31819
31826
31831
31835
31855
31862
31864
31867
31876
31883
31902
31903
31926
31946
31967
31985
32016
32025
32032
32048
32081
32127
32130
32180
32201
32221
32244
32264
32267
32289
32316
32317
32342
32344
32352
32366
32468
32488
32518
32542
32564
32607
32621
32648
32651
32711
32727
32738
32770
32798
32815
32827
32843
32874
32908
32923
32997
32999
33044
33105
33150
33166
33173
33184
33211
33225
33292
33294
33326
33329
33331
33345
33359
33426
33430
33452
33506
33512
33544
33546
33578
33605
33620
33622
33624
33625
33633
33638
33642
33699
33726
33730
33744
33763
33781
33789
33796
33843
33845
33867
33868
33908
34040
34113
34168
34194
34205
34214
34266
34371
34374
34408
34432
34436
34444
34479
34503
34529
34624
34648
34756
34777
34791
34797
34840
34847
34888
34918
35018
35063
35085
35091
35122
35128
35163
35174
35231
35263
35308
35335
35372
35386
35414
35449
35488
35507
35511
35525
35528
35533
35632
35636
35754
35755
35764
35766
35781
35784
35786
35801
35814
35820
35838
35851
35858
35873
35875
35902
35904
35916
35925
35956
36039
36068
36069
36098
36109
36119
36146
36148
36179
36254
36282
36338
36340
36380
36390
36391
36406
36407
36478
36480
36510
36521
36547
36548
36586
36589
36592
36662
36663
36725
36729
36733
36739
36885
36889
36910
36926
36929
36937
36946
36964
36965
37014
37055
37061
37090
37114
37119
37174
37180
37242
37246
37247
37292
37293
37323
37336
37339
37365
37385
37404
37427
37445
37448
37478
37480
37503
37511
37523
37532
37533
37597
37600
37613
37709
37786
37794
37813
37850
37875
37886
37906
37950
37951
37952
37963
37995
37999
38070
38146
38175
38203
38210
38217
38250
38293
38375
38378
38383
38449
38508
38566
38587
38601
38605
38610
38612
38631
38635
38734
38767
38824
38846
38942
38947
38962
39022
39039
39051
39097
39112
39181
39196
39240
39250
39268
39278
39279
39306
39388
39424
39437
39444
39469
39475
39481
39488
39514
39568
39593
39598
39622
39634
39640
39675
39726
39745
39750
39752
39771
39777
39801
39803
39818
39833
39849
39853
39856
39860
39863
39894
39901
39912
39927
40001
40035
40060
40063
40084
40095
40111
40138
40147
40179
40193
40218
40248
40279
40280
40306
40319
40342
40353
40377
40382
40409
40475
40485
40529
40573
40588
40616
40653
40688
40694
40703
40795
40817
40869
40872
40896
40900
40920
40928
40932
40952
41016
41076
41093
41204
41304
41386
41458
41463
41496
41509
41520
41552
41639
41669
41680
41716
41730
41740
41806
41817
41841
41842
41858
41859
41860
41900
41907
41985
42006
42035
42039
42054
42068
42071
42093
42095
42098
42105
42136
42138
42206
42207
42281
42290
42329
42340
42347
42356
42369
42409
42410
42446
42470
42510
42524
42536
42551
42552
42605
42644
42648
42681
42801
42840
42870
42880
42910
42956
42990
43040
43050
43080
43117
43122
43148
43168
43171
43188
43191
43194
43221
43276
43286
43316
43320
43356
43375
43376
43380
43383
43385
43405
43408
43424
43452
43492
43536
43603
43606
43629
43637
43680
43720
43731
43752
43797
43828
43858
43885
43918
43929
43996
43999
44052
44137
44140
44152
44158
44163
44227
44232
44267
44304
44310
44318
44336
44345
44365
44367
44381
44396
44412
44420
44438
44477
44490
44492
44509
44540
44606
44636
44651
44742
44761
44774
44787
44793
44799
44832
44835
44844
44868
45016
45032
45040
45043
45077
45085
45113
45123
45130
45135
45143
45168
45189
45211
45241
45273
45299
45320
45322
45330
45422
45423
45438
45439
45468
45501
45580
45591
45592
45595
45646
45649
45682
45686
45706
45721
45727
45730
45789
45794
45803
45862
45883
45895
45902
45924
45944
45958
45972
45987
46062
46104
46124
46204
46240
46249
46293
46334
46361
46369
46375
46436
46446
46496
46545
46567
46573
46596
46659
46668
46678
46728
46764
46780
46788
46799
46809
46884
46911
46951
46959
46968
47072
47215
47246
47344
47348
47394
47408
47432
47473
47508
47565
47588
47600
47607
47612
47617
47707
47710
47736
47784
47810
47828
47851
47892
47897
47936
47943
47948
47957
47965
47970
47973
48020
48040
48055
48060
48073
48075
48090
48094
48102
48177
48230
48267
48328
48350
48352
48390
48402
48443
48452
48467
48472
48480
48483
48498
48508
48520
48554
48574
48624
48630
48642
48648
48660
48678
48681
48761
48795
48818
48842
48854
48856
48881
48911
48919
48927
48932
48958
48961
48986
48996
49013
49084
49168
49241
49254
49260
49261
49302
49333
49336
49357
49394
49447
49465
49467
49488
49505
49510
49522
49547
49558
49559
49581
49585
49662
49703
49721
49725
49726
49729
49732
49735
49761
49766
49811
49832
49882
49904
49973
