14
15
29
52
55
63
65
96
161
165
173
177
180
212
216
243
273
281
287
307
319
323
382
408
411
424
437
465
466
474
490
530
560
588
589
604
641
644
650
663
680
705
738
767
889
903
907
911
924
927
930
940
960
976
1000
1009
1058
1071
1115
1116
1118
1130
1183
1226
1250
1251
1255
1265
1266
1276
1359
1380
1382
1384
1390
1432
1435
1497
1502
1503
1505
1526
1532
1559
1622
1627
1629
1675
1678
1711
1713
1717
1723
1756
1782
1784
1795
1827
1835
1851
1859
1861
1879
1904
1908
1985
1986
2028
2099
2137
2162
2202
2207
2216
2235
2237
2243
2248
2357
2401
2418
2467
2477
2481
2485
2495
2513
2520
2537
2540
2583
2607
2611
2782
2788
2796
2901
2916
2918
2933
2962
2977
3037
3058
3091
3117
3120
3129
3135
3144
3205
3208
3253
3257
3301
3312
3317
3342
3414
3432
3453
3473
3486
3580
3588
3691
3735
3751
3785
3790
3805
3819
3826
3833
3843
3845
3850
3857
3860
3873
3897
3936
3969
4027
4094
4105
4109
4146
4157
4234
4244
4258
4277
4315
4336
4340
4397
4435
4460
4466
4481
4539
4559
4583
4602
4616
4621
4643
4663
4685
4691
4711
4713
4741
4747
4751
4763
4799
4827
4829
4920
4935
4949
4959
4989
5066
5096
5120
5124
5210
5273
5281
5311
5365
5405
5459
5477
5487
5497
5501
5536
5574
5575
5578
5597
5637
5672
5677
5735
5740
5777
5779
5781
5855
5928
5929
5934
5945
5959
5972
5983
6054
6065
6149
6154
6172
6177
6181
6186
6264
6281
6308
6320
6322
6378
6439
6527
6561
6605
6616
6658
6660
6676
6679
6714
6717
6724
6732
6735
6796
6806
6807
6812
6851
6896
6914
6916
6937
6976
6997
7045
7060
7091
7172
7198
7214
7233
7286
7343
7348
7372
7382
7458
7469
7485
7532
7537
7539
7578
7589
7590
7605
7619
7624
7637
7648
7679
7689
7728
7748
7773
7820
7823
7835
7855
7861
7962
7985
8000
8013
8082
8089
8099
8106
8133
8184
8217
8276
8303
8337
8363
8368
8388
8419
8428
8438
8505
8529
8537
8601
8633
8635
8679
8694
8703
8716
8729
8730
8785
8863
8901
8953
8976
8992
9047
9079
9093
9129
9138
9169
9194
9201
9211
9224
9300
9303
9306
9307
9329
9365
9368
9391
9483
9522
9548
9612
9627
9629
9645
9682
9697
9730
9806
9857
9866
9891
9911
9944
9969
10000
10016
10019
10020
10027
10045
10063
10088
10118
10174
10185
10191
10192
10210
10234
10236
10247
10256
10277
10305
10307
10416
10428
10468
10483
10512
10526
10565
10578
10599
10608
10636
10648
10665
10692
10733
10756
10779
10819
10855
10889
10910
10944
10951
11029
11035
11065
11081
11186
11240
11347
11354
11365
11383
11390
11414
11444
11480
11484
11500
11518
11533
11558
11562
11571
11582
11604
11707
11762
11781
11855
11863
11866
11884
12015
12033
12045
12054
12068
12091
12169
12219
12222
12224
12229
12262
12287
12289
12321
12326
12331
12344
12357
12389
12404
12476
12498
12506
12552
12613
12614
12643
12661
12695
12700
12723
12724
12730
12740
12802
12804
12813
12816
12850
12875
12946
12979
12983
12984
13022
13037
13040
13048
13075
13084
13142
13148
13154
13176
13179
13194
13224
13226
13284
13304
13339
13349
13368
13390
13400
13420
13474
13486
13493
13522
13557
13582
13607
13657
13703
13704
13746
13753
13763
13814
13864
13869
13898
13909
13984
14016
14052
14059
14062
14092
14094
14134
14191
14212
14268
14294
14373
14399
14415
14435
14448
14673
14700
14744
14756
14774
14837
14850
14918
14933
14940
14953
14963
14972
14995
15018
15037
15055
15068
15069
15094
15100
15138
15149
15185
15186
15214
15229
15245
15265
15289
15318
15334
15336
15340
15344
15345
15352
15365
15371
15378
15456
15478
15493
15508
15512
15603
15609
15613
15617
15654
15668
15677
15690
15695
15726
15804
15816
15896
15903
15953
15971
15999
16019
16046
16062
16074
16086
16144
16147
16156
16189
16215
16267
16296
16308
16370
16426
16464
16516
16588
16611
16625
16683
16706
16722
16745
16793
16820
16823
16853
16868
16891
16901
16916
16926
16935
16940
16943
16964
16979
17011
17047
17063
17071
17079
17080
17112
17155
17176
17178
17185
17191
17210
17230
17235
17265
17330
17345
17358
17373
17381
17392
17401
17415
17422
17462
17479
17491
17505
17516
17517
17615
17622
17628
17630
17687
17695
17699
17701
17716
17724
17765
17860
17876
17877
17950
17952
17987
18049
18051
18063
18103
18114
18178
18244
18270
18306
18342
18375
18387
18434
18438
18442
18458
18462
18464
18521
18527
18532
18540
18570
18582
18605
18649
18660
18703
18709
18768
18807
18868
18869
18913
18977
19068
19075
19098
19120
19152
19156
19170
19184
19192
19202
19203
19239
19243
19292
19330
19376
19397
19411
19421
19431
19442
19451
19478
19525
19555
19566
19617
19621
19655
19667
19716
19719
19732
19735
19736
19750
19752
19789
19802
19820
19846
19893
19903
19932
19958
19982
20024
20035
20036
20042
20046
20132
20153
20219
20285
20289
20348
20362
20366
20446
20475
20535
20602
20613
20619
20620
20621
20656
20666
20720
20743
20767
20769
20798
20803
20808
20918
20927
20978
20981
20999
21026
21042
21057
21086
21096
21121
21152
21172
21179
21228
21236
21284
21298
21323
21343
21360
21384
21411
21417
21420
21444
21468
21471
21489
21535
21591
21596
21599
21612
21615
21642
21722
21726
21728
21754
21782
21805
21809
21812
21815
21865
21875
21896
21914
21924
21964
22050
22053
22103
22114
22175
22179
22189
22190
22300
22377
22385
22404
22423
22430
22477
22526
22527
22546
22563
22585
22592
22614
22646
22681
22683
22762
22778
22808
22838
22874
22892
22906
22938
22973
22991
23033
23047
23110
23120
23187
23225
23229
23257
23259
23291
23320
23323
23343
23349
23397
23418
23465
23498
23542
23548
23656
23657
23691
23695
23723
23745
23753
23780
23820
23837
23839
23847
23866
23882
23890
23900
23911
23928
23933
23981
23999
24077
24088
24089
24096
24124
24130
24170
24288
24319
24398
24416
24470
24498
24508
24513
24617
24645
24646
24674
24742
24760
24780
24789
24805
24811
24825
24831
24832
24849
24891
24897
24903
24923
24926
24955
24970
24971
25056
25113
25114
25167
25174
25239
25260
25262
25270
25279
25290
25305
25337
25341
25347
25388
25423
25432
25433
25456
25463
25514
25604
25637
25644
25653
25654
25658
25661
25663
25671
25685
25713
25752
25843
25844
25859
25907
25975
25984
26002
26021
26093
26098
26126
26138
26142
26161
26172
26234
26243
26291
26297
26360
26385
26395
26405
26420
26440
26445
26462
26501
26576
26594
26631
26645
26651
26670
26678
26684
26703
26748
26749
26771
26798
26822
26841
26845
26852
26860
26908
26912
26914
26931
26963
26969
27006
27078
27089
27111
27131
27138
27211
27245
27300
27311
27312
27316
27353
27378
27389
27408
27431
27450
27484
27559
27579
27583
27606
27622
27677
27698
27745
27762
27895
27905
27923
27950
27960
28000
28079
28141
28217
28228
28290
28397
28403
28405
28458
28469
28496
28533
28534
28541
28609
28642
28662
28669
28676
28701
28715
28736
28779
28780
28783
28813
28830
28898
28967
28976
29026
29053
29088
29154
29177
29203
29225
29256
29265
29300
29312
29327
29330
29336
29343
29411
29413
29418
29479
29531
29563
29575
29591
29595
29602
29605
29606
29635
29640
29668
29672
29675
29707
29726
29733
29763
29775
29785
29790
29849
29875
29917
29920
29974
29976
29992
30018
30031
30037
30123
30125
30162
30211
30269
30383
30384
30394
30413
30421
30422
30427
30445
30452
30478
30508
30559
30610
30663
30682
30684
30707
30746
30787
30791
30810
30814
30831
30834
30852
30984
31024
31033
31066
31165
31213
31224
31306
31310
31321
31337
31349
31401
31408
31437
31451
31470
31483
31512
31532
31547
31603
31657
31695
31714
31715
31734
31751
31801
31850
31865
31867
31880
31893
31895
31905
31921
31924
31926
31952
31957
31967
31987
32095
32108
32133
32144
32150
32180
32195
32221
32277
32314
32324
32357
32363
32366
32370
32373
32393
32419
32427
32470
32480
32501
32502
32509
32573
32583
32619
32622
32638
32680
32736
32753
32755
32779
32871
32879
32894
32910
32945
32974
33061
33077
33080
33165
33167
33188
33208
33217
33236
33254
33277
33322
33468
33495
33522
33530
33531
33542
33641
33642
33652
33663
33664
33670
33767
33794
33851
33876
33890
33923
33951
33967
34016
34085
34097
34101
34110
34162
34201
34213
34284
34290
34305
34339
34369
34389
34393
34396
34448
34449
34473
34489
34501
34518
34543
34549
34555
34581
34598
34599
34617
34676
34710
34774
34777
34815
34829
34830
34834
34852
34863
34877
34890
34897
34903
34909
35020
35037
35051
35079
35102
35107
35127
35150
35175
35207
35228
35262
35272
35294
35325
35339
35346
35355
35361
35363
35372
35405
35436
35451
35471
35477
35516
35526
35544
35576
35601
35604
35611
35706
35708
35710
35711
35749
35829
35833
35834
35878
35915
35923
35929
35951
35995
36014
36021
36024
36089
36099
36102
36112
36122
36277
36297
36308
36442
36524
36563
36596
36601
36672
36686
36692
36695
36705
36709
36714
36736
36739
36743
36760
36777
36782
36793
36813
36817
36822
36836
36851
36871
36933
36953
36989
37009
37036
37069
37117
37126
37145
37176
37225
37263
37272
37313
37345
37439
37447
37498
37548
37566
37614
37618
37631
37671
37703
37729
37755
37762
37812
37834
37856
37868
37885
37912
37914
37931
37957
38083
38084
38111
38122
38161
38168
38170
38188
38210
38222
38229
38236
38276
38283
38325
38339
38354
38360
38417
38459
38467
38476
38493
38600
38619
38645
38700
38728
38733
38741
38769
38780
38847
38874
38914
38923
38954
38974
39051
39065
39091
39097
39129
39164
39174
39211
39216
39218
39222
39291
39317
39332
39338
39340
39345
39364
39372
39419
39426
39442
39454
39484
39504
39518
39545
39554
39555
39566
39574
39630
39639
39645
39653
39710
39718
39721
39723
39751
39756
39771
39779
39804
39813
39821
39853
39878
39888
39965
39978
40012
40043
40050
40057
40087
40089
40096
40123
40128
40137
40180
40182
40217
40252
40264
40267
40300
40321
40354
40399
40423
40436
40443
40447
40484
40493
40567
40596
40609
40623
40629
40637
40686
40687
40720
40725
40733
40735
40783
40793
40825
40842
40951
40983
41045
41071
41077
41139
41161
41190
41194
41223
41260
41264
41270
41329
41339
41355
41384
41399
41445
41463
41468
41475
41477
41495
41564
41598
41603
41624
41651
41688
41721
41731
41754
41758
41762
41769
41788
41802
41809
41810
41837
41848
41854
41942
41951
41969
41975
41984
42015
42027
42034
42035
42055
42067
42082
42134
42167
42188
42281
42341
42352
42442
42492
42502
42517
42529
42531
42532
42551
42566
42584
42628
42640
42648
42702
42767
42778
42791
42818
42825
42830
42910
42925
42942
42954
43016
43061
43073
43074
43121
43211
43238
43240
43246
43269
43271
43275
43286
43339
43363
43378
43381
43403
43445
43448
43449
43480
43482
43541
43581
43626
43635
43637
43639
43742
43751
43789
43814
43850
43892
43931
43970
43975
43976
43981
44004
44039
44173
44190
44207
44222
44279
44371
44374
44394
44427
44466
44485
44565
44604
44616
44653
44676
44691
44715
44760
44811
44828
44855
44900
44902
44903
44959
45006
45007
45071
45089
45103
45122
45148
45164
45206
45220
45221
45258
45297
45316
45354
45370
45372
45391
45482
45494
45496
45543
45545
45551
45567
45582
45626
45628
45640
45642
45662
45668
45696
45710
45746
45799
45823
45833
45910
46007
46029
46033
46048
46088
46095
46097
46112
46131
46176
46178
46181
46192
46250
46257
46277
46363
46368
46383
46403
46425
46450
46472
46495
46513
46516
46543
46568
46619
46625
46626
46631
46634
46639
46682
46690
46694
46711
46727
46745
46752
46755
46761
46779
46844
46890
46919
46946
46966
46980
47045
47071
47083
47099
47117
47137
47181
47191
47231
47257
47314
47346
47413
47446
47468
47473
47500
47537
47544
47553
47555
47573
47609
47626
47648
47697
47700
47720
47744
47794
47827
47828
47840
47858
47911
47923
47939
47972
47992
48004
48019
48034
48037
48040
48043
48078
48102
48134
48186
48231
48240
48247
48265
48304
48307
48370
48377
48385
48389
48417
48436
48444
48516
48541
48548
48558
48648
48658
48667
48783
48806
48837
48891
48978
48984
49015
49042
49060
49161
49166
49183
49191
49268
49272
49317
49341
49364
49403
49426
49438
49442
49454
49463
49467
49478
49497
49508
49558
49582
49662
49710
49722
49726
49730
49731
49739
49749
49759
49860
49863
49911
