16
22
34
62
127
133
140
146
147
181
182
211
306
315
337
407
409
444
461
478
512
522
597
612
637
646
657
673
721
764
775
829
838
878
949
1034
1052
1080
1085
1090
1126
1168
1171
1260
1286
1335
1355
1424
1449
1468
1501
1543
1577
1579
1592
1608
1618
1619
1684
1687
1698
1716
1722
1760
1766
1881
1896
1993
2051
2104
2126
2233
2255
2265
2297
2322
2351
2357
2363
2369
2416
2512
2536
2566
2620
2623
2642
2658
2688
2770
2790
2810
2827
2840
2868
2891
2894
2926
2954
2961
2992
3071
3076
3086
3092
3099
3105
3108
3120
3136
3161
3171
3243
3247
3270
3287
3318
3331
3333
3348
3381
3383
3384
3433
3452
3453
3460
3487
3494
3551
3563
3581
3623
3632
3634
3641
3642
3667
3668
3711
3723
3745
3777
3805
3811
3841
3880
3897
3913
3927
3954
3980
3986
4001
4043
4047
4069
4115
4127
4132
4137
4170
4199
4202
4204
4214
4247
4257
4266
4279
4282
4284
4289
4354
4386
4399
4434
4475
4487
4494
4502
4523
4525
4569
4579
4584
4597
4603
4608
4611
4625
4647
4673
4686
4702
4736
4750
4757
4765
4777
4800
4835
4890
4966
4980
4985
5045
5069
5134
5143
5154
5162
5164
5227
5229
5240
5335
5349
5364
5405
5406
5408
5512
5529
5585
5601
5616
5634
5638
5661
5689
5703
5729
5746
5757
5764
5823
5848
5901
5910
6005
6022
6068
6072
6095
6119
6122
6129
6130
6135
6187
6215
6254
6257
6281
6299
6343
6350
6414
6439
6461
6478
6480
6486
6502
6547
6560
6570
6574
6575
6677
6691
6732
6733
6760
6839
6865
6869
6886
6965
7030
7052
7060
7073
7085
7152
7155
7157
7175
7177
7178
7244
7313
7332
7355
7392
7393
7406
7438
7448
7484
7496
7516
7530
7562
7575
7601
7635
7638
7643
7712
7805
7848
7853
7893
7894
7918
7932
7943
7984
8060
8067
8075
8131
8146
8157
8267
8332
8383
8384
8396
8424
8432
8467
8489
8492
8500
8514
8545
8552
8569
8584
8591
8592
8657
8663
8668
8681
8684
8786
8795
8797
8807
8818
8839
8893
8927
8934
8985
8986
9033
9034
9095
9106
9112
9137
9145
9185
9224
9272
9306
9365
9402
9414
9459
9470
9471
9501
9519
9529
9558
9593
9599
9632
9739
9778
9784
9789
9812
9817
9837
9874
9885
9893
9896
9905
10008
10026
10030
10069
10091
10140
10141
10143
10150
10155
10183
10204
10222
10237
10240
10243
10285
10295
10303
10334
10347
10379
10397
10510
10519
10526
10531
10619
10623
10672
10691
10732
10751
10764
10779
10789
10826
10848
10855
10864
10885
10913
10949
11033
11042
11049
11056
11084
11087
11111
11123
11127
11154
11186
11211
11231
11247
11249
11250
11271
11300
11307
11336
11430
11434
11441
11456
11462
11489
11544
11566
11701
11728
11745
11783
11785
11806
11834
11894
11896
11902
11904
11917
11923
11945
11949
11983
12005
12098
12109
12197
12213
12250
12272
12293
12296
12313
12426
12428
12436
12438
12442
12456
12460
12462
12469
12488
12527
12533
12589
12605
12611
12633
12661
12723
12725
12738
12750
12789
12805
12843
12856
12899
12919
12973
13004
13063
13071
13104
13145
13146
13165
13166
13184
13188
13237
13290
13343
13390
13462
13491
13503
13581
13611
13632
13641
13688
13691
13773
13777
13799
13804
13811
13891
13905
13907
13931
13986
14006
14013
14026
14052
14058
14065
14067
14083
14120
14256
14314
14338
14362
14398
14399
14406
14448
14478
14493
14496
14547
14563
14575
14576
14579
14582
14598
14600
14608
14650
14679
14688
14814
14827
14847
14893
14903
14959
14965
14993
15026
15028
15034
15060
15093
15121
15125
15154
15174
15238
15241
15338
15357
15425
15456
15514
15523
15525
15567
15569
15570
15607
15610
15703
15705
15728
15734
15760
15765
15782
15907
15929
15983
15999
16078
16097
16111
16165
16174
16187
16205
16208
16209
16243
16268
16294
16302
16306
16316
16326
16393
16499
16504
16514
16526
16535
16536
16584
16594
16604
16617
16621
16625
16662
16665
16689
16762
16806
16857
16876
16899
16916
16922
16932
16937
16946
16949
17033
17059
17068
17072
17100
17103
17129
17145
17147
17172
17220
17228
17237
17247
17254
17274
17305
17343
17370
17435
17445
17487
17488
17524
17552
17567
17601
17619
17638
17698
17748
17764
17774
17798
17799
17899
17923
17933
18033
18089
18090
18098
18132
18158
18171
18180
18237
18260
18310
18327
18341
18369
18520
18537
18541
18543
18549
18612
18738
18751
18787
18803
18807
18846
18858
18870
18894
18932
18974
18984
19030
19066
19073
19097
19103
19113
19132
19143
19186
19246
19256
19269
19301
19302
19303
19345
19361
19374
19403
19441
19446
19478
19494
19517
19585
19587
19661
19719
19780
19837
19857
19905
19914
19917
19918
19938
19955
19959
20011
20034
20037
20041
20067
20106
20159
20189
20339
20345
20362
20407
20415
20416
20463
20466
20531
20568
20570
20580
20679
20721
20723
20739
20742
20743
20762
20770
20827
20861
20881
20886
20892
20927
20944
20971
20985
21009
21021
21046
21069
21098
21174
21182
21207
21208
21219
21224
21236
21239
21252
21273
21329
21338
21352
21384
21422
21465
21468
21555
21570
21603
21623
21624
21625
21708
21710
21714
21746
21778
21779
21834
21851
21860
21870
21915
21935
21942
21981
22006
22037
22071
22097
22113
22125
22137
22156
22217
22218
22222
22223
22244
22267
22279
22286
22314
22335
22350
22353
22379
22409
22410
22440
22451
22466
22474
22495
22497
22517
22526
22548
22556
22574
22575
22581
22585
22596
22597
22623
22672
22709
22742
22748
22755
22779
22798
22805
22812
22849
22856
22888
22906
22907
22917
22937
22967
22997
23005
23014
23046
23049
23127
23144
23160
23229
23254
23269
23291
23331
23346
23350
23386
23417
23484
23497
23535
23555
23596
23616
23667
23676
23685
23715
23717
23719
23722
23737
23739
23748
23762
23769
23776
23777
23815
23833
23883
23939
23946
23952
23959
24045
24046
24090
24101
24105
24141
24169
24180
24198
24211
24215
24225
24233
24269
24343
24352
24440
24532
24545
24558
24628
24641
24682
24715
24718
24747
24782
24838
24839
24879
24896
24938
24959
24961
24970
24988
24995
25039
25142
25159
25177
25195
25211
25250
25297
25362
25376
25393
25456
25474
25483
25490
25498
25500
25518
25521
25534
25543
25628
25656
25679
25699
25715
25746
25772
25779
25785
25842
25844
25874
25892
25948
25956
25959
26039
26069
26109
26120
26131
26135
26142
26148
26152
26197
26199
26228
26238
26263
26291
26301
26335
26358
26399
26432
26441
26498
26503
26529
26631
26672
26679
26697
26704
26716
26787
26790
26791
26800
26832
26881
26893
26933
26995
27004
27009
27015
27112
27114
27135
27162
27163
27177
27187
27234
27303
27321
27357
27379
27432
27442
27444
27456
27475
27537
27597
27604
27637
27645
27650
27691
27727
27759
27773
27800
27805
27814
27841
27842
27929
27937
27959
28030
28031
28063
28065
28092
28104
28121
28198
28240
28260
28277
28325
28370
28379
28380
28389
28416
28418
28485
28514
28515
28560
28573
28595
28661
28663
28683
28701
28726
28731
28747
28790
28811
28827
28829
28840
28883
28903
28911
28912
28939
28952
28981
28986
28997
29004
29028
29032
29053
29056
29117
29231
29320
29454
29517
29574
29581
29599
29607
29640
29655
29656
29668
29680
29703
29720
29795
29828
29856
29887
29906
29954
29960
30007
30038
30076
30138
30147
30184
30245
30256
30267
30280
30282
30285
30326
30342
30343
30347
30359
30382
30420
30501
30536
30592
30611
30641
30672
30768
30960
30962
31065
31143
31219
31226
31268
31270
31278
31287
31310
31318
31399
31405
31429
31440
31443
31445
31449
31453
31479
31503
31511
31522
31527
31599
31632
31663
31664
31724
31737
31741
31756
31789
31853
31868
31886
31921
31985
32019
32057
32070
32073
32078
32085
32093
32132
32148
32248
32272
32302
32315
32327
32380
32405
32408
32410
32443
32444
32451
32478
32479
32489
32533
32534
32562
32597
32619
32638
32661
32672
32727
32749
32762
32764
32766
32785
32792
32915
32919
32927
32934
32936
32946
32971
33031
33054
33069
33083
33215
33217
33272
33274
33287
33300
33315
33323
33413
33462
33500
33501
33502
33515
33557
33590
33676
33679
33694
33784
33835
33836
33907
33925
34009
34048
34070
34082
34085
34095
34103
34148
34157
34179
34203
34239
34246
34257
34284
34288
34321
34329
34330
34338
34345
34375
34389
34440
34466
34480
34507
34512
34515
34529
34539
34549
34574
34580
34587
34598
34630
34645
34762
34767
34781
34802
34827
34833
34887
34915
34963
34968
34985
34986
34993
35000
35013
35057
35062
35133
35139
35143
35210
35215
35234
35297
35320
35446
35460
35487
35499
35541
35566
35596
35618
35652
35743
35768
35777
35785
35812
35826
35853
35874
35879
35881
35946
35964
36009
36075
36085
36109
36111
36119
36198
36209
36236
36256
36314
36336
36337
36388
36456
36496
36501
36534
36554
36584
36633
36694
36710
36718
36758
36766
36790
36816
36864
36918
36956
36979
37013
37014
37034
37040
37050
37069
37103
37113
37150
37209
37229
37255
37256
37273
37309
37313
37314
37356
37363
37373
37405
37429
37450
37464
37494
37549
37597
37616
37663
37676
37687
37786
37788
37900
37914
37932
37942
37970
38007
38040
38046
38316
38342
38346
38381
38382
38410
38470
38476
38569
38583
38592
38607
38618
38635
38639
38653
38669
38674
38785
38797
38803
38818
38860
38873
38880
38882
38919
38944
38953
38967
39007
39025
39031
39051
39061
39077
39089
39092
39093
39102
39128
39176
39189
39192
39269
39278
39279
39292
39300
39313
39314
39351
39396
39457
39486
39523
39552
39556
39567
39569
39575
39612
39624
39668
39673
39687
39722
39742
39811
39819
39822
39906
39984
39986
40012
40018
40025
40053
40061
40085
40204
40217
40277
40284
40307
40309
40311
40324
40337
40360
40419
40424
40437
40459
40468
40558
40599
40604
40612
40628
40666
40688
40724
40725
40731
40767
40814
40831
40853
40900
40902
40954
41019
41039
41041
41054
41073
41077
41123
41130
41143
41163
41175
41190
41196
41210
41225
41240
41258
41259
41274
41295
41298
41303
41316
41320
41328
41332
41363
41364
41397
41398
41424
41436
41471
41497
41546
41553
41564
41582
41623
41628
41632
41666
41671
41675
41679
41714
41794
41803
41806
41864
41877
41887
41915
41923
41954
41959
41969
41981
42017
42051
42081
42092
42096
42113
42131
42139
42144
42169
42258
42261
42280
42315
42340
42359
42364
42390
42434
42519
42525
42540
42558
42598
42623
42624
42630
42669
42686
42741
42768
42781
42809
42829
42831
42856
42889
42919
42951
42989
43008
43012
43042
43085
43122
43153
43204
43220
43250
43309
43337
43391
43404
43435
43477
43478
43489
43490
43504
43537
43565
43567
43572
43573
43576
43594
43597
43616
43623
43629
43669
43687
43702
43729
43734
43735
43758
43785
43791
43826
43831
43859
43885
43896
43900
43903
43923
43932
43936
43977
43991
44007
44010
44145
44190
44311
44329
44332
44337
44358
44363
44370
44398
44429
44489
44509
44526
44551
44584
44589
44635
44696
44737
44768
44779
44785
44827
44871
44886
44895
44924
44930
44934
44949
44957
44962
44963
44967
45003
45078
45102
45114
45198
45212
45256
45272
45274
45279
45347
45425
45466
45482
45488
45497
45514
45522
45529
45542
45559
45573
45588
45638
45644
45646
45649
45658
45703
45704
45710
45732
45752
45814
45841
45854
45856
45918
45939
45966
45992
46033
46064
46065
46082
46130
46159
46186
46231
46241
46252
46253
46276
46281
46300
46328
46333
46361
46390
46413
46420
46466
46471
46557
46567
46580
46590
46634
46636
46651
46668
46738
46742
46757
46766
46780
46868
46906
46935
46948
46983
46987
46988
47004
47042
47043
47045
47091
47171
47195
47213
47214
47254
47263
47276
47279
47311
47320
47345
47360
47365
47408
47430
47441
47457
47482
47508
47511
47517
47518
47521
47524
47528
47531
47535
47541
47563
47646
47652
47678
47692
47721
47725
47741
47756
47773
47783
47802
47827
47837
47850
47862
47894
47897
47903
47913
47925
47994
48020
48038
48063
48064
48103
48133
48149
48158
48164
48166
48251
48258
48270
48281
48299
48316
48317
48337
48339
48344
48410
48424
48456
48466
48492
48523
48541
48546
48591
48615
48633
48651
48652
48674
48685
48715
48721
48804
48811
48818
48888
48898
48920
48973
49022
49103
49104
49122
49128
49162
49178
49195
49233
49259
49261
49354
49362
49368
49371
49372
49397
49444
49520
49549
49558
49604
49611
49692
49695
49705
49707
49721
49730
49746
49773
49817
49862
49863
49891
49896
49921
49938
49941
49945
49966
