66
89
116
131
164
176
199
237
239
255
256
271
272
282
411
428
479
533
540
544
555
615
633
663
691
705
731
735
739
762
789
809
835
841
889
903
968
991
1002
1100
1113
1127
1160
1179
1212
1239
1320
1349
1363
1399
1411
1462
1473
1478
1505
1557
1576
1597
1635
1669
1693
1718
1733
1740
1841
1873
1885
1892
1903
1904
1930
1968
1986
1989
2018
2076
2088
2095
2103
2121
2193
2200
2246
2323
2326
2339
2342
2353
2363
2408
2424
2435
2442
2491
2498
2604
2612
2619
2701
2731
2736
2753
2772
2778
2822
2829
2865
2867
2869
2900
2920
2939
2955
2957
2978
2986
2994
3092
3113
3124
3142
3156
3161
3174
3204
3240
3250
3256
3283
3284
3286
3290
3295
3338
3339
3352
3360
3363
3393
3415
3421
3440
3473
3495
3525
3532
3562
3633
3634
3637
3694
3700
3706
3775
3793
3840
3867
3877
3884
3887
3987
4002
4013
4021
4067
4073
4104
4139
4146
4163
4175
4186
4188
4202
4211
4262
4327
4384
4481
4485
4486
4491
4499
4507
4518
4539
4570
4607
4609
4619
4674
4715
4720
4739
4766
4773
4792
4823
4863
4872
4892
4972
4978
4981
4984
4999
5002
5085
5103
5109
5126
5127
5133
5151
5210
5216
5223
5237
5249
5328
5357
5379
5388
5405
5458
5467
5476
5481
5526
5536
5556
5571
5600
5622
5644
5645
5647
5670
5700
5704
5710
5752
5763
5793
5795
5807
5808
5822
5827
5872
5886
5947
5948
5951
5976
6035
6054
6065
6067
6146
6150
6178
6189
6239
6243
6271
6278
6306
6307
6367
6403
6416
6425
6435
6476
6482
6497
6498
6511
6539
6565
6572
6589
6598
6642
6664
6698
6706
6728
6774
6805
6865
6877
6878
6886
6938
6949
6980
6999
7047
7058
7061
7076
7096
7154
7161
7168
7210
7220
7258
7279
7328
7347
7361
7365
7407
7425
7477
7502
7532
7584
7585
7602
7613
7635
7642
7654
7680
7702
7706
7715
7732
7756
7765
7826
7830
7838
7869
7872
7889
7931
7942
7945
7952
8004
8026
8051
8069
8076
8101
8102
8139
8159
8163
8177
8194
8207
8219
8234
8260
8281
8292
8321
8334
8341
8393
8398
8455
8463
8519
8527
8569
8602
8649
8660
8670
8695
8730
8740
8754
8813
8815
8840
8887
8929
8984
9016
9066
9075
9080
9094
9141
9206
9213
9223
9247
9295
9305
9323
9358
9404
9405
9408
9439
9470
9491
9520
9562
9627
9634
9652
9671
9674
9697
9698
9701
9706
9754
9787
9820
9852
9873
9878
9901
9933
9934
9936
10021
10069
10150
10152
10156
10163
10196
10251
10253
10301
10316
10334
10339
10346
10380
10489
10495
10499
10565
10568
10575
10585
10587
10604
10649
10659
10681
10723
10766
10807
10868
10879
10903
10933
10939
10946
10954
11003
11005
11086
11093
11097
11110
11114
11116
11147
11162
11177
11299
11365
11380
11447
11456
11468
11505
11551
11574
11666
11680
11681
11731
11735
11793
11804
11827
11841
11867
11877
11896
11929
11935
11941
11948
11954
12031
12055
12100
12114
12156
12265
12281
12286
12288
12296
12344
12381
12406
12428
12467
12496
12524
12528
12532
12596
12598
12621
12623
12649
12653
12676
12686
12700
12773
12775
12786
12845
12859
12873
12922
12934
12937
12955
12958
12971
13021
13056
13124
13167
13214
13221
13222
13242
13271
13377
13404
13413
13416
13419
13444
13546
13589
13605
13606
13662
13666
13671
13683
13691
13730
13747
13765
13784
13852
13872
13882
13910
13911
13913
13920
13947
13969
13993
14021
14042
14060
14076
14113
14161
14192
14202
14226
14242
14312
14357
14409
14477
14505
14537
14578
14644
14646
14673
14710
14723
14746
14749
14767
14770
14925
14935
15029
15083
15116
15129
15146
15150
15158
15215
15222
15226
15243
15282
15287
15288
15304
15306
15428
15514
15515
15540
15544
15558
15573
15640
15667
15688
15713
15757
15809
15819
15838
15873
15895
15898
15913
15917
15921
15932
16111
16146
16163
16198
16236
16268
16269
16285
16293
16295
16305
16337
16342
16351
16372
16373
16397
16431
16450
16491
16511
16521
16527
16539
16572
16587
16688
16691
16747
16763
16779
16781
16786
16812
16869
16883
16889
16911
16989
17001
17010
17017
17034
17048
17085
17091
17117
17210
17222
17234
17273
17287
17289
17293
17330
17347
17348
17368
17378
17413
17458
17523
17529
17570
17571
17584
17594
17603
17637
17640
17641
17666
17703
17704
17705
17725
17739
17753
17766
17775
17868
17873
17911
17920
17938
17947
17986
18005
18006
18060
18067
18208
18248
18331
18367
18400
18433
18467
18475
18490
18494
18502
18507
18524
18563
18565
18618
18625
18628
18660
18669
18680
18742
18746
18754
18775
18776
18777
18782
18800
18807
18831
18840
18858
18919
18921
18938
18989
18990
19022
19038
19045
19052
19097
19101
19122
19124
19202
19213
19222
19242
19251
19285
19286
19298
19313
19315
19394
19396
19426
19458
19463
19495
19496
19517
19554
19555
19566
19571
19583
19606
19651
19710
19721
19754
19765
19770
19798
19811
19824
19826
19890
19891
19928
19936
19944
19965
20045
20057
20065
20069
20071
20079
20102
20116
20125
20215
20229
20233
20258
20312
20418
20441
20451
20472
20540
20582
20623
20628
20633
20636
20648
20722
20744
20789
20807
20838
20881
20885
20894
20900
21011
21013
21024
21034
21058
21076
21094
21100
21122
21165
21178
21246
21261
21280
21289
21326
21369
21382
21435
21443
21449
21473
21487
21505
21525
21537
21617
21659
21671
21708
21716
21722
21723
21821
21835
21848
21863
21896
21916
21950
21954
21963
22001
22003
22005
22015
22064
22113
22119
22133
22143
22213
22263
22267
22302
22311
22318
22332
22351
22365
22412
22452
22455
22477
22521
22559
22599
22610
22635
22661
22669
22707
22795
22835
22892
22896
22955
22966
22999
23070
23105
23107
23138
23143
23156
23169
23181
23183
23190
23212
23268
23282
23314
23402
23422
23436
23482
23492
23509
23513
23544
23566
23605
23616
23632
23634
23636
23643
23644
23665
23671
23677
23700
23706
23715
23731
23861
23889
23899
23926
23940
23952
23956
23992
24010
24017
24027
24053
24058
24080
24108
24114
24127
24201
24212
24215
24294
24375
24379
24382
24464
24498
24514
24516
24531
24625
24657
24671
24690
24716
24725
24727
24750
24755
24788
24794
24807
24923
24926
24969
25003
25012
25015
25077
25089
25096
25167
25217
25247
25248
25285
25298
25330
25401
25579
25583
25631
25637
25643
25669
25699
25731
25733
25756
25859
25872
25876
25903
25907
25937
25974
26013
26043
26070
26093
26114
26194
26203
26205
26212
26241
26296
26297
26324
26347
26350
26359
26382
26392
26493
26498
26508
26510
26531
26545
26555
26563
26574
26657
26675
26694
26727
26741
26745
26802
26804
26913
26965
26979
27039
27048
27164
27167
27179
27186
27195
27200
27205
27228
27283
27302
27306
27339
27353
27358
27365
27399
27412
27431
27434
27453
27455
27500
27515
27590
27650
27683
27689
27698
27777
27791
27824
27899
27907
27954
27980
27987
28000
28007
28027
28068
28098
28123
28143
28175
28195
28270
28276
28279
28376
28446
28453
28476
28479
28505
28513
28514
28527
28553
28562
28581
28610
28620
28621
28666
28671
28682
28690
28704
28746
28806
28811
28812
28820
28845
28883
28940
28972
28977
28981
28993
29014
29109
29114
29195
29227
29248
29307
29311
29372
29421
29468
29482
29504
29514
29522
29525
29568
29639
29658
29670
29692
29699
29717
29724
29772
29775
29818
29878
29888
29916
29928
29994
30045
30090
30116
30143
30185
30212
30213
30234
30273
30281
30312
30361
30387
30391
30463
30472
30522
30605
30606
30609
30634
30638
30673
30675
30745
30750
30780
30795
30805
30830
30847
30869
30872
30883
30894
30900
30917
30946
30950
30957
30979
31010
31018
31042
31046
31048
31053
31079
31100
31111
31160
31182
31185
31204
31248
31254
31271
31275
31410
31473
31577
31624
31643
31692
31700
31729
31732
31736
31752
31767
31781
31814
31829
31863
31967
31968
31984
31996
32000
32051
32105
32121
32124
32191
32199
32214
32225
32248
32250
32277
32278
32333
32390
32398
32531
32536
32539
32543
32548
32559
32624
32635
32641
32668
32690
32715
32719
32720
32722
32802
32827
32843
32900
32901
32939
32960
32994
33010
33015
33030
33103
33113
33175
33179
33235
33263
33279
33292
33301
33315
33320
33332
33363
33472
33516
33518
33538
33563
33605
33612
33649
33652
33742
33764
33776
33791
33810
33825
33836
33842
33889
33903
34000
34009
34018
34026
34034
34036
34066
34084
34091
34121
34134
34169
34188
34195
34197
34218
34229
34232
34241
34281
34303
34334
34335
34369
34374
34383
34414
34480
34514
34532
34547
34581
34583
34586
34619
34627
34636
34641
34651
34722
34755
34789
34814
34827
34832
34889
34929
34938
34943
34980
34983
34988
35036
35052
35055
35082
35087
35138
35143
35164
35191
35212
35221
35228
35254
35265
35333
35359
35377
35389
35419
35445
35471
35483
35492
35513
35526
35528
35542
35555
35585
35643
35648
35656
35665
35671
35696
35734
35785
35793
35804
35911
35914
35915
35928
35946
35965
35982
36012
36031
36045
36074
36078
36090
36180
36219
36256
36307
36331
36363
36395
36405
36430
36481
36518
36522
36577
36635
36673
36678
36691
36695
36713
36759
36792
36803
36896
36922
36979
37000
37027
37044
37060
37071
37084
37118
37125
37129
37131
37149
37172
37192
37199
37266
37296
37316
37358
37403
37440
37490
37507
37551
37568
37592
37593
37650
37654
37724
37748
37761
37775
37799
37804
37866
37895
37906
37930
37943
38000
38009
38020
38023
38025
38078
38082
38135
38165
38166
38172
38219
38225
38255
38261
38276
38281
38294
38307
38308
38356
38364
38376
38390
38415
38467
38484
38508
38527
38566
38582
38708
38795
38799
38859
38860
38893
38940
38945
38948
39005
39007
39012
39016
39101
39108
39161
39173
39203
39215
39236
39244
39253
39267
39273
39285
39307
39310
39315
39327
39339
39345
39364
39403
39437
39485
39527
39544
39595
39622
39680
39683
39700
39729
39750
39762
39798
39816
39818
39859
39868
39944
39947
39954
39991
40002
40006
40045
40072
40106
40110
40136
40143
40144
40175
40235
40241
40272
40349
40401
40418
40442
40491
40544
40559
40574
40581
40589
40602
40619
40626
40631
40707
40714
40716
40728
40783
40814
40821
40889
40921
40933
40951
40955
41036
41049
41050
41066
41079
41097
41123
41142
41159
41164
41173
41178
41208
41289
41333
41360
41374
41396
41415
41463
41473
41482
41486
41489
41552
41563
41578
41607
41616
41639
41668
41671
41722
41737
41744
41776
41800
41818
41860
41887
41899
41909
41912
41913
41949
41950
41963
41964
41983
41985
41989
41995
42020
42037
42069
42085
42089
42149
42151
42161
42190
42194
42207
42225
42226
42262
42277
42315
42333
42370
42376
42398
42418
42423
42424
42438
42441
42482
42517
42542
42563
42592
42633
42643
42664
42714
42733
42750
42821
42839
42865
42882
42911
42969
42991
42992
43008
43012
43043
43061
43099
43165
43196
43448
43465
43513
43554
43572
43596
43609
43636
43638
43664
43690
43760
43772
43805
43817
43846
43874
43884
43904
43947
43960
44003
44006
44007
44078
44080
44082
44112
44125
44142
44149
44197
44200
44224
44229
44230
44241
44252
44289
44313
44323
44354
44359
44363
44386
44406
44411
44426
44434
44441
44470
44524
44536
44572
44574
44585
44600
44622
44673
44687
44699
44700
44779
44788
44801
44830
44849
44857
44950
44957
44962
44963
45014
45026
45075
45112
45173
45186
45266
45299
45345
45361
45450
45500
45503
45527
45539
45612
45613
45623
45641
45844
45859
45896
45898
46044
46057
46082
46094
46112
46116
46200
46233
46308
46320
46357
46359
46400
46415
46463
46484
46509
46543
46606
46619
46633
46636
46638
46640
46646
46657
46677
46709
46710
46751
46776
46853
46855
46860
46868
46873
46879
46886
46893
46910
46920
46928
46951
46959
46964
47030
47034
47078
47080
47085
47118
47141
47173
47174
47182
47215
47232
47257
47295
47297
47317
47322
47365
47373
47380
47381
47385
47393
47420
47435
47455
47474
47514
47548
47553
47593
47601
47619
47687
47723
47728
47735
47751
47810
47829
47880
47881
47882
47883
47904
47935
47957
48023
48148
48206
48219
48249
48305
48308
48333
48336
48340
48361
48391
48428
48435
48524
48526
48538
48541
48566
48569
48592
48604
48607
48629
48711
48772
48802
48815
48841
48893
48912
48923
48965
49016
49022
49047
49074
49077
49123
49165
49171
49181
49250
49261
49322
49348
49378
49441
49478
49496
49517
49521
49536
49567
49610
49652
49674
49677
49712
49753
49756
49832
49852
49883
49895
49913
49950
