19
38
43
65
152
171
179
192
237
296
297
302
307
320
363
373
388
390
400
409
424
475
524
550
557
586
592
612
632
725
747
749
770
841
843
850
890
942
953
971
998
1058
1063
1080
1134
1142
1145
1157
1202
1204
1224
1227
1239
1271
1397
1398
1411
1413
1423
1445
1476
1487
1504
1508
1580
1627
1704
1779
1797
1942
1978
2006
2050
2062
2085
2114
2125
2126
2138
2161
2185
2246
2252
2276
2289
2314
2341
2365
2413
2414
2429
2433
2440
2469
2484
2511
2517
2526
2557
2593
2637
2667
2678
2704
2723
2731
2782
2805
2818
2851
2890
2892
2893
2901
2911
2973
2983
2985
2988
3017
3040
3077
3101
3113
3119
3123
3231
3249
3268
3351
3381
3416
3423
3424
3439
3484
3498
3499
3583
3586
3617
3626
3627
3640
3648
3667
3684
3746
3786
3789
3808
3821
3911
3955
3972
4001
4007
4016
4079
4139
4158
4189
4192
4213
4222
4226
4229
4240
4280
4290
4296
4353
4382
4404
4420
4466
4485
4525
4550
4583
4646
4683
4705
4711
4751
4840
4933
4935
5018
5052
5068
5078
5086
5125
5139
5177
5197
5233
5236
5237
5251
5290
5302
5320
5339
5380
5463
5471
5475
5511
5546
5560
5562
5563
5568
5576
5614
5643
5651
5652
5659
5681
5697
5705
5709
5720
5728
5736
5737
5751
5816
5860
5876
5882
5890
5894
5960
5969
5991
6024
6027
6037
6041
6055
6060
6077
6097
6103
6143
6190
6245
6258
6260
6306
6309
6314
6344
6356
6358
6376
6417
6446
6481
6492
6596
6626
6634
6646
6664
6677
6689
6697
6710
6772
6961
6978
6995
7065
7080
7086
7099
7112
7123
7137
7171
7188
7224
7226
7227
7242
7309
7354
7363
7391
7417
7446
7454
7507
7519
7550
7552
7554
7580
7581
7603
7612
7613
7623
7629
7640
7642
7644
7651
7694
7696
7701
7795
7870
7874
7882
7919
7930
7942
8062
8079
8142
8175
8205
8207
8234
8247
8258
8304
8445
8458
8468
8494
8518
8560
8562
8596
8602
8608
8640
8655
8670
8847
8868
8922
8932
8937
8939
8953
8965
8982
8987
9016
9020
9109
9123
9240
9270
9271
9324
9326
9336
9340
9351
9423
9506
9520
9521
9652
9687
9739
9786
9797
9815
9834
9893
9898
9948
9999
10064
10111
10144
10145
10212
10220
10230
10231
10277
10289
10296
10331
10332
10334
10336
10350
10369
10442
10476
10480
10498
10500
10513
10519
10540
10550
10578
10626
10655
10666
10667
10701
10703
10816
10831
10877
10895
10896
10908
10915
10940
10986
11001
11014
11044
11078
11087
11107
11108
11134
11150
11166
11179
11190
11299
11311
11322
11327
11329
11339
11377
11401
11435
11438
11449
11466
11470
11513
11528
11530
11549
11559
11569
11592
11616
11621
11633
11716
11737
11754
11798
11825
11827
11922
11952
11962
12079
12182
12194
12200
12204
12326
12328
12372
12403
12405
12408
12429
12445
12446
12460
12466
12493
12524
12548
12557
12603
12634
12641
12646
12666
12669
12749
12772
12807
12825
12845
12860
12883
12894
12912
12928
12941
12956
12957
12965
12966
12985
12994
13046
13051
13127
13129
13134
13161
13165
13168
13176
13262
13287
13315
13324
13371
13499
13515
13547
13691
13746
13750
13799
13825
13828
13856
13946
13962
13988
13991
14000
14009
14013
14049
14064
14102
14121
14168
14197
14276
14335
14350
14387
14483
14551
14554
14582
14654
14686
14689
14690
14735
14739
14773
14850
14861
14886
14892
14958
14996
15023
15056
15073
15076
15087
15113
15130
15141
15171
15179
15189
15196
15223
15225
15238
15268
15295
15310
15319
15324
15334
15345
15364
15369
15376
15405
15406
15416
15420
15483
15491
15518
15522
15543
15547
15549
15568
15597
15749
15787
15818
15823
15832
15833
15853
15887
15889
15907
15912
15931
15960
15982
16002
16003
16037
16050
16091
16193
16219
16233
16243
16257
16263
16266
16301
16302
16330
16364
16375
16386
16400
16432
16504
16524
16532
16560
16607
16635
16642
16649
16684
16724
16728
16847
16896
16925
16958
16986
17016
17017
17019
17093
17101
17103
17199
17231
17252
17292
17293
17313
17318
17345
17347
17373
17445
17451
17470
17508
17519
17524
17563
17586
17601
17602
17623
17639
17671
17686
17736
17754
17905
17908
17914
17959
18049
18050
18059
18087
18107
18147
18185
18190
18205
18225
18291
18339
18341
18352
18370
18377
18412
18413
18489
18490
18523
18555
18571
18578
18634
18711
18717
18732
18742
18744
18750
18776
18799
18803
18851
18885
18889
18900
18918
18978
19009
19012
19017
19022
19064
19086
19101
19106
19111
19125
19195
19249
19281
19317
19345
19431
19436
19468
19500
19516
19540
19583
19610
19632
19651
19659
19672
19696
19713
19736
19751
19859
19875
19881
19888
19891
19916
19931
19946
19948
19984
19985
20007
20129
20171
20207
20219
20222
20228
20230
20233
20265
20327
20337
20348
20360
20413
20423
20436
20446
20450
20465
20499
20527
20528
20535
20545
20569
20587
20588
20592
20598
20609
20655
20701
20708
20714
20730
20760
20832
20861
20862
20869
20879
20882
20919
20924
20945
20951
20981
21023
21027
21066
21068
21082
21083
21102
21148
21150
21169
21178
21182
21197
21211
21271
21338
21355
21387
21400
21431
21434
21445
21491
21496
21552
21576
21667
21709
21727
21753
21769
21815
21850
21944
21960
21967
21975
22013
22014
22066
22072
22077
22112
22217
22232
22244
22258
22300
22312
22334
22336
22368
22391
22416
22419
22439
22456
22496
22530
22622
22635
22651
22687
22700
22717
22722
22757
22775
22785
22795
22834
22961
23006
23009
23070
23084
23109
23113
23114
23122
23134
23140
23154
23179
23206
23230
23249
23277
23288
23315
23375
23396
23443
23457
23466
23512
23565
23628
23645
23689
23757
23776
23808
23817
23825
23894
23895
23919
23921
23932
23966
23979
24066
24121
24137
24159
24179
24186
24207
24233
24252
24266
24310
24368
24397
24421
24444
24450
24464
24470
24479
24526
24536
24545
24556
24617
24689
24698
24719
24776
24797
24809
24820
24832
24865
24927
24941
24961
25039
25040
25051
25092
25129
25135
25154
25163
25174
25178
25180
25245
25308
25348
25359
25466
25474
25494
25535
25562
25567
25570
25613
25617
25628
25636
25670
25678
25681
25741
25838
25856
25923
25939
25981
26000
26036
26091
26129
26157
26158
26167
26216
26218
26256
26257
26260
26285
26368
26380
26401
26426
26457
26461
26488
26505
26523
26542
26583
26610
26625
26638
26649
26657
26666
26672
26691
26703
26725
26727
26748
26753
26776
26858
26874
26917
26956
26966
26969
26977
27014
27043
27053
27072
27076
27134
27152
27166
27172
27200
27297
27320
27347
27354
27355
27372
27380
27397
27478
27517
27520
27531
27578
27579
27592
27594
27649
27660
27689
27691
27701
27726
27732
27735
27740
27761
27809
27811
27822
27833
27853
27854
27863
27903
27907
27938
27967
27975
27993
27999
28016
28030
28040
28059
28075
28079
28092
28112
28137
28175
28184
28187
28231
28258
28272
28287
28289
28372
28380
28383
28391
28402
28437
28440
28445
28524
28539
28559
28599
28633
28644
28662
28689
28695
28729
28820
28903
28904
28906
28991
29079
29108
29115
29116
29133
29134
29145
29186
29215
29238
29256
29288
29319
29329
29332
29400
29424
29435
29447
29454
29469
29470
29510
29522
29525
29526
29542
29628
29650
29658
29667
29682
29688
29721
29745
29748
29749
29760
29800
29813
29822
29847
29890
29920
29991
30007
30032
30036
30069
30081
30092
30101
30109
30112
30123
30126
30175
30180
30190
30200
30203
30253
30293
30334
30339
30394
30411
30444
30478
30502
30574
30613
30617
30651
30657
30660
30677
30700
30717
30730
30750
30780
30794
30820
30829
30848
30872
30885
30895
30902
30922
30931
30969
30995
30999
31013
31045
31064
31117
31125
31127
31142
31161
31169
31207
31235
31287
31318
31372
31387
31388
31393
31395
31455
31456
31487
31492
31553
31554
31562
31578
31592
31646
31648
31660
31685
31693
31696
31699
31712
31726
31745
31754
31780
31807
31808
31814
31827
31869
31877
31904
31906
31929
31977
31983
32037
32074
32088
32107
32145
32149
32232
32243
32257
32286
32328
32364
32406
32407
32451
32514
32525
32543
32562
32573
32590
32611
32641
32660
32670
32685
32686
32716
32727
32789
32806
32833
32859
32862
32934
32976
32988
32996
33017
33047
33066
33073
33077
33085
33110
33223
33286
33294
33297
33306
33307
33340
33360
33516
33542
33574
33579
33622
33719
33723
33763
33764
33798
33821
33840
33862
33870
33902
33929
33967
33984
33986
33993
33996
34008
34011
34018
34023
34024
34057
34097
34105
34131
34205
34209
34228
34234
34295
34330
34388
34394
34409
34463
34488
34533
34540
34567
34616
34673
34711
34715
34734
34741
34785
34803
34812
34863
34884
34907
34963
34968
34982
34997
35023
35039
35056
35081
35132
35198
35246
35255
35277
35285
35301
35336
35387
35417
35428
35429
35435
35443
35449
35473
35477
35504
35530
35531
35562
35610
35618
35627
35682
35694
35695
35713
35727
35787
35802
35810
35858
35871
35872
35884
35894
35898
35921
36012
36035
36038
36044
36046
36055
36063
36137
36147
36195
36196
36198
36204
36221
36250
36267
36270
36297
36318
36355
36397
36406
36420
36421
36469
36477
36560
36564
36587
36619
36677
36703
36708
36720
36731
36869
36885
36994
37009
37063
37068
37087
37153
37208
37212
37227
37291
37316
37342
37377
37390
37418
37427
37465
37487
37539
37544
37553
37554
37574
37643
37647
37703
37746
37805
37818
37821
37887
37892
37902
37906
37919
37939
37960
38009
38048
38055
38056
38069
38097
38177
38190
38200
38240
38268
38381
38456
38462
38482
38505
38526
38538
38545
38567
38592
38626
38686
38781
38847
38854
38869
38896
38967
38998
39049
39063
39064
39076
39154
39173
39190
39237
39313
39316
39333
39340
39354
39399
39454
39458
39463
39467
39493
39525
39528
39544
39545
39550
39552
39592
39643
39645
39650
39662
39663
39695
39714
39748
39810
39814
39887
39964
39967
40024
40072
40134
40169
40212
40221
40248
40260
40283
40334
40338
40342
40411
40430
40450
40472
40500
40583
40596
40606
40610
40638
40685
40709
40719
40766
40770
40803
40817
40867
40870
40946
40977
41016
41052
41060
41071
41118
41138
41143
41157
41168
41219
41231
41244
41269
41283
41335
41368
41402
41409
41416
41460
41464
41472
41473
41507
41534
41552
41554
41570
41586
41607
41623
41632
41633
41635
41648
41669
41693
41725
41772
41773
41823
41837
41847
41884
41921
41970
42000
42067
42086
42091
42160
42167
42172
42187
42196
42198
42213
42250
42265
42271
42291
42400
42437
42445
42452
42469
42500
42503
42513
42554
42567
42593
42603
42668
42732
42751
42772
42823
42824
42828
42865
42890
42912
42931
42936
42939
42962
42981
42985
43017
43025
43035
43117
43120
43136
43155
43164
43170
43204
43231
43264
43290
43347
43361
43373
43395
43425
43442
43469
43484
43575
43610
43641
43649
43683
43696
43703
43747
43770
43774
43787
43847
43873
43883
43887
43911
44041
44074
44087
44116
44127
44130
44148
44161
44180
44185
44310
44331
44351
44360
44385
44422
44436
44462
44516
44524
44540
44564
44571
44584
44606
44641
44647
44648
44652
44660
44670
44686
44717
44725
44739
44818
44836
44847
44883
44924
44999
45000
45003
45026
45051
45054
45056
45067
45096
45105
45118
45150
45282
45308
45324
45335
45395
45434
45482
45519
45528
45551
45554
45598
45614
45625
45638
45648
45780
45805
45833
45839
45862
45928
45956
46031
46041
46074
46082
46099
46118
46124
46138
46140
46160
46221
46233
46245
46263
46294
46300
46315
46319
46349
46371
46409
46424
46438
46444
46462
46470
46495
46554
46558
46565
46574
46583
46639
46689
46708
46723
46787
46799
46849
46853
46866
46868
46881
46891
46901
46940
46946
46979
47038
47040
47051
47078
47107
47108
47140
47165
47189
47209
47234
47247
47253
47272
47277
47292
47294
47318
47331
47338
47339
47383
47428
47429
47430
47471
47480
47489
47523
47554
47567
47575
47589
47590
47594
47596
47622
47683
47685
47691
47699
47738
47756
47763
47776
47821
47847
47884
47904
47924
47940
47951
47963
47981
47986
48035
48060
48063
48153
48215
48220
48242
48294
48348
48404
48407
48434
48435
48448
48464
48471
48483
48505
48520
48537
48542
48552
48555
48566
48596
48600
48609
48612
48619
48630
48729
48753
48763
48770
48774
48824
48835
48852
48856
48960
48971
49048
49119
49130
49143
49199
49246
49247
49284
49299
49332
49342
49351
49380
49432
49435
49443
49471
49490
49492
49538
49541
49549
49577
49586
49598
49602
49608
49625
49633
49634
49678
49766
49781
49868
49923
49934
