12
35
59
67
85
109
110
123
133
157
164
181
190
212
214
217
261
271
299
389
432
470
507
521
655
668
729
759
761
799
857
885
890
903
905
950
980
987
991
1016
1090
1111
1115
1120
1126
1142
1185
1230
1233
1239
1352
1386
1389
1415
1430
1437
1441
1448
1466
1486
1488
1532
1538
1541
1547
1562
1593
1597
1675
1768
1799
1835
1868
1880
1888
1899
1916
1941
1981
1985
1994
2066
2100
2150
2161
2191
2240
2279
2312
2315
2331
2428
2430
2439
2444
2491
2536
2580
2592
2593
2598
2620
2653
2661
2671
2705
2706
2720
2731
2785
2791
2805
2818
2861
2880
2919
2969
3046
3057
3085
3130
3133
3165
3179
3233
3268
3286
3293
3296
3310
3403
3427
3472
3478
3485
3537
3559
3592
3625
3635
3656
3662
3673
3734
3755
3770
3786
3889
3899
3920
3929
3933
3940
3996
4056
4058
4065
4103
4114
4119
4131
4158
4275
4287
4300
4306
4339
4360
4362
4382
4384
4385
4429
4432
4475
4507
4518
4526
4562
4566
4575
4582
4590
4602
4611
4638
4647
4648
4665
4672
4732
4754
4785
4802
4806
4813
4815
4842
4907
4915
4932
4955
4973
5009
5030
5087
5104
5109
5149
5151
5218
5262
5300
5327
5354
5377
5411
5445
5451
5453
5455
5469
5483
5536
5630
5655
5663
5664
5709
5714
5728
5771
5802
5804
5827
5918
5980
6017
6046
6050
6053
6062
6064
6069
6141
6199
6209
6224
6234
6244
6259
6267
6279
6293
6379
6402
6413
6458
6468
6469
6493
6494
6547
6552
6569
6588
6590
6601
6642
6644
6645
6654
6709
6738
6774
6787
6874
6889
6921
6949
6952
6973
6983
6985
7009
7017
7055
7084
7088
7094
7145
7182
7247
7252
7285
7296
7323
7360
7404
7428
7451
7474
7487
7526
7548
7565
7591
7609
7655
7702
7710
7712
7721
7762
7789
7797
7800
7971
7993
7994
8010
8021
8037
8097
8126
8147
8158
8160
8200
8206
8213
8216
8258
8274
8379
8388
8397
8410
8422
8453
8472
8524
8532
8549
8575
8594
8641
8661
8670
8677
8697
8699
8709
8724
8738
8751
8764
8769
8782
8834
8847
8848
8855
8898
8916
8987
8993
9010
9017
9018
9031
9103
9147
9148
9158
9185
9210
9217
9259
9264
9312
9349
9352
9395
9448
9452
9468
9480
9488
9562
9567
9581
9597
9598
9603
9617
9618
9633
9643
9661
9663
9675
9683
9745
9752
9753
9784
9786
9801
9814
9815
9840
9841
9858
9927
10002
10023
10032
10041
10049
10060
10076
10162
10189
10244
10268
10271
10292
10462
10463
10468
10480
10482
10491
10492
10517
10525
10527
10565
10618
10620
10629
10671
10678
10713
10755
10841
10848
10851
10876
10895
10911
10927
10947
10974
10975
10997
11042
11073
11079
11105
11154
11168
11222
11247
11273
11308
11333
11345
11350
11393
11448
11453
11479
11487
11493
11525
11536
11574
11575
11614
11618
11688
11749
11761
11833
11856
11858
11946
11959
11970
12033
12040
12100
12144
12161
12250
12253
12293
12322
12341
12342
12354
12388
12406
12416
12433
12479
12480
12493
12544
12570
12577
12591
12630
12656
12675
12685
12709
12715
12725
12731
12790
12808
12810
12813
12824
12827
12841
12855
12914
12960
13019
13032
13046
13051
13062
13143
13174
13187
13194
13205
13248
13265
13277
13291
13380
13390
13466
13540
13541
13644
13666
13699
13759
13769
13854
13870
13902
13926
13955
13976
13982
13995
13997
14002
14006
14065
14103
14138
14155
14180
14303
14329
14350
14351
14415
14433
14463
14472
14473
14489
14500
14508
14530
14537
14580
14597
14604
14628
14631
14652
14671
14690
14692
14694
14698
14744
14784
14800
14809
14984
15027
15045
15057
15068
15071
15074
15090
15107
15137
15138
15139
15154
15179
15183
15193
15194
15222
15279
15309
15314
15321
15375
15377
15396
15413
15414
15594
15619
15662
15723
15724
15750
15775
15804
15832
15861
15874
15996
16008
16009
16071
16085
16158
16162
16230
16329
16362
16366
16388
16421
16452
16468
16475
16483
16521
16570
16608
16625
16663
16679
16738
16758
16775
16800
16801
16808
16827
16850
16863
16874
16890
16908
16934
16992
17083
17099
17146
17181
17187
17192
17194
17198
17215
17234
17254
17264
17306
17339
17346
17352
17355
17381
17405
17535
17539
17658
17664
17669
17726
17731
17739
17745
17800
17818
17827
17831
17835
17873
17910
17921
17934
17980
17982
17991
18013
18071
18119
18144
18158
18184
18245
18266
18273
18303
18325
18434
18441
18458
18506
18524
18533
18547
18570
18621
18635
18648
18655
18704
18751
18786
18798
18816
18850
18860
18897
18931
18966
19002
19005
19026
19067
19083
19119
19150
19197
19208
19230
19231
19261
19275
19332
19339
19345
19410
19445
19463
19468
19516
19517
19546
19565
19571
19577
19631
19632
19664
19716
19717
19794
19833
19843
19893
19947
19970
20033
20061
20087
20131
20135
20156
20183
20258
20322
20354
20363
20384
20399
20460
20495
20532
20536
20564
20598
20621
20645
20653
20663
20691
20730
20755
20785
20800
20806
20812
20821
20882
20885
20895
20914
20916
20928
20934
20964
20975
21066
21079
21083
21096
21135
21204
21207
21265
21267
21269
21298
21334
21342
21347
21362
21376
21388
21416
21426
21452
21455
21465
21466
21474
21481
21489
21505
21563
21575
21603
21706
21729
21754
21804
21818
21826
21831
21834
21839
21845
21875
21886
21902
21936
21971
21979
21998
22003
22063
22090
22134
22154
22192
22284
22308
22316
22329
22332
22407
22415
22438
22452
22492
22568
22571
22580
22656
22704
22724
22806
22822
22843
22864
22876
22880
22892
22897
22905
22912
22948
22973
23025
23027
23040
23057
23100
23120
23181
23279
23288
23300
23316
23322
23334
23336
23388
23390
23397
23414
23427
23432
23437
23488
23532
23543
23578
23596
23610
23637
23689
23697
23706
23716
23799
23843
23861
23871
23893
23930
23935
23941
23952
24016
24064
24070
24126
24129
24150
24221
24240
24247
24248
24270
24295
24308
24322
24341
24363
24375
24389
24401
24412
24500
24514
24545
24547
24551
24570
24573
24591
24600
24625
24634
24636
24691
24726
24744
24809
24901
24931
24943
24973
25012
25030
25057
25114
25129
25139
25176
25274
25277
25280
25303
25341
25342
25357
25379
25384
25388
25390
25392
25420
25425
25463
25474
25558
25566
25624
25628
25632
25636
25673
25699
25724
25739
25750
25868
25873
25897
25924
25927
25944
25981
25992
26000
26017
26018
26020
26054
26058
26063
26102
26185
26215
26265
26270
26311
26317
26326
26329
26336
26368
26393
26414
26428
26432
26442
26518
26602
26606
26713
26744
26773
26779
26805
26817
26824
26840
26860
26863
26903
26942
26983
27029
27062
27066
27071
27074
27075
27086
27087
27098
27103
27130
27175
27180
27188
27198
27205
27212
27217
27239
27247
27250
27269
27363
27409
27419
27488
27518
27524
27528
27529
27561
27564
27577
27581
27590
27593
27602
27620
27677
27691
27744
27754
27762
27785
27787
27808
27811
27812
27813
27815
27877
27884
27904
27948
27953
28022
28063
28073
28121
28157
28170
28252
28259
28320
28345
28360
28366
28453
28469
28505
28511
28513
28564
28595
28668
28734
28775
28783
28800
28825
28844
28877
28896
28962
28973
28985
29088
29098
29147
29209
29242
29249
29267
29276
29297
29307
29313
29362
29382
29406
29408
29440
29457
29483
29509
29531
29598
29626
29659
29661
29686
29690
29718
29723
29741
29752
29790
29813
29821
29869
29904
29924
29932
29962
29982
30003
30021
30079
30103
30117
30130
30148
30161
30171
30250
30267
30268
30296
30304
30324
30335
30355
30407
30411
30415
30423
30489
30501
30597
30650
30665
30668
30691
30704
30723
30744
30745
30777
30819
30852
30864
30885
30891
30901
30915
30936
30962
31001
31020
31040
31042
31044
31059
31113
31125
31127
31132
31145
31147
31180
31182
31203
31206
31246
31341
31361
31377
31420
31426
31443
31476
31483
31507
31524
31536
31544
31550
31626
31646
31652
31669
31672
31752
31765
31787
31812
31876
31932
31954
31969
31977
32028
32036
32058
32086
32093
32136
32171
32174
32241
32245
32252
32265
32275
32280
32315
32336
32394
32407
32433
32477
32507
32521
32526
32528
32554
32565
32570
32582
32592
32595
32600
32627
32646
32652
32660
32695
32701
32703
32705
32741
32772
32796
32825
32834
32846
32942
32975
32977
32999
33041
33079
33107
33112
33169
33238
33244
33264
33287
33435
33476
33492
33550
33571
33588
33613
33635
33661
33716
33737
33753
33765
33768
33804
33811
33816
33818
33822
33851
33894
33902
33906
33909
33916
33948
33956
33979
33999
34022
34025
34037
34040
34116
34117
34146
34170
34202
34243
34273
34287
34320
34348
34364
34365
34417
34456
34540
34589
34591
34609
34613
34616
34629
34642
34674
34703
34726
34733
34759
34801
34850
34918
34941
34973
34983
35014
35088
35094
35124
35127
35138
35152
35184
35195
35198
35238
35340
35378
35441
35455
35511
35545
35548
35554
35557
35578
35631
35645
35649
35673
35684
35713
35730
35742
35750
35793
35829
35833
35839
35863
35890
35909
36007
36018
36025
36047
36053
36067
36068
36074
36077
36086
36134
36140
36142
36237
36242
36247
36284
36298
36308
36333
36356
36360
36384
36398
36436
36480
36592
36609
36661
36713
36730
36739
36747
36750
36753
36754
36794
36814
36817
36818
36862
36874
36909
36980
36981
37035
37099
37120
37146
37151
37155
37166
37174
37199
37287
37312
37360
37385
37449
37467
37518
37567
37661
37675
37678
37715
37749
37768
37792
37810
37818
37870
37887
37889
37919
37963
37980
38009
38047
38054
38061
38227
38235
38244
38258
38259
38305
38310
38317
38379
38397
38413
38424
38435
38494
38514
38531
38534
38536
38542
38563
38585
38618
38629
38674
38678
38705
38718
38723
38767
38813
38843
38862
38871
38918
38935
38941
38996
39009
39019
39047
39055
39057
39105
39162
39211
39228
39255
39268
39419
39464
39501
39508
39516
39529
39533
39555
39579
39627
39629
39665
39670
39690
39698
39715
39722
39811
39823
39830
39833
39843
39886
39887
39889
39908
39915
39925
40013
40027
40033
40036
40040
40051
40061
40073
40082
40088
40097
40153
40179
40194
40198
40204
40220
40231
40238
40248
40267
40367
40378
40392
40402
40421
40445
40452
40453
40501
40529
40542
40543
40606
40620
40622
40634
40638
40719
40727
40753
40754
40771
40832
40841
40844
40927
40932
40933
41001
41004
41023
41090
41128
41136
41165
41197
41218
41219
41242
41278
41288
41290
41299
41304
41361
41368
41375
41381
41418
41424
41457
41579
41599
41644
41668
41681
41719
41738
41765
41785
41837
41845
41858
41866
41879
41896
41975
41984
42008
42165
42173
42256
42285
42292
42295
42307
42310
42325
42326
42365
42367
42390
42404
42423
42438
42476
42492
42498
42507
42508
42556
42571
42627
42634
42660
42663
42699
42701
42730
42775
42815
42820
42845
42872
42875
42946
42958
43006
43015
43048
43054
43097
43104
43110
43129
43134
43191
43198
43211
43221
43246
43253
43277
43331
43358
43425
43456
43512
43534
43577
43616
43707
43723
43736
43784
43794
43809
43819
43842
43889
43903
43958
43959
43979
44013
44024
44030
44057
44072
44086
44094
44106
44113
44202
44223
44274
44335
44366
44379
44451
44455
44462
44502
44511
44568
44586
44630
44637
44687
44694
44720
44748
44756
44826
44853
44860
44875
44932
44936
44961
44991
45031
45054
45057
45072
45095
45186
45211
45249
45288
45311
45383
45398
45414
45444
45446
45447
45494
45543
45578
45593
45605
45623
45640
45649
45654
45710
45774
45781
45791
45841
45845
45878
45926
45932
45933
45997
46015
46025
46049
46119
46125
46127
46159
46160
46187
46189
46261
46295
46307
46335
46342
46360
46362
46376
46386
46406
46481
46503
46543
46570
46587
46624
46630
46654
46665
46680
46688
46691
46734
46736
46743
46770
46777
46796
46855
46879
46896
46923
46947
46964
46970
46993
46996
47027
47036
47039
47067
47083
47084
47091
47113
47169
47174
47192
47225
47228
47235
47311
47315
47317
47319
47336
47341
47348
47365
47391
47392
47420
47427
47434
47483
47560
47613
47615
47675
47694
47716
47738
47761
47779
47802
47860
47874
47884
47893
47912
47916
47928
47934
47987
48010
48058
48122
48168
48173
48176
48209
48215
48290
48294
48308
48327
48345
48397
48401
48415
48417
48423
48513
48546
48593
48613
48630
48643
48644
48655
48656
48659
48730
48765
48775
48783
48793
48823
48831
48872
48921
48990
48991
48992
49089
49091
49094
49101
49139
49154
49176
49226
49237
49248
49299
49308
49356
49423
49424
49441
49445
49472
49527
49532
49618
49632
49633
49748
49847
49869
49898
49906
49908
49937
