39
122
125
157
160
175
176
220
224
240
253
318
326
329
335
363
370
434
462
479
482
486
503
569
579
600
640
668
687
725
749
789
793
810
845
876
880
893
902
995
1038
1056
1091
1111
1146
1175
1194
1197
1212
1216
1221
1233
1241
1257
1274
1342
1352
1358
1381
1387
1442
1462
1474
1515
1551
1563
1614
1621
1638
1642
1647
1655
1660
1729
1741
1768
1799
1812
1816
1819
1827
1837
1853
1866
1880
1933
1943
1981
1989
2018
2020
2046
2062
2073
2152
2168
2169
2176
2195
2197
2201
2206
2214
2242
2246
2250
2321
2338
2398
2421
2454
2471
2480
2505
2512
2515
2525
2538
2551
2566
2624
2643
2646
2668
2677
2711
2739
2744
2851
2884
2893
2905
2941
2971
3000
3024
3034
3087
3096
3143
3172
3249
3261
3274
3276
3279
3293
3396
3423
3447
3452
3464
3510
3536
3543
3561
3630
3658
3672
3719
3786
3793
3825
3833
3864
3877
3886
3897
3901
3908
3935
3937
4012
4074
4093
4101
4127
4180
4198
4270
4293
4346
4359
4370
4447
4463
4472
4475
4486
4487
4494
4500
4517
4528
4543
4546
4578
4579
4583
4599
4604
4614
4665
4678
4712
4720
4721
4726
4743
4780
4817
4865
4873
4883
4928
4973
5014
5031
5038
5059
5079
5127
5171
5179
5180
5183
5210
5236
5248
5349
5384
5460
5497
5543
5554
5559
5612
5639
5649
5687
5847
5848
5850
5866
5879
5893
5905
5960
6010
6073
6083
6102
6114
6147
6169
6231
6244
6249
6339
6367
6447
6461
6469
6499
6505
6521
6548
6552
6559
6566
6610
6618
6645
6704
6710
6723
6735
6796
6814
6815
6818
6858
6868
6970
6971
6972
6997
7049
7063
7096
7102
7208
7232
7245
7248
7280
7285
7290
7306
7323
7335
7365
7419
7435
7436
7448
7454
7457
7463
7487
7538
7546
7633
7647
7657
7695
7731
7742
7783
7790
7805
7806
7820
7831
7835
7855
7916
7933
8024
8044
8087
8093
8197
8200
8260
8320
8338
8361
8386
8412
8439
8483
8497
8505
8523
8546
8582
8593
8596
8611
8629
8663
8670
8719
8732
8751
8797
8813
8879
8897
9009
9011
9068
9073
9074
9087
9088
9121
9131
9151
9173
9174
9192
9195
9208
9316
9337
9343
9359
9366
9367
9380
9393
9414
9515
9520
9528
9545
9551
9587
9614
9631
9684
9693
9727
9744
9773
9826
9832
9862
9878
9916
9919
9937
9944
9948
9966
9978
10003
10004
10024
10046
10093
10100
10135
10173
10185
10188
10239
10248
10291
10300
10326
10419
10491
10530
10550
10574
10624
10634
10656
10663
10677
10698
10700
10717
10720
10775
10778
10989
11058
11071
11182
11275
11298
11302
11307
11308
11396
11407
11417
11495
11498
11541
11558
11567
11604
11632
11654
11695
11723
11773
11826
11830
11843
11846
11849
11877
11894
11901
12023
12058
12060
12176
12197
12243
12295
12336
12340
12341
12342
12344
12368
12388
12482
12525
12543
12636
12695
12717
12814
12913
12923
12970
12973
12980
13050
13087
13098
13117
13173
13182
13194
13263
13266
13284
13350
13359
13364
13401
13402
13420
13432
13436
13437
13479
13505
13514
13519
13562
13566
13568
13575
13597
13628
13637
13667
13732
13760
13761
13876
13885
13900
13907
13909
13961
13977
13979
14094
14111
14116
14132
14135
14138
14152
14165
14240
14258
14267
14286
14293
14297
14327
14339
14404
14423
14425
14491
14506
14557
14581
14583
14584
14585
14601
14607
14630
14641
14655
14659
14696
14779
14780
14804
14890
14906
14914
15010
15071
15101
15107
15148
15222
15244
15246
15299
15315
15332
15358
15390
15455
15473
15502
15504
15520
15529
15535
15544
15562
15582
15624
15641
15655
15672
15700
15718
15719
15720
15727
15738
15802
15826
15857
15881
15887
15897
15945
15946
15995
16013
16037
16073
16096
16097
16098
16125
16147
16148
16254
16261
16292
16294
16298
16300
16324
16357
16369
16392
16413
16454
16479
16487
16492
16521
16555
16557
16572
16587
16627
16642
16671
16688
16709
16779
16795
16808
16827
16829
16877
16883
16894
16914
16932
16940
16956
16966
16978
17002
17030
17058
17067
17088
17089
17097
17109
17128
17185
17191
17196
17213
17220
17285
17301
17416
17432
17455
17536
17619
17631
17642
17666
17675
17691
17851
17862
17869
17910
17918
17954
17959
17980
17990
17991
17999
18025
18039
18073
18133
18175
18298
18335
18376
18387
18418
18437
18448
18468
18483
18495
18500
18523
18595
18598
18621
18622
18627
18637
18643
18648
18664
18740
18743
18764
18773
18778
18795
18832
18851
18861
18922
18928
18936
18947
18951
19115
19133
19149
19159
19178
19198
19286
19318
19339
19373
19407
19441
19495
19521
19531
19557
19580
19585
19611
19685
19686
19698
19738
19745
19757
19761
19783
19792
19797
19808
19812
19824
19825
19830
19857
19902
19935
19961
19978
20023
20048
20071
20131
20132
20155
20177
20230
20240
20311
20314
20319
20327
20347
20400
20403
20425
20448
20465
20483
20486
20497
20547
20550
20552
20596
20655
20669
20727
20800
20811
20820
20825
20860
20875
20909
20947
20965
21000
21005
21068
21071
21072
21090
21149
21166
21170
21195
21207
21213
21259
21263
21266
21274
21282
21333
21343
21350
21433
21450
21453
21527
21621
21628
21646
21673
21676
21702
21720
21723
21730
21736
21740
21764
21796
21814
21876
21878
21985
22032
22035
22080
22106
22153
22158
22187
22225
22248
22260
22307
22336
22359
22392
22406
22411
22463
22484
22498
22516
22521
22542
22574
22576
22588
22592
22601
22651
22656
22661
22662
22671
22672
22676
22678
22743
22783
22804
22819
22851
22890
22922
22935
22944
23081
23089
23091
23110
23128
23141
23166
23206
23212
23234
23238
23259
23293
23314
23316
23333
23343
23370
23380
23409
23481
23485
23492
23546
23564
23596
23612
23619
23620
23642
23658
23701
23708
23715
23732
23789
23795
23804
23825
23827
23839
23861
23914
23921
23924
23953
23963
23972
23973
23992
24026
24040
24048
24137
24157
24170
24175
24199
24207
24253
24279
24289
24292
24303
24307
24347
24394
24409
24425
24430
24468
24469
24480
24493
24544
24547
24586
24601
24614
24616
24628
24637
24680
24684
24836
24856
24863
24869
24939
24940
24944
24988
25083
25125
25139
25141
25148
25181
25203
25224
25274
25286
25315
25317
25343
25379
25393
25421
25441
25472
25506
25543
25551
25572
25601
25622
25697
25732
25770
25788
25802
25807
25816
25848
25850
25862
25870
25884
25892
25906
25935
25952
25960
25965
25982
25985
26024
26028
26039
26082
26118
26138
26140
26187
26192
26244
26252
26287
26340
26343
26348
26378
26383
26428
26441
26444
26447
26462
26484
26487
26503
26554
26586
26668
26679
26698
26706
26714
26747
26759
26771
26799
26818
26871
26872
26877
26938
26943
26972
27008
27025
27063
27111
27127
27173
27211
27213
27217
27224
27232
27270
27273
27290
27310
27311
27327
27347
27353
27358
27429
27589
27655
27671
27673
27703
27704
27710
27725
27739
27766
27817
27849
27911
27938
27939
27988
27998
28000
28014
28015
28033
28063
28086
28093
28142
28154
28185
28199
28229
28258
28317
28321
28325
28352
28434
28447
28467
28490
28515
28536
28547
28569
28602
28616
28649
28679
28727
28743
28777
28783
28801
28810
28955
28962
28971
28980
29009
29014
29106
29118
29121
29210
29221
29226
29298
29307
29357
29358
29361
29368
29438
29473
29475
29489
29509
29510
29511
29513
29519
29664
29669
29678
29698
29716
29732
29753
29763
29767
29771
29779
29800
29823
29827
29853
29876
29879
29887
29905
29959
29974
29993
29995
30020
30035
30049
30080
30085
30103
30112
30155
30161
30178
30192
30226
30240
30294
30298
30301
30318
30387
30390
30391
30399
30443
30467
30477
30494
30512
30525
30549
30662
30704
30732
30765
30808
30840
30850
30911
30931
30963
30996
31030
31035
31055
31075
31094
31102
31113
31133
31219
31228
31308
31385
31411
31432
31442
31454
31475
31496
31504
31520
31535
31550
31553
31620
31635
31665
31676
31685
31686
31703
31722
31754
31757
31803
31809
31811
31866
31895
31928
31941
31956
31979
32008
32009
32011
32022
32044
32108
32118
32135
32166
32179
32253
32284
32319
32337
32350
32359
32362
32374
32378
32396
32424
32494
32532
32621
32644
32649
32662
32690
32700
32701
32702
32739
32745
32746
32749
32751
32796
32811
32834
32853
32870
32875
32894
32912
32972
33029
33079
33100
33108
33110
33169
33200
33245
33266
33294
33295
33339
33368
33378
33381
33402
33404
33407
33422
33441
33442
33486
33603
33617
33627
33732
33736
33745
33754
33829
33834
33854
33921
33925
33931
33974
33983
34012
34017
34020
34022
34029
34133
34236
34238
34263
34275
34276
34313
34329
34346
34358
34369
34371
34395
34397
34429
34441
34442
34443
34453
34464
34486
34488
34497
34515
34521
34530
34559
34587
34594
34599
34616
34632
34652
34656
34657
34699
34706
34726
34728
34729
34756
34795
34829
34948
34973
34990
35011
35066
35107
35130
35135
35146
35165
35177
35197
35202
35256
35270
35349
35362
35384
35398
35416
35439
35444
35466
35467
35500
35507
35523
35531
35537
35538
35559
35578
35594
35595
35609
35610
35626
35628
35670
35685
35699
35708
35709
35714
35756
35761
35766
35789
35871
35890
35897
36009
36025
36035
36038
36044
36052
36126
36132
36199
36212
36240
36243
36276
36285
36320
36332
36410
36439
36443
36448
36452
36459
36498
36522
36557
36635
36678
36696
36702
36705
36710
36751
36823
36847
36878
36902
36972
36982
36985
36994
36996
37009
37109
37118
37143
37153
37165
37189
37199
37235
37260
37311
37372
37397
37406
37436
37472
37502
37503
37513
37571
37608
37612
37638
37714
37732
37758
37815
37818
37831
37840
37911
37925
37937
37987
38050
38098
38103
38163
38199
38218
38238
38244
38247
38282
38376
38378
38396
38399
38493
38542
38582
38604
38656
38714
38727
38732
38736
38751
38754
38760
38781
38788
38790
38814
38868
38877
38882
38891
38917
38918
38942
38964
38965
38989
39046
39107
39116
39180
39183
39207
39241
39253
39258
39269
39312
39362
39369
39400
39426
39433
39437
39445
39484
39514
39541
39547
39551
39573
39588
39674
39676
39682
39706
39717
39754
39768
39798
39807
39869
39883
39893
39895
39904
40010
40037
40044
40079
40080
40108
40121
40139
40155
40160
40177
40267
40316
40335
40388
40422
40471
40607
40636
40653
40712
40727
40806
40844
40846
40896
40898
40951
41005
41010
41015
41029
41060
41128
41134
41175
41185
41187
41217
41334
41355
41356
41373
41396
41399
41410
41479
41497
41501
41502
41505
41535
41563
41593
41604
41619
41633
41680
41694
41707
41714
41735
41738
41739
41744
41750
41760
41784
41799
41815
41856
41871
41878
41907
41914
41973
42022
42049
42051
42104
42127
42232
42259
42279
42294
42297
42301
42305
42309
42318
42328
42330
42370
42419
42446
42447
42464
42515
42548
42550
42560
42589
42590
42609
42613
42826
42864
42901
42949
42951
42957
42964
42990
43004
43012
43036
43075
43104
43119
43149
43175
43245
43246
43294
43308
43313
43327
43337
43356
43370
43372
43481
43569
43626
43627
43643
43645
43646
43670
43681
43693
43710
43715
43720
43729
43791
43802
43898
43939
43970
43992
44018
44025
44033
44048
44149
44150
44158
44184
44214
44219
44228
44259
44310
44374
44415
44470
44473
44479
44489
44508
44510
44535
44555
44561
44565
44568
44587
44604
44612
44651
44670
44698
44727
44734
44841
44854
44887
44907
44945
44978
45009
45012
45037
45057
45058
45081
45086
45097
45116
45149
45173
45175
45195
45231
45260
45274
45286
45413
45421
45443
45480
45501
45529
45568
45579
45580
45650
45658
45666
45691
45735
45748
45770
45806
45838
45870
45966
45994
45998
46008
46009
46066
46071
46088
46093
46123
46130
46131
46146
46149
46180
46187
46221
46273
46298
46356
46372
46381
46414
46469
46550
46568
46627
46634
46653
46672
46689
46716
46820
46852
46904
46916
46921
46928
46975
47057
47072
47112
47120
47194
47302
47360
47388
47422
47434
47437
47450
47453
47457
47473
47500
47532
47578
47596
47655
47741
47746
47751
47752
47768
47796
47803
47816
47843
47853
47860
47861
47903
48007
48034
48055
48068
48069
48100
48106
48117
48125
48129
48149
48162
48195
48235
48243
48267
48283
48286
48304
48352
48398
48400
48425
48511
48551
48614
48626
48653
48662
48737
48750
48760
48785
48815
48820
48860
48864
48886
48918
48970
49002
49011
49077
49156
49217
49229
49247
49355
49358
49375
49388
49467
49471
49515
49518
49528
49540
49575
49596
49630
49637
49641
49645
49673
49680
49706
49707
49722
49733
49791
49821
49861
49898
49923
49942
49946
49990
