73
92
105
114
159
172
180
184
195
205
238
282
291
344
349
416
426
432
507
543
545
590
591
613
668
672
675
677
682
756
768
823
826
832
898
910
921
942
992
1037
1063
1064
1130
1246
1264
1265
1277
1311
1373
1392
1410
1432
1471
1479
1500
1503
1509
1524
1538
1553
1582
1593
1594
1652
1664
1665
1701
1728
1745
1751
1758
1763
1781
1838
1878
1915
1924
1947
1960
1973
2001
2015
2042
2071
2088
2092
2106
2127
2132
2156
2238
2257
2258
2276
2290
2313
2388
2441
2468
2506
2511
2529
2555
2628
2656
2677
2688
2723
2753
2784
2786
2807
2841
2901
2974
3003
3012
3083
3111
3116
3120
3122
3147
3154
3170
3173
3227
3245
3262
3292
3296
3308
3326
3383
3427
3450
3453
3497
3529
3567
3589
3604
3645
3670
3718
3722
3723
3726
3821
3860
3974
3994
3998
3999
4020
4029
4085
4101
4108
4116
4153
4203
4209
4210
4230
4235
4241
4278
4290
4292
4306
4329
4336
4372
4381
4413
4430
4437
4560
4567
4596
4611
4632
4643
4645
4655
4684
4690
4711
4720
4747
4762
4766
4830
4840
4861
4863
4869
4913
4933
4979
5004
5024
5046
5066
5078
5101
5122
5145
5170
5173
5183
5196
5277
5332
5353
5384
5414
5420
5421
5497
5517
5522
5527
5574
5583
5610
5624
5696
5703
5706
5718
5767
5771
5820
5891
5915
5943
5957
5963
5965
5968
5978
5992
6030
6083
6116
6156
6189
6195
6215
6236
6242
6245
6253
6261
6280
6304
6344
6359
6362
6364
6399
6404
6424
6488
6506
6516
6525
6547
6616
6670
6694
6757
6820
6857
6903
6932
6952
6959
6975
7020
7028
7055
7102
7129
7148
7185
7207
7217
7248
7250
7299
7368
7374
7378
7431
7435
7441
7487
7538
7574
7585
7596
7608
7639
7691
7709
7738
7816
7831
7843
7844
7846
7860
7863
7865
7866
7895
7898
7902
8039
8042
8062
8119
8137
8143
8227
8235
8267
8269
8273
8291
8301
8337
8359
8369
8391
8462
8664
8696
8697
8717
8773
8779
8785
8790
8796
8822
8874
8882
8887
8891
8907
8931
8945
8946
8963
9044
9156
9171
9239
9298
9388
9405
9456
9484
9516
9523
9526
9575
9588
9599
9600
9618
9622
9641
9663
9693
9750
9803
9804
9861
9929
9950
9959
9974
9994
10028
10102
10124
10195
10198
10203
10228
10236
10258
10276
10298
10333
10341
10372
10382
10395
10403
10438
10463
10488
10537
10556
10569
10573
10599
10634
10660
10681
10730
10747
10768
10770
10781
10793
10803
10808
10824
10839
10867
10903
10973
11009
11010
11024
11030
11031
11045
11049
11057
11067
11071
11121
11125
11126
11139
11151
11162
11258
11304
11319
11342
11369
11417
11436
11446
11466
11468
11482
11513
11622
11702
11732
11752
11790
11841
11849
11866
11880
11883
11947
11961
11962
11976
11984
12035
12037
12086
12088
12101
12169
12201
12227
12244
12256
12286
12328
12361
12375
12378
12383
12387
12398
12436
12506
12518
12540
12544
12556
12583
12615
12619
12635
12709
12711
12712
12724
12745
12824
12846
12873
12892
12927
12928
12970
13056
13072
13142
13154
13183
13187
13192
13216
13262
13271
13288
13321
13325
13352
13401
13443
13479
13515
13552
13556
13578
13636
13641
13642
13672
13697
13723
13734
13780
13789
13796
13852
13858
13868
13930
13937
13971
13978
13983
13986
14021
14041
14076
14096
14143
14196
14197
14207
14210
14265
14280
14315
14323
14326
14329
14373
14382
14407
14411
14425
14503
14519
14535
14578
14587
14594
14643
14653
14664
14679
14705
14739
14774
14795
14874
14888
14922
14928
14934
14957
15023
15033
15056
15057
15082
15083
15195
15266
15383
15397
15435
15446
15447
15453
15493
15513
15558
15566
15574
15590
15620
15631
15632
15633
15694
15710
15740
15809
15816
15878
15887
15904
15946
15953
15959
15983
16045
16047
16077
16087
16091
16140
16160
16174
16180
16225
16268
16287
16298
16303
16311
16345
16368
16370
16406
16438
16472
16505
16517
16522
16542
16582
16583
16587
16626
16635
16668
16692
16704
16716
16734
16748
16759
16825
16832
16845
16861
16869
16936
17017
17022
17079
17086
17087
17135
17142
17181
17190
17200
17216
17218
17247
17266
17280
17340
17360
17365
17378
17398
17438
17448
17461
17487
17507
17519
17536
17614
17636
17663
17670
17715
17717
17720
17742
17751
17754
17783
17796
17807
17826
17835
17838
17840
17860
17883
17890
17946
17960
17997
18124
18148
18154
18157
18161
18174
18182
18200
18224
18250
18291
18314
18348
18349
18368
18462
18504
18516
18550
18616
18651
18685
18688
18717
18749
18788
18793
18795
18805
18876
18890
18909
18949
18951
18956
18989
18994
18997
19006
19051
19056
19064
19079
19083
19117
19119
19141
19162
19185
19192
19202
19222
19244
19297
19330
19404
19514
19543
19560
19586
19643
19679
19756
19763
19789
19817
19824
19833
19849
19881
19902
19928
19936
19977
20016
20045
20051
20057
20086
20143
20182
20191
20212
20247
20277
20294
20326
20332
20344
20372
20437
20454
20476
20498
20507
20566
20594
20610
20647
20655
20665
20687
20697
20698
20711
20722
20733
20811
20816
20823
20837
20851
20882
20890
20921
20932
20974
20987
21009
21070
21102
21107
21173
21180
21204
21221
21237
21238
21278
21309
21320
21381
21443
21446
21463
21478
21480
21516
21519
21523
21567
21582
21594
21604
21641
21659
21663
21694
21696
21729
21738
21761
21890
21974
21984
21994
22011
22018
22045
22073
22103
22111
22212
22218
22229
22238
22250
22254
22286
22300
22310
22352
22367
22382
22418
22459
22471
22518
22561
22565
22575
22630
22648
22662
22665
22670
22787
22827
22849
22860
22877
22899
22916
22921
22925
22940
22944
23041
23042
23049
23099
23151
23176
23200
23261
23291
23365
23412
23419
23447
23534
23552
23554
23556
23565
23614
23617
23696
23708
23727
23735
23771
23779
23788
23798
23836
23840
23851
23862
23932
23941
23948
23976
23995
23998
24079
24115
24156
24189
24193
24259
24267
24290
24329
24366
24372
24411
24413
24459
24471
24476
24488
24499
24505
24581
24600
24618
24646
24669
24676
24783
24807
24819
24824
24828
24847
24873
24911
24926
24952
24960
25014
25049
25050
25086
25126
25133
25153
25162
25279
25366
25383
25398
25447
25448
25522
25529
25543
25550
25553
25577
25596
25597
25619
25665
25698
25709
25716
25740
25750
25758
25771
25793
25799
25866
25889
25896
25900
26010
26070
26071
26145
26219
26233
26259
26289
26308
26368
26387
26398
26414
26479
26482
26510
26567
26585
26602
26632
26636
26643
26690
26708
26721
26808
26817
26862
26894
26905
26923
26926
26962
27002
27027
27114
27121
27156
27169
27230
27235
27260
27270
27303
27314
27388
27505
27512
27524
27564
27571
27613
27616
27626
27679
27688
27695
27713
27714
27737
27758
27785
27791
27814
27859
27878
27879
27922
27926
27946
27977
27997
28053
28060
28083
28086
28129
28146
28165
28230
28250
28274
28276
28326
28351
28355
28382
28456
28537
28554
28558
28574
28615
28620
28638
28683
28691
28701
28745
28838
28871
28877
28885
28886
28897
28901
28903
28909
28958
28976
28980
28990
29010
29019
29031
29064
29084
29145
29181
29185
29193
29198
29257
29320
29327
29339
29362
29363
29417
29418
29581
29585
29586
29613
29622
29639
29649
29677
29679
29686
29734
29752
29778
29791
29834
29851
29863
29917
29939
29942
29946
29956
29985
29994
30011
30016
30032
30042
30058
30069
30080
30093
30108
30146
30162
30188
30291
30327
30376
30385
30449
30475
30482
30531
30581
30614
30638
30653
30664
30690
30707
30712
30739
30763
30796
30799
30821
30822
30824
30829
30833
30843
30850
30852
30929
30931
30941
30963
30964
30973
30989
31000
31050
31066
31105
31146
31169
31215
31231
31239
31271
31314
31336
31341
31393
31399
31416
31435
31445
31504
31525
31533
31586
31600
31664
31743
31762
31807
31809
31814
31842
31865
31875
31898
31911
31971
31981
32061
32081
32110
32124
32125
32173
32175
32189
32201
32214
32271
32284
32335
32365
32375
32381
32405
32500
32531
32589
32601
32622
32624
32663
32666
32667
32685
32726
32731
32741
32772
32785
32795
32832
32848
32876
32883
32919
33013
33034
33038
33111
33138
33139
33158
33206
33220
33284
33326
33356
33375
33379
33413
33418
33419
33420
33479
33516
33526
33537
33557
33578
33621
33633
33666
33670
33720
33761
33770
33790
33803
33808
33870
33890
33919
33939
33953
33977
33980
34012
34030
34045
34060
34081
34098
34123
34149
34193
34196
34254
34291
34344
34367
34398
34401
34407
34419
34428
34462
34490
34602
34608
34631
34650
34760
34841
34849
34913
34919
34930
34940
34946
34972
35092
35095
35196
35216
35219
35236
35266
35269
35302
35344
35352
35381
35389
35409
35431
35525
35537
35584
35621
35627
35628
35668
35681
35686
35707
35734
35751
35769
35770
35771
35797
35805
35815
35825
35834
35859
35876
35931
35971
35975
36058
36061
36089
36118
36128
36196
36231
36233
36291
36301
36304
36326
36337
36370
36376
36377
36383
36394
36401
36406
36434
36443
36481
36482
36498
36516
36530
36557
36560
36585
36621
36720
36729
36745
36791
36798
36849
36901
36907
36924
36952
36960
37039
37061
37077
37094
37096
37100
37121
37139
37171
37190
37228
37243
37244
37272
37312
37328
37343
37383
37415
37457
37472
37487
37518
37525
37595
37646
37659
37661
37678
37694
37755
37796
37806
37824
37854
37860
37883
37898
37902
37961
37967
37970
38012
38048
38051
38090
38092
38096
38127
38138
38186
38187
38189
38208
38238
38293
38298
38301
38337
38345
38371
38376
38392
38459
38461
38469
38473
38490
38497
38520
38592
38652
38661
38707
38724
38733
38770
38772
38781
38796
38812
38816
38855
38896
38945
38986
38989
39001
39011
39029
39031
39033
39086
39141
39145
39202
39222
39223
39224
39245
39247
39261
39303
39323
39338
39345
39377
39398
39547
39568
39602
39657
39669
39673
39694
39707
39737
39758
39762
39778
39799
39813
39843
39875
39876
39881
39889
39911
39948
39987
40024
40087
40121
40129
40208
40237
40286
40296
40297
40304
40311
40330
40334
40361
40382
40384
40401
40403
40445
40451
40461
40476
40498
40522
40552
40606
40608
40644
40648
40754
40774
40791
40793
40796
40871
40884
40895
40917
40923
40998
40999
41027
41042
41047
41052
41082
41091
41094
41095
41097
41112
41153
41162
41186
41206
41249
41299
41305
41338
41350
41364
41428
41431
41464
41475
41491
41498
41512
41523
41568
41664
41700
41847
41856
41878
41921
41953
42073
42139
42208
42248
42330
42383
42395
42405
42463
42550
42561
42569
42574
42615
42625
42647
42655
42708
42710
42728
42733
42768
42797
42806
42816
42831
42931
42940
42951
42971
42974
42984
43019
43046
43105
43200
43223
43245
43254
43291
43308
43319
43335
43357
43377
43381
43390
43470
43480
43490
43498
43521
43562
43566
43578
43591
43612
43627
43646
43647
43660
43697
43734
43761
43771
43811
43830
43855
43873
43878
43904
43974
44024
44026
44027
44036
44039
44065
44119
44186
44195
44230
44252
44259
44270
44280
44290
44291
44304
44337
44349
44386
44432
44441
44466
44467
44475
44619
44636
44665
44674
44690
44697
44708
44725
44745
44782
44790
44796
44801
44813
44823
44833
44839
44872
44905
44942
44960
44966
44991
45001
45013
45104
45143
45204
45246
45264
45267
45270
45271
45297
45362
45406
45418
45437
45463
45480
45481
45499
45564
45582
45588
45660
45669
45694
45746
45762
45783
45805
45810
45820
45871
45880
45898
45922
45929
45939
45967
45977
45999
46009
46015
46022
46025
46026
46030
46043
46101
46108
46132
46160
46169
46237
46244
46268
46274
46282
46292
46339
46344
46374
46380
46384
46519
46550
46563
46566
46583
46617
46631
46677
46688
46723
46740
46741
46747
46750
46754
46762
46833
46852
46855
46865
46874
46892
46903
46909
46921
46928
46940
46968
46983
46996
46997
46999
47005
47043
47104
47128
47136
47154
47159
47187
47220
47222
47236
47298
47301
47324
47429
47459
47497
47503
47519
47525
47538
47597
47677
47720
47737
47740
47742
47754
47855
47862
47903
47933
47953
47959
47980
47981
47999
48023
48095
48097
48108
48114
48116
48123
48128
48134
48214
48260
48268
48273
48278
48325
48367
48378
48408
48422
48457
48481
48508
48514
48525
48583
48624
48653
48656
48668
48683
48694
48714
48775
48803
48813
48814
48855
48899
48913
48917
48940
48984
49010
49022
49054
49057
49082
49087
49139
49152
49167
49171
49180
49187
49194
49229
49231
49236
49256
49305
49309
49361
49423
49427
49515
49583
49587
49597
49605
49660
49661
49662
49706
49717
49760
49803
49920
49931
49966
49970
