6
11
36
44
62
103
208
271
403
406
425
431
592
596
602
617
625
646
654
671
727
746
769
805
806
846
950
953
1061
1078
1101
1107
1123
1168
1173
1176
1188
1241
1252
1264
1292
1325
1334
1360
1363
1367
1420
1437
1455
1460
1476
1487
1517
1580
1590
1601
1640
1646
1675
1684
1690
1726
1785
1791
1856
1897
1966
2005
2015
2030
2075
2083
2084
2090
2115
2162
2166
2183
2249
2251
2333
2341
2346
2351
2359
2453
2468
2480
2519
2552
2555
2596
2604
2611
2627
2656
2681
2694
2718
2783
2796
2799
2811
2841
2851
2865
2866
2883
2898
2936
2945
2990
2998
3055
3057
3069
3129
3183
3186
3194
3196
3210
3240
3244
3248
3266
3274
3325
3370
3373
3400
3406
3411
3449
3474
3484
3487
3490
3491
3495
3497
3547
3583
3628
3643
3650
3678
3687
3734
3776
3834
3837
3849
3873
3874
3893
3905
3919
3921
3932
3946
3962
3978
4008
4009
4015
4018
4020
4034
4048
4069
4083
4119
4120
4164
4194
4214
4221
4246
4254
4256
4323
4333
4342
4369
4387
4400
4432
4459
4468
4511
4530
4585
4611
4637
4659
4664
4667
4676
4691
4695
4736
4844
4857
4871
4894
4901
4909
4921
4972
4991
5008
5021
5101
5111
5113
5140
5192
5197
5200
5228
5250
5258
5269
5284
5285
5301
5307
5311
5344
5353
5367
5376
5383
5385
5386
5404
5431
5453
5490
5505
5547
5573
5574
5609
5641
5642
5656
5710
5748
5758
5791
5856
5882
5945
5983
5989
6007
6024
6028
6087
6159
6211
6274
6303
6319
6330
6344
6364
6367
6413
6444
6584
6615
6667
6680
6719
6723
6732
6738
6861
6871
6885
6918
6926
6939
6967
7064
7069
7073
7076
7132
7134
7141
7200
7288
7323
7491
7511
7526
7558
7590
7604
7607
7624
7730
7783
7789
7866
7883
7885
7888
7927
7962
7993
8045
8081
8105
8155
8181
8228
8243
8267
8293
8309
8323
8348
8454
8459
8500
8577
8594
8624
8630
8631
8640
8702
8762
8764
8779
8787
8843
8851
8894
8984
8988
8993
9015
9061
9069
9133
9172
9218
9232
9242
9253
9262
9302
9311
9330
9341
9379
9437
9456
9460
9466
9504
9527
9582
9624
9628
9631
9664
9678
9748
9765
9786
9793
9845
9859
9875
9878
9882
9888
9912
9974
9988
10038
10044
10099
10172
10192
10246
10288
10368
10392
10394
10443
10469
10472
10521
10524
10539
10555
10564
10609
10670
10677
10698
10708
10724
10743
10745
10790
10802
10876
10879
10933
10934
10949
10966
11019
11025
11218
11226
11258
11278
11280
11288
11306
11363
11405
11424
11432
11473
11589
11636
11655
11672
11734
11738
11740
11751
11763
11781
11785
11809
11880
11894
11923
11928
11971
12007
12039
12047
12048
12055
12064
12106
12164
12171
12184
12277
12280
12282
12308
12321
12351
12392
12395
12398
12413
12423
12430
12443
12469
12486
12525
12545
12555
12582
12653
12692
12723
12755
12758
12765
12781
12787
12818
12853
12855
12856
12857
12858
12867
12889
12910
12912
12965
12985
12992
13029
13046
13060
13133
13159
13169
13205
13209
13246
13292
13316
13324
13326
13361
13380
13422
13426
13432
13456
13561
13572
13579
13592
13605
13626
13644
13661
13675
13678
13689
13781
13806
13808
13835
13869
13874
13891
13959
13996
14011
14043
14047
14069
14070
14077
14080
14086
14105
14119
14140
14170
14181
14194
14209
14298
14336
14347
14383
14438
14476
14485
14501
14544
14573
14638
14678
14682
14726
14756
14781
14789
14790
14803
14851
14906
14963
15026
15034
15106
15117
15191
15198
15207
15223
15250
15381
15393
15405
15442
15471
15537
15576
15598
15637
15647
15655
15656
15673
15683
15706
15747
15780
15840
15845
15851
15926
15945
15949
15955
15967
15981
16043
16061
16118
16123
16158
16189
16200
16227
16232
16318
16354
16370
16378
16402
16462
16476
16481
16488
16490
16497
16520
16530
16557
16589
16591
16610
16622
16653
16656
16675
16735
16736
16770
16822
16832
16836
16854
16948
17013
17034
17035
17046
17053
17084
17109
17136
17143
17157
17184
17214
17231
17247
17269
17282
17288
17304
17377
17405
17428
17432
17454
17460
17461
17502
17503
17525
17551
17557
17569
17573
17578
17582
17593
17647
17651
17668
17693
17696
17726
17738
17773
17791
17799
17801
17811
17888
17911
17914
17991
18014
18024
18027
18033
18105
18112
18177
18196
18198
18220
18249
18251
18292
18319
18341
18374
18376
18385
18459
18463
18538
18616
18649
18663
18685
18691
18693
18714
18726
18745
18778
18794
18795
18821
18829
18855
18862
18873
18880
18885
18907
18985
18996
19026
19029
19046
19054
19067
19069
19137
19143
19159
19195
19226
19236
19237
19344
19356
19373
19437
19455
19463
19482
19521
19575
19596
19617
19654
19660
19693
19713
19721
19753
19762
19790
19795
19819
19826
19883
19886
19900
19918
19966
19976
19982
20008
20036
20049
20106
20112
20127
20158
20166
20178
20192
20239
20256
20290
20323
20327
20362
20385
20410
20428
20433
20441
20445
20530
20543
20564
20580
20593
20614
20645
20654
20680
20688
20689
20713
20715
20720
20724
20736
20741
20780
20790
20832
20847
20848
20876
20921
20930
20949
20955
20982
20995
21009
21029
21031
21037
21054
21066
21073
21135
21145
21225
21359
21439
21440
21450
21456
21492
21538
21584
21627
21637
21654
21668
21686
21708
21745
21790
21797
21861
21890
21940
21958
22000
22071
22072
22087
22125
22165
22227
22247
22275
22309
22330
22343
22381
22385
22396
22400
22537
22544
22558
22584
22595
22621
22648
22655
22686
22703
22720
22818
22838
22887
22952
23019
23121
23126
23179
23203
23217
23232
23255
23268
23285
23315
23327
23337
23426
23443
23471
23483
23514
23543
23581
23587
23589
23601
23637
23680
23730
23762
23773
23774
23820
23838
23887
23893
23920
23924
23938
24070
24102
24111
24125
24158
24177
24180
24188
24235
24246
24270
24272
24282
24318
24357
24409
24452
24470
24473
24506
24543
24578
24604
24612
24641
24744
24755
24771
24819
24823
24831
24851
24854
24858
24923
24925
24926
24930
24937
24949
24966
24979
24984
24987
24988
25007
25012
25092
25123
25145
25147
25166
25200
25232
25251
25257
25263
25307
25319
25327
25456
25457
25515
25541
25550
25561
25602
25608
25626
25655
25677
25715
25741
25855
25865
25900
25922
25950
25959
25965
25980
25996
26028
26043
26057
26159
26172
26183
26184
26201
26234
26250
26265
26269
26297
26346
26391
26442
26574
26586
26716
26718
26737
26741
26816
26855
26890
26901
26934
26949
26967
26972
26976
27027
27030
27036
27041
27056
27061
27062
27074
27102
27107
27110
27121
27171
27182
27185
27208
27218
27247
27314
27350
27376
27418
27489
27517
27537
27538
27539
27560
27586
27658
27724
27782
27813
27839
27853
27861
27881
27885
27888
27921
27950
27958
28032
28041
28042
28043
28051
28068
28078
28134
28188
28266
28279
28280
28291
28327
28418
28426
28449
28473
28476
28539
28594
28624
28633
28639
28685
28694
28711
28714
28739
28741
28782
28810
28823
28867
28888
28906
28915
28937
28992
29017
29024
29025
29029
29035
29130
29140
29171
29214
29223
29237
29282
29312
29319
29339
29440
29464
29482
29489
29525
29538
29540
29562
29636
29654
29683
29738
29746
29754
29784
29785
29789
29799
29837
29842
29897
29977
29979
29990
30000
30047
30065
30112
30141
30144
30169
30181
30199
30205
30233
30239
30242
30259
30325
30348
30385
30398
30412
30517
30522
30526
30543
30545
30547
30580
30616
30651
30655
30695
30707
30713
30768
30806
30822
30867
30886
30889
30891
30898
30916
30972
30979
30983
31020
31068
31078
31082
31094
31098
31109
31116
31123
31144
31164
31168
31190
31200
31279
31295
31296
31312
31343
31346
31354
31356
31384
31387
31397
31399
31409
31449
31487
31533
31550
31575
31630
31663
31666
31712
31718
31722
31731
31812
31815
31820
31883
31902
31912
31939
31956
31988
32003
32045
32068
32099
32109
32130
32149
32156
32191
32214
32229
32283
32322
32353
32380
32411
32434
32458
32573
32646
32661
32672
32733
32740
32779
32866
32882
32910
32922
33049
33055
33103
33123
33133
33143
33225
33246
33360
33369
33408
33415
33417
33423
33470
33475
33508
33523
33538
33546
33571
33618
33689
33696
33859
33861
33897
33920
33922
34015
34018
34060
34076
34079
34092
34095
34115
34136
34152
34156
34159
34188
34236
34264
34267
34281
34287
34375
34437
34438
34440
34444
34451
34481
34536
34537
34582
34588
34591
34629
34642
34685
34714
34759
34770
34809
34825
34837
34845
34911
34933
34946
35000
35035
35100
35115
35235
35244
35250
35263
35272
35320
35327
35328
35384
35390
35394
35423
35424
35435
35443
35525
35531
35546
35561
35589
35608
35643
35670
35675
35712
35721
35725
35736
35759
35819
35826
35836
35837
35850
35854
35857
35869
35892
35894
35935
35944
35952
35965
35990
35997
36005
36018
36054
36081
36137
36167
36170
36201
36224
36240
36247
36279
36293
36301
36353
36359
36369
36396
36439
36462
36495
36497
36498
36521
36547
36582
36593
36619
36628
36639
36644
36740
36745
36842
36857
36861
36880
36889
36904
36937
36940
36972
36974
37009
37063
37076
37111
37113
37130
37220
37232
37249
37258
37284
37296
37304
37305
37375
37380
37408
37412
37436
37553
37590
37591
37593
37690
37763
37776
37784
37792
37808
37812
37816
37832
37868
37894
37907
37968
38001
38006
38058
38072
38251
38258
38261
38270
38284
38291
38350
38472
38488
38499
38501
38513
38518
38539
38541
38548
38558
38633
38634
38688
38708
38795
38799
38811
38817
38834
38849
38869
38885
38911
38913
38923
38955
39053
39069
39070
39101
39117
39165
39187
39192
39215
39229
39231
39235
39262
39274
39285
39288
39294
39299
39350
39357
39372
39373
39392
39400
39435
39513
39518
39570
39642
39650
39681
39747
39751
39780
39785
39842
39854
39864
39892
39894
39912
39922
39923
39995
40001
40004
40037
40040
40061
40064
40076
40107
40117
40174
40196
40210
40225
40253
40255
40258
40262
40280
40289
40300
40302
40311
40318
40344
40349
40370
40386
40391
40434
40455
40467
40470
40474
40503
40508
40582
40630
40632
40635
40643
40675
40691
40702
40717
40755
40786
40797
40815
40835
40866
40954
40969
41039
41046
41050
41070
41097
41106
41128
41159
41247
41261
41319
41367
41370
41371
41375
41404
41442
41475
41488
41498
41511
41533
41535
41548
41562
41588
41596
41635
41640
41641
41651
41666
41668
41693
41711
41813
41820
41902
41960
42021
42074
42091
42124
42128
42151
42162
42164
42200
42240
42243
42244
42263
42302
42377
42383
42390
42392
42417
42427
42430
42434
42455
42458
42512
42515
42521
42543
42548
42563
42572
42624
42631
42654
42685
42757
42788
42827
42857
42870
42987
42997
43002
43010
43044
43076
43088
43114
43130
43141
43158
43163
43258
43270
43271
43310
43312
43340
43375
43404
43406
43480
43483
43533
43564
43568
43578
43586
43591
43602
43604
43612
43622
43682
43691
43699
43754
43838
43865
43874
43876
43933
43970
44010
44017
44018
44031
44059
44060
44062
44079
44088
44095
44115
44122
44145
44152
44164
44229
44254
44292
44297
44298
44327
44341
44398
44407
44431
44443
44454
44521
44553
44554
44562
44566
44609
44643
44685
44753
44779
44820
44861
44904
44962
45001
45018
45055
45058
45080
45094
45099
45126
45136
45145
45175
45238
45261
45281
45342
45360
45365
45385
45426
45427
45465
45483
45546
45592
45602
45647
45650
45664
45678
45699
45708
45752
45753
45754
45793
45800
45818
45835
45837
45895
45928
45947
45968
46011
46014
46039
46065
46069
46108
46141
46208
46245
46267
46274
46276
46289
46296
46311
46320
46364
46383
46387
46396
46406
46412
46432
46433
46439
46441
46447
46451
46484
46489
46565
46573
46575
46576
46586
46588
46594
46607
46618
46677
46717
46721
46744
46764
46773
46783
46835
46891
46902
46908
46916
46950
46953
46988
47007
47028
47071
47075
47082
47083
47116
47163
47170
47183
47200
47215
47246
47254
47275
47312
47334
47419
47421
47433
47444
47598
47644
47661
47696
47705
47723
47724
47737
47739
47796
47815
47822
47867
47875
47893
47901
47947
47999
48003
48005
48048
48062
48063
48070
48071
48097
48149
48177
48196
48202
48235
48288
48289
48299
48426
48456
48471
48479
48512
48516
48564
48571
48581
48582
48588
48625
48650
48662
48667
48704
48712
48716
48749
48835
48866
48867
48899
48945
48946
48958
48982
48983
49026
49028
49065
49166
49181
49229
49233
49291
49309
49310
49411
49413
49414
49440
49499
49504
49545
49548
49606
49607
49608
49661
49691
49739
49782
49808
49838
49898
49900
49901
49927
49955
49964
49968
