12
15
28
31
46
56
67
84
142
242
304
318
329
343
367
433
440
459
476
528
546
548
569
583
588
608
653
713
744
821
840
843
880
979
1007
1032
1047
1056
1096
1108
1138
1142
1145
1189
1276
1295
1304
1395
1478
1503
1519
1547
1601
1604
1606
1653
1674
1703
1739
1783
1796
1831
1858
1910
1962
1967
2013
2029
2040
2048
2068
2086
2142
2143
2145
2166
2200
2207
2220
2225
2229
2231
2234
2266
2274
2277
2312
2329
2382
2401
2441
2447
2451
2473
2565
2579
2603
2628
2649
2705
2723
2738
2790
2800
2815
2836
2840
2887
2918
2925
2983
3035
3036
3039
3049
3059
3073
3090
3116
3144
3157
3176
3260
3343
3368
3389
3402
3412
3442
3456
3484
3533
3557
3593
3605
3613
3633
3643
3659
3700
3722
3732
3738
3748
3754
3787
3812
3815
3827
3885
3907
3960
4013
4016
4022
4040
4089
4117
4139
4159
4163
4195
4197
4217
4221
4228
4236
4250
4319
4345
4368
4376
4432
4438
4440
4472
4481
4502
4517
4519
4623
4636
4748
4820
4828
4839
4878
4896
4916
4928
4977
4986
5009
5032
5135
5153
5162
5249
5265
5279
5302
5304
5310
5316
5337
5368
5393
5397
5401
5403
5426
5440
5453
5467
5476
5478
5479
5486
5535
5598
5601
5613
5667
5681
5686
5724
5764
5776
5784
5819
5829
5912
6020
6027
6069
6072
6110
6115
6123
6162
6177
6197
6206
6221
6225
6229
6284
6297
6301
6305
6350
6408
6419
6424
6433
6438
6460
6480
6502
6525
6535
6537
6586
6591
6636
6659
6663
6665
6682
6703
6707
6708
6721
6745
6752
6766
6769
6774
6794
6853
6854
6895
6905
6955
7008
7040
7053
7062
7128
7137
7144
7155
7157
7194
7214
7258
7340
7397
7399
7424
7428
7484
7513
7521
7541
7544
7545
7561
7620
7624
7635
7641
7677
7683
7686
7725
7756
7785
7814
7820
7918
7936
7959
7979
7998
8011
8019
8063
8065
8115
8152
8177
8216
8260
8262
8277
8287
8288
8453
8496
8500
8531
8548
8550
8605
8626
8680
8696
8699
8707
8710
8744
8745
8759
8778
8799
8811
8865
8870
8936
8966
8991
8997
8998
9009
9015
9025
9027
9028
9049
9050
9053
9069
9077
9087
9104
9107
9116
9117
9131
9157
9239
9244
9248
9278
9288
9361
9366
9383
9419
9514
9533
9543
9591
9599
9612
9620
9658
9669
9759
9763
9798
9801
9813
9836
9845
9853
9866
9874
9886
9892
9954
9963
9969
10010
10032
10042
10063
10075
10080
10081
10119
10190
10246
10263
10269
10285
10289
10357
10368
10417
10430
10480
10553
10563
10589
10617
10662
10742
10763
10773
10802
10807
10827
10855
10956
10962
10963
10991
11005
11017
11044
11052
11059
11064
11075
11081
11092
11097
11100
11122
11132
11196
11215
11248
11294
11299
11302
11356
11360
11368
11390
11397
11409
11474
11477
11480
11558
11573
11581
11609
11635
11643
11651
11694
11702
11728
11734
11815
11882
11886
11932
11954
11961
11969
11970
12045
12123
12125
12127
12131
12192
12208
12240
12264
12288
12311
12323
12328
12395
12406
12425
12432
12502
12512
12536
12538
12599
12615
12622
12656
12688
12695
12760
12761
12769
12776
12860
12885
12894
12919
12946
12987
13118
13139
13145
13186
13223
13337
13358
13387
13394
13445
13470
13479
13518
13564
13652
13664
13698
13722
13762
13778
13792
13797
13816
13865
13871
13944
13963
14021
14038
14083
14118
14132
14174
14197
14203
14224
14241
14269
14285
14310
14314
14329
14340
14366
14462
14485
14537
14549
14559
14603
14607
14617
14651
14709
14718
14719
14794
14806
14850
14889
14895
14914
14936
14976
15008
15031
15097
15101
15110
15149
15150
15209
15229
15230
15245
15276
15317
15354
15358
15389
15394
15467
15494
15526
15535
15556
15571
15580
15588
15668
15673
15691
15717
15726
15733
15741
15747
15758
15769
15776
15797
15809
15822
15861
15873
15900
15918
15919
15936
15964
15973
15981
16032
16061
16160
16163
16172
16197
16199
16246
16261
16264
16278
16326
16331
16383
16397
16402
16415
16446
16455
16472
16499
16501
16525
16606
16651
16695
16713
16722
16753
16762
16763
16777
16814
16825
16842
16845
16858
16883
16891
17034
17120
17121
17149
17162
17167
17172
17188
17216
17240
17247
17251
17256
17288
17314
17379
17418
17423
17498
17584
17586
17665
17705
17710
17765
17766
17801
17816
17823
17883
17887
17913
17934
17953
17959
17976
18010
18021
18048
18049
18063
18070
18074
18086
18091
18104
18137
18181
18182
18210
18225
18238
18244
18281
18302
18322
18326
18353
18542
18558
18565
18578
18609
18615
18638
18645
18706
18718
18721
18813
18856
18860
18867
18903
18912
18965
18984
18994
18996
19018
19019
19047
19057
19067
19072
19089
19090
19097
19109
19117
19163
19267
19338
19350
19407
19486
19498
19500
19558
19563
19577
19649
19726
19769
19831
19840
19861
19871
19928
20029
20068
20069
20083
20109
20111
20113
20167
20171
20207
20218
20233
20238
20245
20265
20280
20344
20361
20414
20426
20435
20456
20464
20465
20469
20556
20574
20593
20622
20669
20675
20715
20740
20756
20762
20768
20780
20788
20804
20806
20807
20833
20869
20944
20956
20962
20973
20978
21035
21044
21087
21091
21130
21143
21152
21158
21188
21216
21241
21269
21315
21335
21460
21468
21529
21543
21555
21591
21661
21666
21675
21699
21703
21754
21775
21794
21814
21928
21934
21935
21944
21955
21958
21970
21978
22045
22099
22112
22135
22145
22164
22174
22227
22274
22276
22279
22302
22316
22319
22327
22349
22356
22374
22375
22390
22405
22456
22544
22576
22595
22612
22669
22714
22735
22736
22743
22744
22768
22813
22855
22857
22874
22918
22936
22942
22953
22965
22979
22997
23011
23024
23030
23082
23112
23156
23160
23205
23220
23242
23297
23307
23308
23314
23340
23376
23382
23396
23400
23406
23408
23445
23453
23494
23505
23510
23528
23557
23597
23624
23655
23693
23708
23717
23718
23726
23753
23818
23853
23890
23895
23925
23934
24004
24007
24023
24035
24055
24060
24079
24091
24092
24159
24168
24184
24242
24361
24494
24499
24515
24560
24574
24597
24608
24619
24628
24629
24658
24667
24670
24674
24677
24689
24717
24721
24723
24745
24750
24759
24762
24782
24811
24819
24822
24837
24839
24871
24880
24888
24905
24935
25023
25025
25036
25121
25130
25143
25158
25159
25182
25210
25215
25224
25239
25243
25264
25290
25301
25303
25306
25314
25340
25354
25355
25419
25428
25433
25462
25467
25531
25533
25535
25586
25590
25601
25611
25613
25630
25640
25671
25676
25699
25748
25771
25773
25822
25859
25956
25963
26016
26052
26054
26072
26098
26118
26130
26196
26211
26233
26236
26249
26279
26290
26328
26345
26393
26452
26483
26499
26541
26608
26621
26634
26654
26660
26712
26721
26728
26799
26801
26805
26806
26838
26848
26854
26869
26892
26922
26929
26935
26972
26980
26992
27000
27021
27041
27042
27079
27080
27083
27107
27122
27183
27198
27222
27247
27292
27293
27342
27357
27365
27446
27448
27460
27462
27499
27537
27543
27553
27573
27582
27609
27610
27702
27707
27728
27736
27787
27828
27835
27849
27910
27963
27984
27997
28069
28072
28133
28150
28152
28177
28190
28237
28313
28317
28376
28379
28433
28438
28479
28483
28502
28504
28514
28551
28571
28575
28578
28625
28627
28633
28636
28644
28647
28695
28732
28736
28751
28782
28794
28814
28828
28873
28909
28926
28934
28970
29049
29052
29072
29098
29157
29193
29210
29219
29228
29229
29265
29304
29316
29356
29379
29397
29401
29411
29412
29414
29434
29459
29467
29481
29488
29491
29502
29533
29556
29567
29580
29620
29669
29694
29708
29756
29766
29799
29832
29848
29915
29925
29928
29934
29935
29942
29980
29989
30006
30012
30058
30101
30146
30179
30226
30247
30270
30271
30280
30285
30311
30346
30360
30367
30376
30387
30413
30432
30481
30527
30571
30582
30595
30633
30681
30788
30808
30811
30818
30827
30830
30855
30866
30889
30904
30933
30936
30956
30964
30986
31000
31019
31033
31035
31072
31081
31088
31106
31131
31134
31154
31162
31210
31217
31239
31337
31352
31354
31372
31380
31385
31413
31426
31557
31609
31625
31658
31662
31681
31689
31723
31751
31752
31774
31778
31803
31818
31819
31829
31879
31883
31936
31999
32004
32025
32028
32061
32092
32096
32178
32181
32192
32217
32273
32274
32312
32315
32365
32374
32375
32377
32399
32437
32473
32479
32500
32513
32564
32573
32574
32579
32655
32682
32695
32734
32735
32741
32745
32755
32805
32818
32903
32969
32991
33014
33034
33083
33110
33223
33242
33251
33267
33291
33336
33356
33370
33405
33410
33425
33451
33453
33460
33470
33475
33504
33508
33605
33620
33639
33650
33674
33685
33687
33705
33722
33733
33755
33791
33800
33806
33807
33826
33873
33878
33883
33897
33941
34021
34025
34026
34037
34044
34050
34090
34095
34101
34111
34118
34137
34177
34241
34256
34263
34328
34336
34378
34477
34504
34505
34512
34546
34571
34637
34656
34667
34745
34779
34793
34848
34854
34914
34918
34942
34999
35008
35029
35123
35149
35208
35222
35230
35264
35272
35334
35345
35351
35409
35414
35435
35467
35478
35514
35553
35591
35597
35611
35620
35630
35731
35745
35791
35858
35939
36025
36090
36096
36153
36170
36172
36182
36198
36233
36250
36313
36315
36345
36479
36500
36572
36577
36603
36706
36771
36813
36851
36863
36907
36936
36942
36988
37021
37067
37082
37129
37156
37217
37245
37306
37308
37326
37358
37371
37392
37393
37426
37444
37456
37460
37479
37486
37497
37508
37518
37527
37547
37599
37677
37695
37711
37717
37750
37770
37808
37820
37847
37851
37977
38046
38111
38112
38126
38149
38150
38196
38198
38280
38336
38352
38357
38374
38396
38410
38425
38458
38491
38555
38556
38561
38600
38650
38664
38695
38711
38712
38721
38723
38764
38804
38812
38832
38833
38836
38851
38878
38932
38957
38959
38970
38994
39008
39044
39076
39078
39088
39102
39120
39142
39154
39160
39170
39220
39231
39255
39308
39392
39411
39430
39459
39476
39481
39518
39563
39567
39595
39598
39607
39627
39628
39660
39679
39703
39729
39783
39807
39822
39835
39843
39845
39861
39863
39895
39909
39929
40025
40068
40110
40138
40149
40153
40181
40285
40304
40373
40375
40385
40396
40410
40435
40451
40470
40534
40551
40559
40592
40618
40650
40668
40686
40696
40701
40735
40801
40834
40838
40843
40886
40907
40918
40925
40958
40978
40979
40981
40986
40991
41068
41092
41126
41136
41176
41184
41216
41257
41260
41301
41366
41379
41488
41503
41504
41534
41539
41574
41576
41594
41605
41669
41697
41719
41785
41799
41818
41872
41911
41917
41940
41949
41983
41992
42026
42054
42075
42078
42094
42126
42142
42179
42205
42226
42242
42258
42319
42335
42396
42444
42448
42458
42475
42498
42524
42553
42567
42609
42658
42660
42677
42683
42692
42708
42721
42776
42778
42787
42802
42812
42816
42818
42826
42832
42843
42852
42866
42874
42898
42919
42930
42931
42939
43013
43062
43180
43218
43234
43248
43273
43282
43354
43378
43386
43430
43482
43506
43541
43605
43641
43661
43731
43733
43779
43812
43827
43872
43885
43916
43926
43936
43945
43952
44059
44061
44073
44083
44089
44092
44159
44174
44219
44310
44312
44330
44347
44373
44390
44396
44425
44428
44448
44455
44472
44473
44499
44519
44538
44629
44642
44652
44655
44658
44659
44678
44696
44715
44718
44751
44771
44781
44858
44942
44968
45007
45027
45103
45124
45148
45188
45191
45229
45259
45315
45333
45352
45363
45413
45499
45525
45533
45543
45594
45598
45616
45627
45631
45667
45691
45696
45699
45716
45733
45768
45770
45784
45792
45802
45825
45835
45879
45905
45941
45952
45958
46089
46109
46114
46134
46196
46206
46232
46256
46302
46313
46314
46344
46450
46463
46554
46586
46603
46614
46617
46656
46661
46672
46756
46758
46773
46781
46789
46800
46816
46866
46924
46960
46961
46964
46968
47037
47041
47054
47116
47131
47172
47194
47231
47246
47294
47322
47338
47360
47378
47418
47428
47473
47479
47505
47507
47519
47529
47537
47592
47622
47626
47634
47701
47719
47740
47743
47760
47811
47819
47852
47875
47955
48022
48079
48097
48105
48108
48109
48156
48168
48203
48248
48281
48378
48432
48443
48531
48532
48556
48570
48624
48631
48639
48655
48656
48681
48719
48725
48786
48853
48862
48883
48886
48899
48904
48945
49080
49094
49106
49142
49144
49166
49175
49182
49191
49254
49307
49328
49329
49385
49426
49428
49464
49479
49636
49647
49660
49747
49753
49819
49839
49862
49882
49888
49908
49919
49929
49947
49960
49980
49990
