1
18
31
50
93
181
195
224
230
268
322
337
340
362
389
402
433
441
639
644
647
658
659
673
708
709
765
769
777
788
822
848
856
866
880
979
981
1068
1136
1139
1167
1174
1195
1219
1220
1234
1250
1261
1274
1329
1361
1362
1380
1417
1432
1461
1462
1497
1519
1536
1553
1598
1698
1701
1710
1711
1735
1862
1875
1889
1894
1980
1994
2027
2046
2079
2082
2105
2147
2154
2167
2199
2216
2231
2234
2263
2265
2269
2274
2297
2304
2314
2339
2340
2355
2395
2460
2465
2468
2469
2486
2488
2490
2509
2513
2514
2543
2590
2626
2654
2686
2691
2706
2719
2751
2758
2804
2854
2863
2870
2894
2900
2906
2914
2979
2988
2999
3053
3057
3060
3069
3101
3120
3133
3185
3202
3219
3221
3225
3230
3238
3269
3279
3292
3305
3317
3347
3377
3415
3498
3503
3522
3525
3530
3551
3574
3577
3584
3586
3616
3630
3659
3662
3669
3670
3753
3795
3831
3863
3864
3870
3889
3900
3955
3969
3989
3991
3998
4038
4050
4073
4088
4091
4173
4182
4191
4207
4235
4258
4259
4261
4294
4296
4354
4368
4382
4440
4446
4498
4507
4541
4567
4577
4583
4590
4645
4650
4651
4695
4729
4762
4773
4775
4815
4830
4919
5028
5029
5048
5050
5091
5108
5198
5202
5257
5270
5287
5353
5379
5402
5444
5489
5515
5545
5621
5633
5636
5644
5660
5668
5689
5716
5730
5753
5780
5793
5851
5856
5870
5872
5883
5886
5927
5932
5943
5957
5960
5974
6064
6150
6192
6209
6241
6257
6278
6293
6338
6342
6365
6374
6403
6406
6408
6460
6472
6473
6517
6545
6551
6554
6558
6608
6643
6658
6678
6753
6762
6770
6837
6876
6888
6915
6937
6938
6943
6949
6958
6968
6972
6979
7016
7096
7118
7144
7181
7276
7313
7324
7366
7377
7439
7444
7460
7464
7480
7482
7494
7505
7525
7539
7550
7571
7587
7636
7648
7658
7698
7714
7757
7852
7889
7892
7910
7956
7960
7998
8007
8021
8033
8036
8064
8084
8088
8148
8192
8258
8277
8313
8394
8468
8496
8537
8564
8596
8615
8727
8745
8808
8813
8865
8880
8902
8908
8954
9012
9017
9028
9100
9119
9139
9160
9161
9185
9195
9215
9284
9333
9369
9385
9401
9405
9413
9419
9424
9462
9467
9489
9541
9593
9594
9646
9680
9684
9687
9718
9772
9801
9821
9832
9844
9906
9929
9948
10024
10043
10063
10094
10122
10144
10172
10178
10199
10244
10289
10323
10366
10406
10430
10491
10495
10518
10519
10527
10531
10578
10584
10597
10604
10626
10634
10645
10653
10684
10709
10731
10745
10747
10789
10791
10822
10838
10897
10919
10933
10960
10975
10981
10982
10984
10991
11087
11129
11163
11195
11265
11289
11311
11312
11321
11362
11409
11430
11452
11468
11475
11498
11508
11544
11587
11597
11610
11617
11622
11660
11694
11704
11724
11796
11806
11815
11822
11882
11885
11895
11900
11966
11985
12002
12007
12016
12020
12033
12036
12066
12082
12108
12115
12156
12196
12212
12213
12232
12233
12255
12273
12318
12364
12376
12394
12411
12461
12463
12516
12525
12527
12536
12557
12563
12597
12625
12689
12692
12698
12724
12730
12762
12814
12836
12861
12872
12879
12927
12947
12961
12988
13054
13059
13073
13074
13083
13113
13116
13152
13170
13187
13192
13196
13197
13221
13247
13280
13290
13295
13303
13330
13347
13348
13378
13386
13395
13403
13415
13425
13426
13441
13508
13556
13562
13585
13597
13631
13677
13702
13715
13720
13736
13740
13757
13830
13860
13908
13937
13946
13958
14010
14059
14076
14080
14132
14140
14171
14196
14215
14236
14260
14261
14293
14323
14328
14358
14365
14443
14455
14484
14548
14579
14675
14679
14718
14758
14792
14840
14868
14891
14895
14907
14945
14971
14973
15088
15100
15171
15175
15208
15268
15274
15293
15308
15325
15347
15359
15368
15369
15374
15387
15398
15403
15417
15472
15489
15494
15502
15517
15528
15576
15593
15597
15654
15670
15709
15737
15772
15780
15781
15789
15797
15809
15817
15823
15860
15893
15916
16002
16025
16068
16072
16092
16125
16159
16234
16258
16277
16283
16285
16290
16293
16336
16364
16440
16462
16463
16471
16517
16539
16571
16580
16584
16587
16588
16643
16658
16669
16710
16756
16758
16775
16830
16845
16855
16861
16878
16880
16888
16890
16962
16965
16968
17008
17122
17127
17132
17176
17183
17215
17239
17281
17308
17327
17377
17399
17410
17418
17423
17427
17451
17464
17524
17527
17568
17589
17618
17630
17644
17714
17717
17724
17773
17775
17823
17858
17942
17963
18014
18022
18031
18037
18065
18095
18124
18144
18179
18211
18218
18231
18239
18250
18268
18300
18360
18372
18426
18443
18493
18513
18518
18559
18562
18604
18626
18627
18646
18680
18684
18723
18742
18777
18787
18822
18839
18857
18921
18960
18983
18999
19002
19004
19019
19087
19116
19152
19157
19171
19188
19194
19196
19200
19214
19217
19243
19316
19333
19344
19347
19355
19357
19377
19389
19408
19410
19427
19442
19455
19470
19520
19550
19564
19581
19613
19625
19640
19646
19655
19706
19714
19720
19734
19753
19755
19811
19823
19880
19945
19948
19949
19972
20009
20038
20076
20096
20098
20111
20156
20182
20220
20241
20260
20293
20355
20377
20422
20450
20468
20497
20522
20540
20575
20592
20646
20743
20780
20817
20833
20874
20875
20880
20911
20977
21004
21028
21104
21128
21129
21143
21198
21210
21225
21236
21262
21320
21358
21375
21380
21400
21446
21489
21544
21566
21576
21680
21681
21730
21735
21736
21765
21777
21820
21870
21892
21919
21956
21995
21996
22035
22074
22080
22105
22129
22147
22200
22296
22302
22348
22375
22386
22428
22431
22451
22459
22462
22521
22536
22539
22650
22655
22730
22735
22745
22767
22809
22832
22882
22920
22933
22934
22953
22970
22971
22986
22995
22998
23023
23071
23083
23116
23120
23139
23143
23151
23182
23199
23224
23236
23245
23333
23335
23336
23421
23478
23571
23599
23600
23624
23627
23646
23745
23793
23813
23835
23870
23883
23925
23970
23976
24022
24052
24079
24088
24126
24162
24182
24200
24267
24268
24277
24284
24300
24335
24373
24386
24447
24480
24498
24503
24564
24579
24605
24625
24633
24639
24643
24649
24676
24708
24742
24790
24797
24813
24826
24842
24845
24910
24926
24980
25057
25065
25075
25082
25083
25165
25168
25186
25194
25229
25251
25252
25323
25343
25354
25357
25369
25382
25404
25405
25415
25443
25487
25490
25515
25516
25539
25597
25625
25732
25742
25768
25808
25826
25852
25895
25910
25946
25949
26032
26061
26065
26078
26123
26124
26181
26183
26196
26224
26230
26249
26270
26281
26301
26309
26314
26366
26371
26391
26430
26447
26497
26499
26527
26579
26608
26628
26662
26665
26697
26787
26817
26845
26846
26856
26925
26931
26949
26956
26975
27014
27038
27063
27121
27164
27166
27169
27196
27200
27232
27321
27339
27351
27364
27389
27403
27452
27454
27470
27475
27588
27591
27625
27629
27667
27671
27715
27720
27737
27740
27751
27764
27769
27828
27832
27851
27876
27896
27922
27937
27942
27955
27977
28014
28019
28055
28233
28254
28277
28288
28294
28348
28391
28395
28408
28437
28448
28461
28491
28521
28559
28579
28595
28638
28656
28658
28679
28685
28687
28745
28826
28872
28933
28935
28950
28979
28995
29031
29040
29068
29071
29082
29109
29166
29189
29197
29206
29244
29331
29333
29363
29396
29423
29452
29459
29478
29573
29619
29625
29632
29673
29689
29720
29723
29736
29766
29785
29789
29837
29841
29852
29853
29873
29878
29938
29983
29998
30011
30020
30067
30073
30083
30088
30104
30129
30139
30162
30205
30209
30236
30240
30276
30278
30293
30301
30354
30389
30458
30471
30573
30610
30661
30696
30740
30742
30761
30798
30801
30815
30843
30862
30890
30925
30927
30959
30965
31041
31043
31051
31055
31061
31113
31133
31187
31212
31228
31275
31287
31457
31482
31497
31525
31531
31548
31553
31563
31578
31586
31589
31622
31628
31648
31700
31706
31732
31767
31781
31783
31856
31861
31902
31907
31979
32002
32016
32035
32055
32078
32112
32123
32147
32155
32156
32188
32200
32296
32307
32320
32335
32346
32352
32382
32400
32489
32491
32567
32622
32623
32664
32701
32716
32745
32758
32774
32811
32817
32849
32865
32866
32887
32907
32925
33059
33148
33187
33205
33257
33281
33284
33369
33448
33459
33498
33504
33532
33560
33593
33632
33638
33668
33698
33708
33717
33729
33791
33820
33860
33891
33895
33903
33909
33953
33979
33997
34005
34030
34037
34049
34050
34081
34158
34185
34186
34207
34222
34230
34270
34287
34294
34309
34335
34339
34417
34435
34444
34495
34530
34553
34576
34590
34606
34638
34657
34659
34684
34719
34720
34752
34753
34764
34773
34845
34849
34850
34862
34867
34877
34888
34926
35032
35066
35098
35114
35130
35134
35145
35222
35224
35228
35255
35299
35326
35327
35349
35380
35433
35488
35541
35551
35559
35587
35606
35615
35619
35630
35632
35641
35642
35643
35670
35697
35699
35722
35731
35735
35768
35783
35785
35787
35796
35882
35904
35913
35924
35950
35954
35971
35976
35984
36004
36020
36044
36054
36081
36126
36171
36211
36241
36261
36294
36374
36394
36398
36428
36436
36482
36510
36543
36551
36552
36558
36615
36650
36656
36709
36724
36725
36730
36736
36744
36778
36785
36802
36829
36834
36856
36911
36932
36944
36969
36971
36978
37019
37042
37134
37139
37168
37172
37201
37364
37386
37415
37432
37444
37473
37483
37492
37581
37584
37598
37660
37705
37716
37727
37741
37747
37765
37840
37896
37899
38012
38014
38015
38025
38028
38083
38086
38123
38167
38184
38215
38264
38275
38282
38321
38340
38401
38409
38424
38430
38443
38513
38523
38545
38574
38604
38605
38620
38632
38655
38680
38726
38756
38781
38798
38812
38836
38868
38900
38902
38971
39036
39040
39063
39072
39092
39096
39101
39109
39134
39153
39165
39192
39195
39226
39238
39260
39270
39295
39304
39330
39420
39424
39447
39461
39471
39532
39536
39543
39589
39641
39669
39698
39753
39763
39790
39802
39882
39891
39914
39916
39920
39973
39980
39987
40000
40009
40015
40031
40041
40076
40094
40112
40114
40126
40137
40230
40250
40307
40319
40324
40336
40387
40406
40438
40469
40476
40477
40502
40516
40533
40540
40561
40628
40664
40699
40732
40789
40794
40848
40863
40923
40945
40950
41017
41055
41079
41178
41216
41220
41244
41270
41275
41279
41288
41292
41300
41310
41329
41347
41453
41469
41471
41495
41498
41513
41531
41598
41650
41658
41666
41683
41702
41723
41736
41739
41741
41789
41824
41834
41863
41971
42021
42030
42055
42089
42114
42143
42174
42259
42265
42329
42360
42377
42389
42402
42405
42441
42443
42493
42498
42532
42549
42570
42614
42683
42707
42718
42777
42813
42876
42878
42891
42918
42926
42957
42976
42985
43009
43013
43063
43064
43078
43118
43218
43229
43236
43248
43251
43252
43284
43285
43304
43403
43457
43472
43479
43512
43524
43529
43581
43593
43654
43668
43695
43733
43762
43799
43802
43837
43855
43913
43956
43965
43971
44001
44003
44025
44089
44114
44157
44176
44180
44207
44220
44226
44233
44244
44265
44331
44377
44379
44391
44476
44516
44554
44566
44581
44583
44600
44622
44646
44679
44691
44729
44743
44774
44797
44829
44868
44873
44882
44966
44972
45023
45136
45144
45178
45194
45213
45242
45270
45299
45310
45329
45333
45364
45371
45396
45397
45424
45429
45459
45470
45473
45479
45498
45513
45554
45591
45595
45641
45687
45696
45699
45753
45755
45778
45884
45889
45892
45940
46007
46010
46021
46026
46047
46048
46061
46075
46091
46093
46139
46153
46163
46174
46204
46298
46316
46362
46379
46422
46435
46438
46486
46526
46532
46611
46676
46701
46707
46718
46746
46772
46785
46802
46856
46864
46869
46935
46939
46943
46960
46978
46981
47000
47005
47024
47034
47058
47098
47111
47122
47145
47177
47199
47209
47228
47261
47269
47286
47354
47386
47400
47405
47409
47445
47456
47468
47628
47674
47706
47715
47721
47728
47759
47782
47788
47801
47854
47863
47866
47889
47904
47922
47952
47957
47975
47978
48000
48001
48004
48030
48106
48118
48119
48250
48322
48339
48361
48373
48394
48437
48447
48450
48458
48528
48569
48573
48576
48608
48615
48671
48726
48753
48812
48831
48844
48863
48885
48894
48935
48945
48956
48984
48994
49018
49023
49040
49052
49077
49120
49129
49139
49143
49180
49217
49247
49270
49339
49351
49372
49373
49380
49407
49427
49478
49505
49521
49526
49538
49557
49564
49572
49591
49600
49677
49679
49708
49718
49724
49788
49801
49870
49881
49889
49973
