30
31
47
63
88
114
135
201
225
240
255
267
284
307
340
364
365
368
468
472
483
497
531
572
608
609
612
685
695
696
720
725
802
866
905
963
1078
1081
1102
1151
1249
1251
1306
1319
1337
1376
1385
1440
1499
1543
1582
1639
1733
1745
1751
1776
1787
1796
1800
1811
1812
1832
1843
1902
1904
1911
1935
1975
1995
2000
2001
2004
2022
2033
2068
2076
2084
2131
2151
2320
2364
2423
2455
2463
2465
2520
2532
2541
2548
2564
2582
2588
2590
2591
2636
2672
2679
2797
2817
2834
2850
2881
2888
2897
2932
2958
2962
2968
2982
2998
3002
3033
3039
3090
3096
3111
3146
3191
3215
3222
3235
3237
3249
3288
3300
3305
3311
3316
3366
3411
3413
3438
3546
3553
3574
3604
3628
3733
3738
3751
3775
3780
3853
3885
3900
3908
3961
3973
3982
3995
4007
4026
4039
4060
4125
4166
4242
4291
4327
4330
4334
4338
4349
4411
4442
4547
4549
4551
4557
4592
4611
4646
4654
4700
4729
4733
4766
4799
4808
4849
4865
4873
4883
4887
4906
4945
4953
4978
4985
5158
5273
5275
5322
5325
5331
5351
5402
5413
5489
5542
5570
5579
5598
5600
5669
5673
5689
5691
5711
5752
5773
5828
5840
5857
5871
5902
5923
5934
5964
5977
5999
6001
6005
6007
6017
6028
6038
6050
6059
6070
6073
6085
6100
6108
6114
6133
6147
6178
6182
6188
6257
6283
6287
6337
6341
6372
6376
6393
6404
6418
6430
6456
6487
6528
6541
6552
6565
6569
6584
6713
6733
6734
6763
6786
6795
6847
6858
6866
6883
6895
6909
6953
6966
6973
6990
7032
7040
7057
7105
7127
7151
7154
7169
7175
7264
7271
7273
7276
7331
7356
7397
7406
7409
7415
7515
7538
7551
7571
7572
7584
7590
7617
7624
7640
7701
7714
7739
7774
7790
7869
7910
7918
7961
7969
7973
7983
8013
8057
8095
8108
8125
8130
8132
8135
8152
8233
8255
8263
8264
8271
8322
8395
8417
8431
8455
8501
8524
8526
8528
8536
8565
8567
8570
8605
8615
8618
8686
8692
8712
8735
8751
8772
8794
8808
8816
8826
8827
8839
8842
8875
8892
8893
8912
8913
8934
9012
9054
9056
9102
9134
9155
9202
9241
9275
9336
9352
9395
9413
9463
9466
9474
9540
9546
9605
9613
9684
9692
9709
9714
9733
9756
9765
9790
9793
9803
9832
9839
9844
9872
9888
9903
9907
9909
9923
9962
9980
10013
10055
10058
10073
10082
10138
10173
10203
10209
10234
10286
10315
10319
10346
10347
10373
10378
10409
10425
10436
10441
10572
10578
10581
10597
10625
10638
10696
10699
10728
10744
10801
10837
10854
10894
10895
10896
10937
10967
10971
10990
11070
11140
11143
11151
11175
11301
11302
11314
11343
11349
11353
11363
11373
11374
11396
11403
11448
11458
11490
11560
11563
11671
11701
11744
11746
11771
11782
11827
11836
11935
11960
11966
11990
12035
12039
12110
12150
12192
12223
12243
12288
12316
12331
12333
12339
12370
12372
12379
12404
12407
12408
12431
12436
12442
12452
12462
12471
12484
12531
12544
12590
12642
12689
12706
12741
12777
12918
12965
13064
13131
13149
13162
13202
13228
13231
13240
13266
13272
13322
13346
13383
13403
13413
13442
13459
13461
13466
13508
13533
13598
13625
13631
13651
13660
13661
13675
13676
13685
13686
13710
13728
13732
13741
13752
13762
13801
13813
13823
13831
13835
13859
13867
13878
13894
13896
13927
13950
13966
14035
14069
14094
14135
14150
14158
14163
14170
14181
14209
14220
14315
14319
14325
14342
14360
14459
14460
14471
14486
14609
14637
14640
14645
14668
14698
14704
14732
14735
14743
14758
14783
14802
14848
14858
14862
14897
14906
14912
14952
14983
15007
15080
15149
15153
15177
15221
15224
15225
15230
15240
15295
15305
15346
15356
15392
15394
15395
15406
15427
15475
15492
15654
15660
15694
15745
15750
15756
15766
15796
15832
15843
15905
15911
15912
15921
15952
15971
16002
16013
16028
16042
16050
16075
16087
16094
16102
16141
16185
16196
16207
16241
16247
16338
16352
16474
16486
16500
16523
16541
16585
16598
16614
16652
16663
16678
16715
16735
16752
16765
16815
16827
16835
16862
16867
16894
16904
16914
16925
16964
17006
17036
17099
17100
17104
17195
17209
17290
17310
17332
17337
17350
17358
17364
17465
17483
17500
17514
17515
17523
17543
17563
17580
17592
17593
17619
17625
17644
17672
17779
17872
17933
17953
17970
17985
18152
18165
18206
18226
18238
18279
18286
18330
18338
18353
18358
18381
18394
18456
18505
18539
18551
18607
18609
18640
18723
18751
18769
18789
18833
18838
18844
18869
18914
18918
18928
18938
18965
19082
19121
19137
19148
19154
19170
19182
19184
19186
19198
19215
19275
19286
19288
19316
19340
19409
19425
19428
19527
19560
19585
19591
19592
19594
19596
19628
19656
19705
19844
19950
19995
20037
20044
20053
20110
20145
20151
20239
20241
20281
20284
20309
20312
20344
20403
20419
20435
20452
20507
20530
20581
20591
20592
20635
20654
20658
20674
20730
20748
20821
20825
20846
20847
20852
20878
20928
20991
21067
21091
21094
21099
21101
21149
21162
21165
21174
21188
21195
21203
21212
21243
21269
21272
21288
21302
21307
21332
21374
21402
21412
21454
21480
21497
21511
21521
21543
21544
21548
21558
21576
21577
21596
21618
21641
21681
21706
21712
21727
21763
21861
21894
22000
22066
22077
22078
22126
22235
22277
22306
22314
22317
22351
22387
22396
22403
22452
22485
22486
22503
22513
22514
22522
22548
22567
22592
22608
22613
22614
22615
22658
22667
22718
22778
22792
22807
22818
22824
22833
22865
22894
22909
22916
22919
22943
22966
22968
22989
22996
23010
23035
23041
23046
23079
23099
23119
23140
23166
23202
23204
23213
23230
23257
23265
23279
23316
23397
23407
23422
23505
23513
23531
23570
23617
23618
23663
23668
23671
23711
23716
23746
23775
23820
23848
23927
23929
23949
23968
23982
24049
24056
24077
24081
24082
24115
24138
24213
24223
24232
24258
24283
24329
24343
24366
24397
24423
24437
24462
24483
24485
24490
24499
24507
24536
24570
24577
24588
24601
24691
24699
24705
24714
24723
24743
24755
24760
24779
24805
24847
24855
24862
24877
24900
24935
24947
24961
25008
25009
25028
25064
25125
25135
25138
25189
25241
25271
25297
25301
25306
25338
25342
25349
25366
25374
25428
25441
25495
25496
25542
25549
25619
25622
25703
25742
25745
25784
25798
25816
25870
25912
25918
25940
25948
26002
26028
26065
26070
26132
26149
26151
26170
26176
26194
26196
26218
26274
26276
26356
26357
26408
26433
26463
26466
26489
26497
26532
26562
26568
26652
26681
26698
26703
26706
26719
26741
26749
26798
26801
26804
26835
26846
26849
26891
26892
26918
26942
26963
26972
26988
27010
27011
27021
27139
27141
27183
27235
27247
27266
27291
27296
27304
27337
27354
27375
27398
27414
27467
27524
27530
27541
27625
27685
27694
27719
27738
27788
27792
27820
27857
27887
27892
27912
27929
27954
27961
27971
27977
28002
28003
28022
28024
28037
28087
28139
28153
28156
28175
28193
28242
28244
28269
28287
28354
28361
28377
28385
28402
28412
28484
28490
28517
28542
28552
28588
28624
28636
28671
28691
28701
28709
28756
28779
28816
28817
28821
28835
28867
28909
29059
29068
29087
29097
29132
29133
29141
29148
29152
29183
29208
29209
29240
29250
29263
29269
29272
29340
29343
29350
29371
29400
29416
29432
29447
29478
29510
29524
29550
29552
29553
29556
29557
29570
29606
29683
29759
29772
29828
29879
29896
29915
29978
30014
30015
30024
30072
30137
30142
30165
30213
30236
30237
30248
30250
30265
30304
30361
30402
30421
30436
30460
30464
30558
30587
30623
30632
30634
30659
30688
30693
30731
30756
30789
30825
30859
30864
30866
30867
30897
30907
31014
31043
31044
31094
31102
31159
31200
31202
31211
31213
31226
31257
31260
31293
31298
31372
31411
31423
31437
31442
31448
31455
31522
31531
31587
31597
31609
31621
31675
31679
31683
31691
31714
31733
31751
31756
31814
31843
31876
31914
31926
31933
31955
31956
31958
31999
32015
32034
32091
32104
32109
32129
32141
32147
32166
32248
32262
32263
32305
32326
32333
32335
32365
32378
32416
32471
32486
32512
32522
32530
32541
32560
32563
32581
32595
32611
32633
32641
32651
32659
32695
32696
32725
32743
32764
32791
32818
32850
32923
32931
32933
32939
32940
32966
32977
32983
33005
33070
33080
33164
33168
33194
33223
33231
33235
33253
33270
33275
33306
33316
33354
33380
33425
33451
33459
33473
33482
33484
33513
33522
33564
33565
33608
33610
33644
33690
33714
33721
33729
33755
33765
33782
33789
33797
33826
33866
33899
33900
33940
33985
34013
34028
34065
34071
34097
34145
34191
34199
34201
34253
34306
34336
34343
34377
34414
34418
34435
34485
34496
34586
34770
34823
34874
34879
34889
34902
34923
35013
35097
35099
35131
35171
35201
35236
35246
35260
35282
35309
35340
35372
35376
35392
35397
35440
35442
35455
35476
35499
35501
35523
35569
35627
35632
35667
35674
35678
35694
35704
35709
35724
35755
35850
35914
35940
36036
36053
36056
36091
36142
36144
36165
36169
36170
36209
36256
36290
36333
36346
36349
36394
36403
36407
36417
36451
36490
36494
36552
36580
36616
36624
36669
36670
36736
36761
36778
36780
36826
36850
36861
36901
36919
36920
36932
36958
36963
37034
37039
37065
37083
37103
37112
37136
37146
37187
37230
37271
37294
37319
37333
37336
37374
37383
37387
37433
37434
37463
37477
37483
37485
37555
37564
37585
37613
37617
37653
37655
37687
37704
37720
37729
37736
37776
37798
37819
37842
37852
37879
37931
37971
37976
38005
38015
38021
38048
38081
38089
38170
38176
38178
38185
38194
38271
38307
38324
38352
38375
38385
38411
38418
38468
38471
38524
38594
38598
38626
38637
38683
38719
38720
38753
38766
38829
38830
38876
38902
38924
38929
38982
39052
39059
39075
39082
39091
39173
39181
39239
39298
39313
39339
39354
39363
39370
39411
39467
39499
39517
39520
39548
39557
39559
39591
39636
39654
39656
39664
39671
39680
39684
39761
39775
39780
39795
39810
39818
39822
39859
39868
39886
39901
39918
39945
39988
40005
40017
40038
40047
40074
40144
40180
40196
40201
40209
40216
40222
40244
40261
40274
40277
40281
40361
40424
40482
40498
40504
40510
40523
40540
40542
40543
40637
40652
40708
40820
40837
40854
40856
40859
40861
40897
40902
40903
40910
40959
40979
41095
41124
41127
41148
41153
41175
41196
41211
41232
41268
41335
41421
41425
41470
41488
41523
41528
41544
41574
41601
41633
41642
41647
41652
41693
41717
41771
41827
41830
41884
41943
41945
41946
42020
42021
42054
42114
42132
42173
42184
42200
42209
42216
42247
42269
42316
42322
42345
42378
42394
42396
42472
42477
42481
42512
42522
42547
42626
42642
42656
42674
42679
42688
42714
42768
42835
42857
42860
42892
42927
42951
42960
42970
43001
43004
43005
43042
43103
43121
43123
43138
43160
43161
43174
43180
43187
43206
43233
43272
43280
43312
43378
43383
43417
43446
43479
43514
43536
43545
43560
43582
43650
43653
43689
43694
43702
43706
43713
43716
43758
43771
43774
43794
43798
43824
43848
43901
43909
43925
43936
43945
43958
43964
44040
44044
44048
44087
44095
44097
44120
44157
44251
44256
44261
44267
44320
44355
44375
44403
44405
44466
44496
44497
44506
44558
44592
44600
44601
44602
44658
44680
44719
44724
44740
44765
44771
44789
44854
44877
44890
44900
44920
44935
44938
44954
44962
44995
45005
45016
45035
45071
45084
45094
45106
45196
45219
45271
45296
45297
45299
45305
45313
45457
45465
45470
45480
45576
45598
45602
45612
45736
45755
45829
45845
45873
45911
45940
45949
45953
45979
46004
46006
46028
46076
46090
46121
46124
46131
46136
46174
46220
46263
46418
46425
46489
46490
46511
46521
46547
46562
46581
46609
46641
46735
46744
46789
46809
46825
46840
46852
46987
46999
47002
47036
47112
47119
47125
47216
47235
47245
47250
47254
47286
47311
47361
47364
47388
47411
47466
47528
47533
47541
47548
47565
47621
47624
47643
47653
47657
47663
47676
47680
47692
47732
47745
47755
47766
47819
47885
47891
47924
47991
48007
48010
48080
48137
48145
48171
48205
48243
48286
48304
48329
48376
48384
48386
48404
48447
48450
48458
48465
48475
48482
48490
48491
48495
48507
48638
48646
48792
48871
48905
48906
48961
49007
49036
49066
49067
49090
49123
49131
49143
49188
49194
49218
49219
49287
49288
49358
49375
49391
49469
49486
49493
49524
49564
49565
49618
49637
49641
49651
49696
49723
49733
49762
49772
49780
49846
49866
49912
49925
49942
49943
49959
