40
42
48
66
95
101
111
130
184
203
226
256
257
289
290
299
378
392
400
439
441
457
471
477
533
541
552
583
602
616
621
628
640
653
663
693
797
799
906
941
966
1041
1062
1068
1084
1100
1109
1156
1166
1170
1193
1222
1225
1257
1296
1353
1380
1384
1386
1390
1411
1412
1417
1425
1438
1441
1451
1493
1509
1523
1530
1531
1536
1601
1621
1647
1664
1681
1698
1726
1734
1810
1828
1860
1862
1892
1939
1964
1984
1997
2014
2019
2061
2107
2109
2133
2146
2191
2216
2244
2285
2300
2341
2353
2354
2389
2426
2436
2468
2485
2622
2625
2638
2674
2708
2710
2785
2808
2821
2862
2897
2995
2997
3010
3042
3052
3071
3141
3146
3157
3172
3191
3241
3284
3306
3317
3333
3386
3400
3422
3433
3497
3504
3537
3555
3584
3648
3688
3699
3739
3760
3770
3774
3810
3834
3837
3945
3948
4003
4009
4015
4018
4051
4057
4078
4095
4110
4125
4159
4204
4241
4244
4268
4299
4311
4345
4417
4429
4490
4509
4548
4572
4656
4725
4733
4754
4818
4834
4844
4897
4963
5009
5026
5033
5035
5037
5041
5088
5092
5138
5193
5203
5274
5317
5385
5397
5412
5413
5460
5499
5500
5504
5516
5521
5528
5534
5543
5549
5550
5610
5612
5676
5681
5760
5769
5772
5776
5789
5864
5867
5881
5905
5919
5938
5967
5972
6016
6045
6047
6072
6088
6091
6146
6174
6178
6195
6207
6209
6225
6239
6267
6270
6275
6290
6303
6334
6404
6422
6423
6450
6455
6472
6496
6513
6535
6548
6643
6647
6701
6739
6748
6750
6767
6783
6902
6912
6918
7027
7067
7072
7144
7363
7390
7397
7420
7475
7476
7598
7631
7641
7648
7655
7660
7718
7725
7734
7752
7771
7821
7881
7890
7925
7927
7938
7955
7979
8027
8046
8112
8118
8137
8164
8200
8242
8287
8296
8320
8341
8343
8362
8385
8437
8497
8498
8552
8587
8665
8667
8669
8685
8706
8717
8720
8791
8833
8875
8910
8972
9025
9052
9053
9078
9094
9110
9130
9181
9239
9263
9267
9301
9315
9395
9425
9426
9447
9500
9521
9552
9568
9569
9586
9632
9686
9710
9712
9718
9750
9761
9808
9841
9869
9893
9931
9934
9976
9987
9998
10001
10020
10022
10063
10065
10081
10141
10185
10225
10231
10256
10258
10281
10283
10310
10354
10358
10388
10389
10390
10461
10467
10476
10504
10519
10525
10532
10536
10558
10577
10649
10674
10703
10872
10911
10987
11018
11030
11048
11060
11063
11075
11101
11123
11182
11195
11196
11208
11216
11239
11283
11293
11302
11312
11351
11379
11441
11464
11496
11510
11531
11536
11547
11550
11582
11630
11662
11695
11712
11744
11745
11760
11763
11780
11790
11792
11798
11859
11903
11967
11969
12041
12116
12192
12201
12279
12314
12317
12319
12388
12463
12554
12593
12600
12646
12744
12800
12817
12854
12889
12893
12908
12934
12936
12941
12981
12982
12993
12998
13006
13026
13040
13076
13111
13113
13146
13178
13218
13230
13255
13256
13267
13281
13287
13308
13331
13332
13346
13356
13372
13426
13441
13446
13460
13485
13521
13547
13559
13593
13597
13638
13639
13646
13648
13649
13650
13694
13722
13730
13746
13771
13783
13797
13832
13865
13874
13878
13918
13935
13942
13982
13988
14016
14017
14063
14069
14103
14105
14110
14111
14153
14201
14230
14339
14343
14381
14411
14435
14450
14468
14470
14481
14505
14619
14687
14700
14701
14742
14751
14759
14792
14801
14844
14885
14955
14961
14962
14967
14996
15000
15008
15035
15081
15084
15085
15135
15153
15165
15170
15174
15230
15231
15240
15246
15281
15300
15310
15315
15326
15343
15354
15378
15415
15441
15477
15534
15537
15570
15607
15608
15616
15652
15685
15700
15722
15723
15745
15764
15773
15774
15794
15851
15877
15930
15947
15957
15982
15985
15996
16080
16081
16143
16155
16164
16182
16187
16227
16257
16274
16276
16280
16288
16341
16364
16366
16444
16450
16466
16491
16496
16498
16642
16742
16749
16763
16764
16791
16792
16810
16814
16888
16932
16948
16969
17010
17030
17049
17058
17072
17099
17171
17197
17222
17235
17254
17288
17324
17335
17372
17388
17392
17440
17448
17466
17473
17495
17509
17608
17630
17640
17694
17714
17715
17810
17890
17923
17938
17958
17960
17974
17979
17981
18059
18106
18110
18154
18196
18197
18215
18217
18246
18301
18305
18314
18353
18410
18464
18552
18553
18573
18592
18596
18608
18651
18662
18675
18699
18748
18801
18816
18857
18859
18881
18933
18972
18985
19002
19005
19049
19053
19077
19098
19108
19112
19164
19185
19210
19241
19272
19279
19281
19320
19340
19346
19354
19355
19369
19377
19516
19543
19578
19584
19586
19598
19629
19646
19664
19682
19693
19704
19722
19755
19773
19792
19843
19866
19874
19891
19893
19904
19909
19938
19953
19958
20017
20052
20057
20124
20141
20233
20266
20330
20373
20384
20420
20422
20441
20450
20455
20504
20514
20528
20596
20614
20629
20639
20653
20658
20687
20699
20746
20757
20870
20878
20905
21004
21036
21051
21054
21065
21067
21109
21133
21134
21166
21187
21201
21219
21241
21270
21274
21277
21305
21310
21345
21389
21430
21471
21492
21532
21544
21598
21623
21647
21674
21702
21785
21825
21917
21960
21990
21998
22027
22037
22054
22075
22080
22087
22113
22141
22160
22176
22187
22191
22203
22236
22237
22243
22248
22249
22273
22282
22342
22352
22353
22355
22360
22369
22372
22378
22392
22422
22450
22481
22498
22502
22537
22540
22553
22562
22568
22602
22619
22638
22769
22772
22773
22777
22803
22806
22825
22829
22850
22855
22867
22894
22896
22946
22957
23089
23102
23131
23148
23163
23190
23214
23237
23281
23324
23358
23390
23402
23410
23421
23473
23496
23509
23518
23562
23565
23576
23601
23612
23619
23623
23626
23651
23656
23672
23673
23685
23708
23725
23729
23762
23771
23776
23818
23822
23853
23872
23952
23980
23982
23996
24003
24005
24030
24031
24074
24119
24165
24170
24176
24211
24216
24224
24225
24331
24341
24344
24352
24446
24464
24484
24504
24516
24517
24518
24530
24532
24536
24619
24629
24639
24659
24667
24702
24737
24743
24800
24848
24880
24898
24906
24927
24936
24984
25009
25018
25029
25079
25085
25138
25160
25176
25231
25255
25268
25288
25314
25316
25350
25417
25438
25442
25476
25497
25558
25641
25648
25702
25703
25704
25724
25738
25795
25798
25800
25804
25870
25881
25913
25935
25948
25991
26001
26021
26037
26045
26060
26072
26086
26146
26165
26172
26209
26230
26305
26311
26363
26433
26452
26482
26506
26547
26570
26580
26618
26626
26683
26721
26759
26760
26772
26808
26839
26870
26871
26891
26906
26945
26954
26964
26968
26970
26992
26996
27003
27004
27042
27097
27129
27137
27145
27149
27187
27204
27234
27236
27318
27329
27355
27413
27427
27439
27443
27449
27452
27461
27525
27578
27610
27617
27620
27658
27664
27757
27765
27799
27847
27872
27914
27961
27978
27996
28005
28037
28038
28098
28114
28125
28148
28174
28207
28222
28232
28262
28273
28278
28316
28341
28354
28396
28411
28455
28513
28553
28556
28593
28627
28659
28670
28683
28686
28688
28758
28800
28801
28817
28843
28864
28903
28973
29002
29088
29091
29099
29103
29116
29143
29151
29164
29174
29206
29213
29236
29245
29265
29283
29295
29305
29330
29332
29340
29346
29351
29355
29385
29394
29399
29420
29465
29482
29595
29597
29615
29616
29621
29645
29658
29667
29698
29749
29764
29765
29766
29771
29823
29839
29871
29886
29899
29917
29931
29934
29977
30038
30085
30110
30137
30142
30152
30167
30171
30189
30257
30295
30338
30344
30403
30417
30420
30456
30480
30491
30506
30509
30517
30519
30536
30539
30594
30678
30683
30714
30743
30790
30809
30810
30854
30866
30870
30895
30899
30923
30926
30935
30948
30988
31030
31049
31062
31110
31188
31204
31246
31255
31279
31301
31313
31330
31350
31355
31417
31441
31446
31452
31482
31501
31506
31516
31574
31584
31634
31644
31678
31702
31719
31720
31737
31755
31763
31782
31837
31865
31914
31923
31948
31955
31980
32028
32078
32096
32176
32195
32200
32209
32235
32253
32279
32352
32354
32368
32373
32395
32471
32491
32503
32600
32606
32662
32680
32682
32684
32695
32719
32730
32782
32804
32807
32826
32832
32842
32868
32914
33036
33042
33087
33122
33135
33299
33316
33322
33412
33423
33524
33592
33612
33627
33685
33760
33819
33878
33908
33911
33928
33933
34047
34053
34091
34112
34116
34120
34175
34241
34263
34273
34284
34307
34326
34371
34385
34467
34542
34569
34585
34613
34614
34619
34622
34641
34710
34716
34720
34741
34753
34779
34786
34796
34804
34810
34821
34844
34850
34865
34938
34998
35031
35037
35109
35150
35163
35168
35210
35211
35271
35281
35292
35310
35437
35465
35468
35474
35483
35498
35515
35523
35527
35545
35557
35603
35605
35622
35657
35683
35693
35694
35698
35728
35739
35750
35780
35824
35847
35848
35903
35941
35944
35947
35969
35984
36006
36057
36070
36079
36087
36119
36127
36159
36168
36173
36213
36222
36254
36326
36329
36351
36381
36408
36438
36485
36513
36514
36544
36550
36554
36608
36611
36643
36652
36658
36667
36692
36741
36749
36762
36769
36771
36814
36855
36858
36864
36865
36892
36901
36942
36954
36970
37000
37004
37067
37111
37162
37230
37235
37251
37264
37288
37298
37322
37328
37413
37432
37446
37485
37507
37521
37563
37576
37586
37606
37625
37643
37648
37657
37685
37706
37707
37731
37739
37752
37777
37778
37781
37794
37878
37899
37905
37913
37948
38048
38119
38165
38175
38179
38201
38271
38289
38299
38302
38308
38317
38335
38386
38432
38453
38488
38495
38500
38515
38541
38609
38628
38729
38738
38741
38760
38779
38781
38828
38871
38893
38900
38913
38939
38949
39017
39019
39034
39038
39040
39055
39082
39091
39167
39187
39222
39227
39259
39297
39328
39330
39374
39382
39401
39447
39479
39519
39536
39661
39667
39694
39697
39731
39756
39766
39770
39778
39804
39851
39856
39858
39887
39897
39983
39997
40025
40091
40093
40096
40102
40106
40118
40173
40191
40204
40214
40229
40253
40286
40300
40347
40388
40400
40420
40436
40437
40454
40465
40487
40491
40506
40555
40571
40610
40649
40678
40686
40701
40736
40751
40797
40824
40831
40885
40901
40904
40915
41001
41022
41044
41058
41066
41068
41104
41135
41138
41161
41187
41188
41189
41191
41270
41342
41409
41416
41423
41431
41437
41559
41573
41594
41601
41613
41643
41707
41729
41734
41742
41761
41779
41792
41794
41805
41854
41891
41907
41922
41956
42011
42027
42046
42051
42067
42076
42086
42168
42199
42255
42273
42301
42331
42348
42375
42381
42389
42402
42481
42532
42555
42571
42604
42631
42638
42674
42823
42830
42841
42902
42952
42963
42980
43014
43016
43063
43102
43130
43131
43171
43197
43200
43213
43241
43300
43358
43379
43399
43443
43456
43457
43525
43555
43573
43592
43605
43610
43627
43633
43636
43643
43680
43682
43690
43754
43759
43774
43804
43867
43868
43881
43903
43907
43913
43927
44032
44050
44056
44100
44115
44129
44162
44178
44181
44211
44216
44292
44329
44337
44366
44380
44405
44537
44557
44559
44567
44587
44602
44613
44620
44624
44640
44643
44658
44673
44680
44697
44731
44750
44838
44882
44905
44923
44936
44970
44995
45071
45078
45083
45099
45100
45117
45120
45126
45147
45169
45203
45266
45270
45305
45316
45346
45364
45371
45451
45471
45479
45485
45505
45525
45535
45608
45625
45640
45694
45699
45706
45727
45747
45754
45775
45815
45855
45858
45887
45907
45910
45913
45979
45981
45984
45993
46003
46005
46092
46103
46120
46150
46155
46161
46167
46222
46235
46243
46288
46294
46344
46391
46466
46468
46474
46482
46507
46517
46533
46537
46544
46559
46572
46585
46603
46614
46671
46723
46783
46789
46800
46801
46851
46879
46920
46932
46942
46956
46961
46965
46970
46989
47025
47042
47115
47157
47174
47185
47200
47244
47252
47265
47284
47338
47341
47352
47362
47381
47392
47461
47462
47474
47531
47587
47595
47598
47612
47620
47666
47679
47697
47737
47751
47756
47786
47789
47840
47879
47903
47910
47919
47968
47998
48002
48046
48098
48175
48236
48279
48292
48314
48320
48323
48365
48370
48415
48417
48448
48455
48459
48572
48644
48678
48708
48754
48756
48759
48772
48787
48789
48794
48810
48811
48849
48863
48901
48950
48953
48988
48990
49026
49029
49034
49079
49085
49149
49221
49249
49253
49259
49306
49321
49334
49359
49453
49500
49511
49520
49531
49552
49554
49556
49618
49619
49664
49670
49677
49729
49730
49747
49760
49872
49873
49900
49917
49920
49964
