19
24
45
79
124
181
201
222
228
234
339
467
471
479
514
571
582
645
652
670
703
711
720
782
789
821
826
828
842
844
855
878
903
945
1013
1032
1078
1126
1149
1184
1209
1211
1219
1260
1276
1277
1296
1299
1326
1337
1356
1386
1437
1507
1602
1611
1620
1660
1663
1669
1758
1794
1881
1916
1921
1923
1938
1956
1971
2014
2067
2106
2122
2135
2136
2147
2160
2181
2186
2195
2223
2258
2269
2301
2308
2329
2335
2339
2362
2363
2478
2524
2554
2650
2652
2663
2666
2674
2778
2781
2786
2787
2841
2910
2954
2957
2966
2967
2971
2980
3000
3014
3032
3053
3088
3102
3116
3122
3144
3243
3257
3259
3288
3291
3308
3327
3337
3371
3384
3412
3469
3492
3499
3512
3555
3572
3584
3607
3646
3717
3721
3726
3775
3777
3781
3798
3811
3815
3817
3855
3863
3866
3903
3931
3949
3952
4019
4034
4046
4085
4101
4102
4106
4146
4151
4180
4235
4294
4310
4326
4361
4373
4465
4493
4503
4529
4541
4550
4561
4575
4595
4599
4666
4695
4700
4725
4745
4765
4768
4774
4783
4810
4839
4844
4862
4863
4874
4904
4964
4965
4970
5002
5014
5024
5028
5032
5050
5083
5100
5130
5166
5185
5215
5227
5244
5250
5258
5283
5308
5334
5337
5347
5357
5376
5385
5396
5409
5413
5489
5496
5504
5506
5541
5634
5655
5714
5717
5755
5763
5764
5772
5776
5785
5817
5839
5873
5875
5884
5907
5932
5954
5955
5991
6088
6131
6160
6250
6263
6269
6307
6351
6379
6389
6444
6445
6457
6478
6483
6536
6552
6594
6627
6633
6663
6664
6672
6736
6762
6773
6784
6798
6811
6867
6878
6883
6897
6949
6987
7038
7045
7075
7125
7231
7237
7238
7249
7263
7271
7286
7352
7402
7405
7417
7462
7520
7522
7536
7554
7562
7589
7669
7690
7754
7755
7801
7806
7827
7835
7838
7902
7908
7928
7941
7989
7996
8007
8015
8056
8068
8084
8104
8109
8135
8139
8204
8205
8208
8252
8317
8330
8335
8343
8353
8370
8380
8425
8426
8438
8458
8504
8547
8580
8592
8631
8632
8640
8703
8721
8726
8732
8754
8781
8789
8799
8834
8844
8845
8850
8852
8859
8873
8877
8890
8912
8917
8981
8988
9008
9030
9112
9126
9141
9151
9156
9163
9170
9199
9224
9228
9238
9268
9291
9295
9299
9361
9364
9390
9408
9421
9481
9530
9538
9590
9597
9600
9611
9625
9685
9717
9734
9767
9792
9794
9816
9828
9851
9864
9874
9887
9891
9928
9943
9948
9949
10002
10044
10057
10124
10125
10136
10178
10253
10268
10311
10330
10335
10336
10358
10362
10367
10380
10424
10465
10509
10511
10516
10523
10524
10536
10537
10570
10608
10632
10726
10735
10749
10795
10821
10834
10842
10857
10913
10954
10970
10994
11018
11035
11050
11058
11072
11088
11105
11127
11134
11151
11175
11213
11289
11297
11310
11318
11335
11347
11360
11387
11396
11448
11480
11503
11556
11557
11560
11573
11590
11619
11707
11715
11716
11738
11787
11793
11804
11806
11813
11867
11884
11889
11905
11945
11947
11956
12017
12112
12120
12126
12131
12133
12149
12200
12219
12231
12243
12258
12266
12274
12301
12346
12353
12367
12479
12493
12494
12526
12583
12632
12634
12648
12666
12667
12681
12700
12756
12782
12787
12817
12820
12829
12852
12876
12903
12926
12934
12944
12954
12966
13006
13035
13047
13080
13115
13200
13207
13224
13259
13268
13333
13377
13395
13428
13438
13447
13450
13458
13463
13472
13483
13492
13506
13534
13566
13651
13775
13782
13783
13812
13858
13876
13892
13919
13920
13921
13924
13941
14017
14028
14056
14110
14121
14148
14158
14159
14171
14176
14187
14278
14327
14333
14351
14377
14405
14415
14429
14480
14539
14540
14598
14642
14671
14695
14779
14860
14924
14932
14934
14969
14998
15000
15003
15018
15024
15043
15045
15054
15066
15074
15201
15250
15253
15256
15263
15264
15309
15368
15372
15373
15485
15553
15565
15580
15646
15665
15667
15703
15724
15768
15790
15826
15830
15852
15895
15903
15904
15907
15917
15933
15964
15968
16034
16077
16102
16150
16153
16158
16197
16199
16241
16242
16245
16271
16273
16283
16312
16335
16358
16399
16465
16628
16676
16685
16693
16695
16794
16854
16855
16876
16897
16899
16925
16981
16985
17006
17017
17057
17108
17121
17129
17184
17230
17235
17281
17310
17337
17355
17393
17437
17451
17452
17459
17506
17532
17536
17614
17668
17724
17746
17760
17780
17785
17791
17802
17824
17850
17859
17912
17913
17929
17951
17971
18098
18179
18202
18212
18245
18274
18288
18322
18375
18465
18476
18515
18524
18583
18585
18609
18611
18620
18647
18654
18658
18671
18693
18716
18718
18744
18777
18810
18845
18878
18943
18958
18972
18989
18998
19003
19018
19064
19134
19152
19164
19219
19244
19259
19323
19372
19399
19441
19472
19476
19482
19490
19502
19509
19511
19529
19547
19579
19628
19640
19652
19680
19703
19717
19723
19742
19823
19840
19844
19865
19999
20010
20015
20084
20124
20145
20152
20167
20169
20191
20202
20245
20255
20269
20283
20297
20315
20361
20363
20365
20369
20457
20497
20514
20518
20522
20626
20662
20684
20756
20790
20821
20846
20854
20912
20921
20968
20975
20989
20997
21003
21021
21067
21071
21077
21090
21104
21111
21172
21186
21202
21213
21230
21232
21261
21265
21303
21312
21370
21430
21436
21446
21468
21509
21527
21547
21565
21608
21622
21638
21665
21705
21757
21775
21805
21898
21941
21943
22025
22039
22074
22205
22209
22235
22302
22307
22321
22323
22355
22365
22373
22375
22404
22413
22423
22445
22461
22488
22536
22545
22551
22563
22597
22612
22629
22650
22729
22886
22935
22983
23039
23058
23097
23202
23204
23210
23266
23291
23329
23351
23358
23391
23403
23421
23458
23459
23480
23501
23523
23560
23566
23575
23618
23648
23653
23687
23692
23721
23733
23743
23786
23841
23846
23858
23883
23892
23906
23916
23944
23954
23980
24050
24078
24101
24182
24194
24200
24273
24302
24319
24349
24358
24394
24410
24417
24429
24435
24465
24469
24475
24495
24509
24611
24630
24633
24643
24664
24672
24741
24751
24798
24803
24811
24821
24830
24879
24900
24917
24940
24945
24989
25007
25033
25038
25070
25074
25081
25123
25163
25164
25181
25240
25311
25337
25360
25366
25377
25389
25390
25395
25399
25423
25427
25472
25498
25524
25561
25571
25581
25601
25617
25653
25675
25702
25741
25751
25771
25773
25830
25862
25868
25876
25879
25899
25910
25911
25967
25969
25985
26008
26024
26025
26037
26048
26051
26087
26121
26125
26196
26209
26278
26283
26294
26300
26304
26347
26382
26385
26408
26422
26443
26503
26505
26508
26525
26556
26604
26614
26631
26660
26718
26721
26722
26757
26759
26829
26912
26914
26915
26997
27003
27071
27085
27135
27137
27177
27219
27284
27298
27299
27303
27324
27334
27370
27436
27444
27473
27510
27512
27515
27562
27570
27618
27621
27644
27684
27694
27730
27748
27827
27834
27837
27854
27857
27916
27957
27999
28013
28056
28082
28130
28160
28194
28219
28263
28291
28327
28347
28416
28483
28498
28515
28545
28577
28584
28634
28638
28646
28669
28685
28721
28827
28832
28834
28878
28886
28895
28908
28939
28941
28944
28967
29016
29137
29162
29206
29210
29218
29240
29281
29304
29395
29408
29410
29417
29515
29605
29654
29660
29737
29741
29753
29777
29780
29788
29802
29825
29832
29844
29854
29860
29877
29889
29898
29905
29916
29923
30103
30173
30186
30194
30206
30277
30301
30410
30424
30447
30453
30468
30494
30495
30501
30575
30602
30645
30662
30668
30677
30687
30689
30701
30741
30747
30748
30770
30777
30876
30906
30931
30936
30940
30963
30999
31005
31009
31090
31101
31105
31114
31123
31142
31255
31326
31359
31371
31392
31417
31421
31471
31504
31568
31630
31646
31662
31690
31741
31743
31761
31778
31796
31807
31918
31925
31937
32005
32014
32057
32081
32103
32107
32114
32128
32137
32138
32170
32187
32193
32207
32216
32236
32237
32240
32272
32276
32311
32317
32322
32335
32360
32400
32403
32408
32411
32414
32416
32422
32443
32447
32483
32487
32536
32626
32731
32733
32741
32745
32751
32768
32773
32800
32805
32900
32933
32950
32994
33014
33018
33037
33069
33146
33158
33159
33191
33212
33220
33230
33233
33276
33280
33352
33363
33368
33399
33403
33418
33438
33447
33477
33488
33491
33499
33510
33516
33518
33557
33572
33584
33635
33655
33660
33695
33709
33725
33745
33758
33817
33909
33930
33954
33996
34012
34021
34028
34037
34060
34062
34080
34082
34160
34236
34263
34283
34315
34325
34349
34381
34423
34457
34529
34601
34606
34613
34614
34677
34685
34688
34702
34733
34742
34743
34784
34801
34804
34811
34824
34864
34880
34916
34951
34952
34958
34970
34979
35004
35027
35040
35046
35087
35100
35117
35132
35143
35149
35202
35232
35245
35328
35343
35384
35460
35468
35481
35521
35524
35526
35539
35559
35603
35642
35659
35663
35708
35709
35726
35734
35808
35830
35831
35885
35895
35949
35959
36012
36019
36030
36076
36086
36100
36105
36109
36115
36116
36154
36204
36226
36241
36249
36316
36379
36380
36396
36432
36463
36493
36514
36544
36548
36557
36578
36590
36598
36671
36703
36704
36768
36779
36819
36839
36847
36863
36865
36887
36888
36924
36934
36988
36993
37089
37102
37117
37135
37136
37175
37202
37243
37251
37287
37321
37329
37374
37375
37385
37396
37406
37409
37418
37506
37551
37569
37580
37597
37784
37817
37821
37852
37858
37882
37916
37921
37930
37965
37984
37998
38056
38090
38110
38122
38136
38167
38182
38183
38185
38199
38210
38273
38284
38294
38309
38349
38421
38423
38431
38434
38436
38458
38488
38503
38519
38539
38569
38574
38629
38682
38703
38760
38800
38829
38839
38853
38867
38875
38876
38922
38939
39005
39035
39040
39061
39095
39152
39156
39173
39233
39276
39341
39369
39398
39437
39451
39489
39490
39492
39494
39533
39577
39619
39642
39645
39670
39700
39713
39745
39768
39772
39805
39964
39984
39988
40015
40031
40046
40051
40119
40144
40151
40166
40264
40272
40287
40292
40316
40322
40339
40382
40481
40486
40502
40524
40537
40544
40569
40587
40588
40614
40638
40686
40692
40709
40710
40738
40742
40751
40783
40826
40862
40864
40965
40966
41039
41040
41047
41070
41097
41117
41118
41121
41123
41165
41178
41183
41203
41206
41233
41236
41298
41376
41378
41417
41420
41426
41458
41485
41494
41513
41544
41561
41571
41597
41626
41634
41675
41680
41685
41687
41708
41802
41816
41833
41865
41867
41920
41924
41965
41969
42064
42092
42117
42125
42218
42250
42263
42280
42347
42359
42399
42406
42432
42449
42467
42498
42517
42524
42555
42573
42612
42630
42645
42663
42667
42693
42707
42738
42740
42765
42772
42798
42802
42850
42900
42908
42960
42967
42979
42982
42986
43003
43004
43009
43016
43035
43039
43044
43045
43055
43067
43086
43100
43106
43109
43149
43199
43200
43240
43246
43250
43278
43295
43324
43329
43338
43427
43435
43463
43489
43499
43544
43551
43611
43613
43630
43701
43707
43713
43727
43768
43784
43790
43794
43844
43871
43878
43924
43942
43955
44009
44059
44062
44121
44199
44258
44276
44362
44387
44402
44409
44414
44416
44458
44474
44476
44479
44546
44584
44595
44615
44638
44657
44677
44680
44710
44724
44812
44818
44825
44873
44891
44894
44986
45005
45014
45017
45033
45155
45166
45171
45175
45214
45322
45324
45332
45340
45392
45397
45410
45424
45450
45457
45466
45500
45510
45521
45526
45549
45599
45648
45684
45719
45733
45768
45769
45777
45778
45810
45811
45883
45886
45907
45927
45950
46029
46055
46062
46072
46073
46108
46165
46175
46182
46193
46231
46249
46279
46288
46350
46391
46400
46427
46448
46486
46490
46539
46544
46555
46586
46593
46598
46641
46674
46678
46712
46731
46771
46800
46822
46828
46837
46852
46960
47019
47034
47061
47111
47152
47198
47207
47267
47287
47290
47363
47389
47413
47431
47462
47493
47521
47552
47624
47637
47639
47724
47773
47803
47810
47906
47933
47946
47953
47957
47983
48044
48063
48105
48115
48120
48127
48152
48157
48166
48212
48217
48228
48282
48333
48334
48392
48415
48446
48454
48524
48583
48617
48627
48635
48641
48650
48686
48691
48747
48765
48784
48785
48787
48792
48810
48891
48923
48931
48957
48966
49003
49014
49022
49051
49071
49125
49162
49179
49180
49187
49206
49218
49221
49321
49342
49395
49402
49414
49474
49527
49535
49546
49567
49592
49627
49652
49667
49694
49702
49703
49732
49767
49778
49847
49856
49857
49865
49880
49886
49902
49932
49944
49961
