75
93
128
155
156
174
176
184
186
196
231
241
264
295
315
335
350
385
397
399
432
453
461
479
496
517
573
591
597
628
695
702
704
715
738
750
764
790
796
799
814
841
853
902
907
948
987
1001
1010
1023
1028
1043
1066
1089
1092
1094
1130
1132
1173
1174
1227
1262
1283
1299
1396
1406
1466
1487
1498
1506
1519
1535
1539
1578
1580
1590
1604
1630
1645
1660
1701
1716
1717
1718
1739
1866
1879
1885
1900
1916
1935
1992
1999
2072
2080
2178
2179
2206
2233
2235
2304
2326
2354
2395
2397
2432
2456
2462
2474
2484
2526
2539
2558
2565
2566
2572
2629
2631
2636
2671
2726
2750
2781
2798
2836
2847
2899
2907
2910
2922
2926
2992
2993
3014
3027
3055
3056
3069
3080
3105
3117
3149
3205
3211
3242
3245
3251
3290
3303
3375
3387
3404
3413
3426
3470
3482
3483
3486
3496
3546
3560
3596
3631
3655
3682
3685
3771
3797
3808
3865
3944
3953
3971
4028
4049
4068
4155
4164
4237
4255
4279
4380
4382
4399
4407
4463
4486
4502
4548
4580
4624
4644
4653
4671
4685
4724
4770
4779
4781
4794
4862
4878
4915
4961
4968
4976
5001
5035
5056
5062
5168
5192
5273
5293
5309
5318
5340
5383
5406
5449
5492
5494
5553
5571
5599
5626
5635
5676
5682
5719
5725
5729
5763
5781
5841
5852
5853
5887
5893
5928
5948
5991
6012
6013
6042
6063
6132
6144
6153
6176
6185
6209
6212
6217
6230
6251
6268
6293
6312
6324
6367
6387
6398
6405
6408
6422
6460
6463
6470
6509
6563
6577
6619
6625
6658
6660
6661
6727
6736
6750
6757
6814
6832
6844
6867
6939
6983
7001
7017
7049
7067
7088
7110
7135
7147
7156
7182
7193
7218
7221
7232
7235
7310
7327
7373
7383
7397
7412
7432
7447
7454
7469
7482
7502
7519
7556
7632
7636
7720
7724
7742
7744
7788
7790
7815
7898
8006
8013
8045
8091
8126
8140
8164
8177
8201
8205
8217
8230
8235
8237
8249
8251
8289
8291
8324
8340
8400
8402
8462
8465
8523
8553
8590
8668
8676
8704
8731
8758
8828
8844
8871
8877
8898
8918
8919
8953
8994
9032
9033
9071
9126
9150
9186
9263
9283
9324
9348
9357
9377
9411
9442
9496
9520
9526
9527
9583
9615
9632
9668
9684
9705
9719
9722
9762
9781
9782
9793
9863
9883
9894
9971
10035
10051
10107
10138
10144
10162
10164
10222
10298
10305
10321
10350
10360
10361
10399
10424
10447
10476
10477
10482
10499
10500
10501
10506
10561
10591
10602
10611
10616
10622
10632
10659
10698
10721
10731
10796
10828
10873
10874
10943
10948
10967
10973
10977
10999
11072
11136
11157
11165
11210
11236
11259
11277
11279
11314
11347
11352
11362
11381
11464
11481
11495
11513
11558
11605
11662
11679
11720
11734
11735
11754
11779
11781
11794
11796
11820
11862
11879
11886
11913
11943
11944
11958
11979
12010
12031
12061
12070
12091
12098
12103
12142
12162
12171
12188
12211
12234
12256
12270
12281
12347
12361
12372
12376
12377
12390
12392
12393
12399
12419
12427
12468
12473
12487
12489
12497
12551
12558
12576
12640
12644
12661
12679
12704
12732
12756
12767
12780
12785
12794
12818
12831
12868
12919
12921
12926
12961
12982
12984
13014
13114
13136
13170
13196
13207
13211
13216
13224
13239
13246
13248
13262
13328
13348
13389
13435
13446
13470
13473
13503
13513
13542
13565
13570
13573
13609
13633
13741
13751
13821
13846
13853
13856
13907
13909
13915
13917
13922
13926
13950
13954
13959
13979
14006
14007
14049
14084
14102
14103
14107
14123
14177
14191
14220
14237
14251
14266
14268
14369
14388
14423
14437
14479
14535
14581
14586
14593
14642
14660
14661
14708
14719
14721
14732
14750
14770
14817
14861
14948
14953
15006
15040
15044
15071
15082
15143
15176
15212
15253
15266
15271
15293
15298
15309
15336
15357
15388
15393
15487
15502
15506
15537
15567
15569
15575
15578
15584
15607
15609
15612
15657
15683
15754
15757
15762
15788
15792
15806
15816
15825
15836
15853
15867
15874
15889
15899
15928
15936
15973
16013
16016
16049
16059
16062
16071
16079
16112
16137
16140
16213
16252
16285
16312
16330
16367
16375
16400
16500
16600
16659
16677
16692
16700
16713
16724
16823
16842
16848
16858
16878
16899
16902
16940
16976
16994
17010
17040
17057
17086
17145
17159
17174
17201
17215
17263
17266
17280
17310
17335
17343
17347
17359
17361
17370
17419
17429
17473
17498
17545
17560
17566
17569
17627
17631
17645
17710
17738
17777
17782
17786
17789
17814
17826
17927
17965
17981
17989
18002
18045
18058
18125
18141
18220
18242
18264
18328
18344
18348
18370
18379
18382
18424
18446
18476
18489
18503
18520
18613
18663
18670
18729
18742
18750
18766
18776
18789
18791
18812
18823
18846
18847
18864
18875
18946
18972
19038
19113
19114
19122
19247
19262
19270
19291
19362
19380
19443
19445
19487
19526
19562
19598
19654
19673
19697
19701
19712
19713
19735
19772
19825
19835
19871
19895
19896
19898
19950
19963
19986
19988
20012
20013
20076
20103
20110
20121
20252
20265
20277
20303
20319
20345
20350
20381
20382
20387
20402
20440
20454
20473
20474
20549
20564
20595
20596
20614
20672
20723
20805
20860
20922
20950
21000
21018
21033
21082
21101
21165
21177
21201
21204
21291
21308
21309
21354
21355
21365
21420
21421
21424
21433
21467
21489
21493
21499
21500
21527
21538
21552
21563
21583
21584
21593
21650
21654
21681
21703
21733
21737
21760
21771
21789
21803
21809
21858
21862
21874
21885
21910
21912
21948
21976
22012
22013
22044
22143
22150
22161
22179
22240
22249
22276
22290
22294
22307
22338
22340
22457
22485
22527
22534
22542
22557
22558
22562
22585
22590
22596
22606
22610
22664
22706
22713
22750
22807
22811
22814
22833
22863
22896
22963
22999
23015
23028
23070
23085
23129
23161
23184
23199
23255
23326
23437
23452
23464
23467
23495
23504
23507
23539
23559
23613
23619
23621
23644
23645
23678
23756
23772
23821
23825
23927
24020
24032
24046
24060
24061
24070
24167
24197
24282
24299
24322
24354
24368
24427
24442
24521
24536
24544
24571
24619
24650
24720
24727
24777
24792
24824
24829
24846
24857
24889
24931
24938
24949
24955
25032
25046
25076
25080
25121
25157
25165
25190
25265
25275
25278
25291
25335
25426
25433
25442
25492
25506
25511
25526
25539
25558
25559
25584
25615
25619
25653
25707
25709
25727
25733
25737
25739
25770
25790
25792
25851
25852
25854
25856
25898
25901
26063
26065
26182
26185
26209
26211
26267
26285
26305
26311
26330
26384
26419
26491
26496
26526
26628
26641
26680
26722
26771
26789
26835
26837
26838
26883
26889
26923
26965
26981
27025
27062
27116
27185
27200
27213
27275
27302
27356
27400
27405
27437
27445
27460
27469
27520
27526
27560
27599
27614
27653
27654
27660
27718
27741
27753
27799
27813
27835
27844
27879
27881
27905
27910
27916
27920
27922
27947
27977
27995
28019
28023
28036
28039
28048
28125
28149
28178
28238
28241
28274
28304
28310
28325
28348
28367
28392
28393
28427
28433
28441
28509
28539
28543
28579
28596
28603
28649
28674
28695
28708
28759
28795
28830
28841
28845
28864
28942
28954
28977
28984
28986
29023
29026
29033
29074
29100
29113
29139
29148
29159
29215
29230
29233
29291
29343
29345
29389
29441
29448
29479
29486
29514
29524
29540
29543
29597
29600
29603
29607
29609
29618
29641
29653
29681
29732
29739
29754
29763
29775
29780
29816
29833
29841
29851
29895
29900
29931
29958
29966
30014
30018
30061
30088
30100
30109
30133
30171
30262
30285
30296
30306
30326
30344
30354
30362
30397
30406
30439
30477
30509
30545
30622
30635
30643
30659
30677
30678
30694
30755
30790
30797
30823
30831
30833
30871
30876
30885
30892
30895
30957
30992
31007
31010
31056
31126
31193
31218
31229
31242
31245
31249
31262
31323
31350
31382
31435
31450
31476
31477
31498
31521
31526
31589
31684
31715
31729
31737
31742
31743
31751
31752
31789
31814
31831
31853
31871
31897
31906
31932
31941
31946
31947
31997
32017
32037
32046
32055
32066
32068
32082
32087
32095
32104
32155
32156
32162
32186
32206
32209
32212
32216
32251
32260
32300
32301
32323
32346
32428
32432
32461
32465
32469
32556
32565
32596
32597
32613
32614
32645
32756
32843
32844
32879
32893
32988
33046
33134
33208
33209
33211
33225
33265
33303
33368
33384
33437
33458
33459
33460
33461
33467
33476
33535
33566
33570
33652
33656
33729
33806
33815
33844
33881
33901
33914
33926
33933
33951
34011
34024
34037
34080
34147
34157
34258
34268
34288
34323
34350
34396
34482
34493
34510
34519
34530
34534
34568
34584
34593
34601
34658
34672
34693
34695
34711
34732
34736
34737
34738
34755
34834
34836
34850
34879
34880
34881
34904
34905
34942
34980
35107
35131
35156
35158
35221
35299
35423
35440
35501
35535
35537
35569
35592
35596
35677
35703
35754
35762
35767
35771
35799
35839
35851
35854
35901
35913
35915
35933
35976
35991
36008
36066
36068
36072
36146
36148
36217
36240
36249
36261
36296
36316
36359
36413
36436
36439
36450
36456
36462
36481
36553
36589
36599
36619
36633
36696
36780
36802
36904
36928
36944
36954
36968
36973
37028
37036
37044
37098
37132
37205
37206
37267
37299
37340
37343
37373
37390
37394
37414
37417
37429
37433
37456
37458
37475
37493
37495
37496
37510
37557
37585
37586
37600
37602
37617
37651
37659
37669
37688
37710
37724
37766
37776
37777
37803
37805
37834
37852
37853
37910
37953
37962
37997
38041
38044
38079
38085
38129
38133
38190
38198
38217
38246
38256
38262
38317
38353
38369
38396
38406
38409
38430
38447
38451
38472
38488
38500
38560
38621
38632
38662
38677
38687
38705
38722
38728
38730
38746
38765
38770
38794
38837
38845
38852
38857
38914
38916
38923
38964
39001
39061
39076
39121
39137
39174
39181
39196
39310
39323
39329
39331
39337
39338
39348
39349
39441
39556
39565
39571
39583
39609
39612
39652
39679
39682
39708
39759
39784
39788
39797
39800
39804
39817
39838
39842
39869
39880
39888
39889
39894
39910
39912
39936
39941
39949
39954
39996
40005
40023
40063
40092
40095
40116
40132
40146
40178
40195
40200
40240
40244
40268
40276
40316
40317
40325
40337
40339
40369
40379
40384
40440
40442
40443
40449
40459
40491
40508
40529
40537
40569
40690
40695
40698
40779
40789
40793
40796
40837
40853
40864
40876
40892
40893
40923
40941
40951
40979
41002
41019
41036
41051
41058
41095
41115
41120
41162
41230
41253
41298
41320
41335
41418
41448
41460
41594
41615
41619
41621
41674
41682
41685
41715
41750
41819
41844
41849
41857
41882
41899
41905
41958
42142
42177
42249
42289
42290
42296
42359
42372
42404
42422
42457
42472
42473
42475
42526
42528
42600
42603
42625
42634
42681
42683
42712
42766
42785
42907
42917
42928
42948
43004
43023
43041
43055
43059
43079
43094
43125
43134
43160
43166
43173
43180
43214
43270
43273
43292
43295
43374
43391
43491
43514
43515
43542
43630
43649
43676
43723
43729
43741
43749
43752
43763
43774
43777
43779
43782
43816
43821
43868
43939
44014
44021
44026
44030
44057
44058
44134
44146
44170
44190
44238
44242
44243
44245
44257
44291
44309
44331
44341
44375
44378
44382
44392
44398
44464
44564
44578
44621
44650
44661
44665
44703
44713
44715
44727
44746
44752
44875
44876
44885
44886
44892
44933
44940
44952
45046
45068
45082
45093
45171
45173
45188
45194
45200
45227
45270
45271
45355
45395
45410
45431
45454
45458
45490
45518
45544
45563
45583
45585
45761
45785
45794
45804
45817
45955
45979
46003
46004
46019
46096
46124
46195
46206
46273
46320
46324
46330
46363
46365
46385
46399
46412
46426
46469
46506
46523
46565
46585
46594
46605
46610
46712
46738
46750
46762
46802
46806
46816
46870
46906
46914
46942
46953
46978
47080
47085
47117
47133
47160
47185
47216
47219
47238
47241
47251
47255
47260
47265
47288
47311
47324
47328
47352
47373
47384
47447
47491
47492
47505
47515
47524
47566
47574
47592
47627
47668
47754
47765
47840
47843
47864
47924
47945
47957
48017
48039
48063
48087
48122
48185
48198
48214
48242
48314
48315
48318
48374
48385
48388
48408
48423
48425
48445
48535
48538
48579
48620
48625
48647
48651
48653
48654
48685
48687
48699
48705
48715
48771
48786
48819
48882
48885
48888
48997
49006
49010
49053
49096
49120
49128
49130
49140
49246
49287
49300
49324
49369
49392
49403
49419
49421
49434
49461
49469
49494
49509
49510
49563
49567
49571
49633
49665
49690
49740
49765
49788
49879
49922
49938
49951
49960
