40
64
71
80
107
113
207
308
314
321
334
364
369
375
390
415
420
513
550
568
645
653
716
754
765
786
792
810
919
928
962
971
988
1016
1055
1089
1092
1133
1195
1200
1230
1245
1276
1282
1285
1290
1336
1356
1364
1452
1458
1474
1489
1494
1502
1521
1531
1543
1570
1581
1598
1620
1640
1657
1660
1661
1682
1687
1722
1724
1727
1745
1746
1748
1751
1754
1758
1776
1806
1808
1822
1827
1894
1898
1930
1991
2035
2068
2075
2117
2135
2162
2234
2244
2324
2332
2436
2460
2464
2531
2542
2623
2730
2731
2764
2774
2777
2784
2806
2816
2835
2879
2881
2883
2928
2943
2962
2981
3005
3006
3045
3080
3099
3130
3162
3201
3202
3204
3224
3227
3254
3255
3273
3289
3299
3334
3357
3380
3428
3443
3471
3504
3546
3583
3609
3610
3622
3631
3647
3663
3696
3711
3726
3753
3911
3964
3993
3999
4065
4066
4117
4189
4194
4210
4245
4272
4278
4280
4313
4321
4334
4378
4396
4403
4485
4491
4495
4527
4538
4625
4626
4685
4691
4716
4732
4759
4782
4844
4882
4893
4918
4951
4963
4967
5017
5032
5034
5038
5053
5056
5067
5088
5094
5110
5111
5137
5144
5192
5193
5273
5320
5346
5351
5373
5381
5431
5474
5522
5553
5574
5575
5719
5730
5739
5741
5777
5784
5785
5810
5816
5828
5835
5847
5865
5892
5893
5897
5919
5959
6012
6050
6061
6080
6097
6132
6236
6255
6277
6312
6342
6371
6375
6404
6417
6468
6521
6527
6578
6588
6693
6702
6708
6714
6746
6750
6754
6757
6819
6843
6862
6864
6937
6946
6967
7010
7032
7035
7114
7124
7143
7165
7176
7256
7319
7347
7366
7395
7460
7472
7485
7544
7575
7702
7715
7733
7764
7767
7782
7803
7813
7855
7883
7920
7925
7957
7998
8032
8049
8086
8095
8098
8103
8123
8152
8202
8212
8234
8297
8304
8375
8456
8482
8501
8525
8551
8578
8581
8586
8661
8672
8692
8704
8706
8756
8776
8779
8797
8805
8833
8859
8884
8891
8914
8916
8930
8979
9010
9030
9032
9114
9121
9149
9165
9173
9194
9198
9217
9255
9271
9289
9323
9332
9334
9434
9460
9558
9583
9597
9668
9671
9695
9702
9724
9732
9745
9763
9767
9785
9842
9876
9878
9924
9958
9961
9972
9974
9978
9984
9988
10041
10056
10080
10114
10132
10138
10142
10217
10273
10278
10291
10303
10308
10319
10358
10415
10436
10446
10524
10583
10614
10650
10720
10787
10818
10863
10867
10874
10906
10941
10946
10960
10972
10993
11056
11086
11159
11163
11166
11215
11219
11269
11271
11277
11318
11325
11349
11360
11449
11450
11484
11491
11508
11520
11527
11537
11590
11615
11618
11632
11633
11637
11659
11709
11740
11741
11744
11774
11875
11892
11893
11951
12017
12038
12047
12161
12203
12214
12225
12288
12303
12312
12313
12318
12339
12355
12358
12438
12459
12481
12526
12527
12532
12556
12576
12578
12584
12604
12618
12632
12636
12663
12672
12687
12710
12714
12731
12789
12801
12823
12853
12857
12877
12881
12901
13004
13009
13013
13021
13036
13041
13072
13076
13077
13153
13213
13221
13227
13295
13313
13348
13357
13368
13379
13416
13422
13505
13529
13534
13544
13556
13565
13591
13600
13603
13615
13720
13756
13778
13796
13809
13842
13844
13846
13850
13900
13919
13929
13931
13958
13970
14007
14093
14104
14131
14144
14167
14185
14199
14251
14256
14271
14276
14280
14282
14286
14307
14312
14319
14326
14334
14352
14395
14404
14429
14441
14450
14468
14479
14530
14545
14571
14583
14610
14678
14698
14700
14707
14804
14828
14831
14863
14903
14912
14916
14944
14955
14974
14975
15070
15101
15109
15143
15144
15154
15194
15229
15288
15340
15342
15354
15374
15375
15383
15429
15512
15535
15541
15549
15552
15563
15588
15618
15633
15645
15647
15655
15657
15675
15747
15788
15819
15840
15866
15886
15934
16016
16132
16134
16150
16160
16194
16209
16239
16305
16328
16344
16346
16366
16429
16470
16475
16486
16541
16550
16554
16591
16596
16607
16633
16696
16722
16731
16758
16766
16788
16807
16857
16858
16863
16955
17004
17073
17078
17080
17104
17117
17137
17138
17293
17299
17324
17346
17367
17439
17453
17461
17468
17474
17484
17493
17517
17543
17570
17576
17587
17592
17632
17681
17694
17720
17740
17779
17799
17804
17820
17852
17904
17908
17947
17965
17980
18027
18050
18096
18103
18127
18140
18159
18160
18179
18191
18237
18340
18446
18455
18463
18465
18467
18486
18515
18545
18553
18588
18654
18668
18681
18707
18713
18755
18762
18766
18792
18832
18834
18870
18885
18921
18927
18933
18949
18960
18978
19006
19026
19030
19055
19144
19159
19161
19183
19184
19233
19240
19243
19253
19273
19305
19337
19347
19362
19394
19426
19451
19463
19480
19487
19515
19527
19535
19547
19548
19591
19642
19652
19655
19657
19707
19731
19744
19745
19746
19749
19754
19771
19787
19807
19834
19850
19861
19896
19903
19915
19922
19923
19934
19985
20011
20015
20064
20079
20099
20138
20149
20227
20230
20284
20285
20297
20326
20327
20404
20406
20436
20441
20480
20511
20677
20685
20699
20733
20754
20769
20804
20840
20851
20855
20856
20859
20886
20975
20978
20992
20993
21011
21035
21051
21072
21162
21211
21212
21214
21239
21246
21283
21353
21354
21379
21392
21402
21426
21471
21513
21518
21535
21551
21572
21590
21602
21630
21651
21652
21653
21662
21671
21706
21746
21788
21798
21816
21817
21822
21839
21873
21890
21954
21967
22009
22026
22040
22042
22109
22162
22184
22202
22227
22273
22301
22397
22406
22412
22442
22459
22491
22501
22565
22620
22637
22704
22718
22726
22731
22746
22807
22868
22872
22882
22907
22931
23050
23054
23077
23120
23126
23166
23180
23193
23285
23295
23323
23382
23412
23428
23436
23461
23464
23465
23537
23550
23554
23573
23578
23594
23668
23700
23735
23762
23772
23783
23816
23856
23863
23882
23895
23939
23969
23990
24055
24063
24078
24083
24105
24130
24137
24172
24189
24237
24239
24242
24257
24294
24329
24351
24356
24357
24359
24360
24361
24369
24396
24424
24440
24449
24481
24531
24561
24577
24685
24695
24709
24747
24842
24879
24911
24977
24978
24986
25005
25006
25054
25069
25075
25077
25100
25102
25114
25129
25135
25162
25189
25194
25229
25246
25289
25295
25327
25347
25369
25399
25486
25496
25515
25528
25581
25658
25733
25738
25753
25787
25799
25800
25819
25834
25854
25870
25880
25901
25942
25946
25984
25991
26018
26055
26075
26100
26106
26114
26117
26152
26178
26194
26216
26228
26273
26277
26308
26324
26355
26356
26373
26381
26444
26470
26498
26537
26542
26549
26574
26591
26598
26604
26622
26638
26693
26708
26711
26715
26736
26739
26761
26775
26836
26875
26885
27051
27071
27131
27133
27137
27237
27250
27258
27272
27312
27356
27364
27399
27520
27528
27542
27560
27586
27602
27617
27652
27657
27660
27671
27687
27691
27699
27775
27926
27928
27957
27963
27971
28014
28035
28038
28119
28158
28162
28166
28184
28198
28200
28277
28285
28286
28302
28311
28377
28386
28410
28413
28424
28428
28429
28431
28504
28542
28567
28569
28602
28657
28665
28685
28701
28744
28746
28752
28772
28802
28844
28897
28944
28958
28983
28986
29022
29030
29053
29097
29104
29122
29128
29144
29174
29185
29223
29227
29262
29276
29277
29284
29348
29409
29423
29424
29446
29466
29491
29544
29568
29597
29636
29645
29667
29718
29747
29779
29840
29848
29859
29895
29900
29941
29978
29998
30024
30074
30076
30082
30101
30137
30147
30176
30179
30183
30190
30195
30259
30269
30316
30317
30326
30331
30333
30376
30380
30455
30468
30473
30477
30495
30508
30530
30556
30574
30591
30597
30621
30722
30728
30732
30745
30751
30793
30821
30889
30925
30967
30972
30981
31057
31080
31124
31175
31213
31252
31260
31293
31299
31319
31324
31353
31383
31452
31463
31478
31496
31529
31575
31591
31606
31627
31651
31670
31695
31742
31761
31766
31772
31811
31833
31864
31872
31875
31888
31930
31981
31995
32014
32043
32054
32066
32068
32073
32085
32116
32176
32189
32191
32193
32202
32246
32257
32323
32338
32349
32361
32391
32410
32428
32458
32465
32480
32498
32569
32598
32610
32644
32645
32650
32682
32709
32735
32747
32782
32801
32819
32840
32870
32897
32902
32917
32950
32955
32972
32997
33015
33034
33046
33057
33074
33084
33086
33095
33115
33151
33182
33226
33238
33243
33263
33277
33281
33289
33305
33351
33366
33410
33416
33422
33472
33484
33498
33505
33568
33618
33635
33665
33681
33695
33735
33753
33758
33769
33781
33814
33862
33880
33901
33921
33945
33962
33972
33991
34028
34029
34106
34237
34256
34290
34333
34380
34382
34390
34394
34395
34404
34478
34479
34489
34491
34519
34526
34530
34538
34569
34570
34600
34608
34617
34665
34687
34735
34781
34797
34829
34830
34871
34880
34929
34930
34934
34962
34996
34999
35063
35068
35086
35126
35141
35153
35156
35173
35181
35210
35219
35223
35239
35264
35308
35321
35357
35405
35437
35459
35462
35474
35519
35525
35539
35557
35562
35571
35616
35626
35650
35661
35683
35716
35746
35770
35789
35791
35822
35874
35902
35933
35936
35954
35977
35982
36012
36034
36092
36105
36111
36133
36163
36164
36177
36184
36194
36214
36232
36303
36322
36336
36362
36372
36422
36433
36510
36523
36524
36611
36613
36618
36690
36728
36729
36735
36872
36898
36923
36925
36950
36952
36985
37046
37058
37084
37095
37142
37215
37242
37260
37266
37350
37359
37361
37372
37438
37440
37455
37471
37474
37483
37506
37540
37542
37568
37600
37646
37663
37689
37692
37742
37774
37777
37778
37791
37795
37862
37879
37890
37939
38002
38014
38053
38065
38100
38138
38186
38213
38278
38280
38308
38316
38335
38371
38377
38379
38388
38399
38419
38493
38522
38535
38551
38588
38620
38627
38691
38695
38734
38744
38762
38813
38825
38845
38870
38896
38908
38919
38935
38936
38974
38992
39028
39043
39046
39058
39070
39075
39104
39125
39128
39134
39149
39153
39164
39223
39238
39242
39245
39266
39276
39330
39357
39381
39422
39426
39444
39450
39451
39456
39491
39502
39521
39523
39536
39568
39576
39641
39742
39776
39878
39880
39884
39895
39994
40020
40029
40031
40058
40072
40112
40149
40163
40178
40200
40206
40218
40246
40293
40425
40442
40466
40523
40540
40541
40617
40623
40658
40798
40800
40804
40857
40888
40902
40903
40922
40938
40949
41061
41067
41110
41142
41152
41202
41221
41319
41348
41371
41460
41472
41473
41491
41496
41518
41528
41530
41535
41558
41564
41565
41596
41606
41619
41632
41692
41709
41736
41751
41779
41810
41816
41833
41844
41846
41854
41909
41917
41956
41994
41999
42002
42048
42080
42100
42125
42166
42194
42224
42238
42316
42325
42338
42346
42347
42372
42373
42445
42479
42498
42508
42545
42582
42586
42588
42671
42721
42733
42743
42787
42838
42840
43004
43007
43011
43017
43047
43066
43091
43102
43138
43203
43244
43245
43249
43261
43263
43302
43309
43397
43404
43409
43411
43415
43417
43476
43559
43651
43667
43693
43710
43718
43741
43753
43790
43804
43881
43911
43920
43996
44006
44038
44060
44066
44076
44085
44093
44105
44113
44140
44196
44210
44250
44255
44264
44272
44284
44343
44401
44427
44428
44429
44430
44441
44442
44457
44499
44533
44607
44672
44688
44729
44742
44766
44794
44809
44814
44853
44901
44930
44932
44953
44969
44975
44983
45008
45030
45058
45072
45108
45166
45194
45202
45216
45234
45273
45295
45327
45345
45353
45365
45373
45411
45451
45471
45572
45577
45594
45655
45664
45686
45709
45801
45809
45840
45842
45844
45895
45904
45954
45963
45977
45980
46014
46016
46077
46112
46115
46122
46123
46170
46214
46291
46314
46341
46359
46380
46394
46428
46437
46457
46464
46476
46495
46499
46519
46626
46668
46688
46693
46702
46715
46754
46843
46882
46922
46923
46961
46970
47022
47048
47077
47095
47106
47192
47193
47263
47360
47363
47370
47405
47462
47547
47548
47590
47625
47633
47643
47650
47659
47663
47676
47725
47734
47780
47832
47858
47868
47887
47908
47934
47959
47976
48013
48015
48084
48094
48123
48155
48158
48161
48191
48203
48226
48234
48258
48321
48342
48367
48379
48401
48414
48455
48462
48486
48488
48510
48517
48566
48573
48589
48594
48602
48606
48619
48626
48658
48663
48678
48685
48737
48774
48777
48933
48945
48956
48976
48979
49107
49169
49171
49194
49217
49249
49268
49333
49408
49421
49445
49450
49562
49566
49572
49591
49698
49706
49707
49711
49720
49760
49800
49807
49809
49863
49864
49908
49917
49930
49948
49975
49981
