16
21
38
56
57
59
98
112
129
139
162
178
191
205
219
257
272
277
330
352
400
496
507
518
569
576
586
671
682
706
760
766
808
810
834
838
840
862
908
914
1000
1038
1090
1098
1134
1152
1181
1191
1208
1310
1313
1322
1391
1423
1433
1488
1573
1619
1634
1660
1715
1749
1753
1829
1832
1861
1957
1958
1970
1976
1996
2007
2054
2070
2135
2168
2191
2197
2237
2239
2258
2283
2323
2342
2345
2358
2391
2497
2550
2577
2625
2680
2748
2788
2797
2819
2838
2895
2899
2904
2920
2942
2970
2986
2992
3019
3036
3064
3090
3095
3114
3119
3129
3158
3178
3181
3240
3273
3284
3311
3325
3338
3350
3410
3411
3426
3436
3475
3487
3505
3555
3565
3611
3648
3675
3678
3737
3747
3752
3759
3763
3789
3810
3812
3815
3849
3931
3934
3961
3967
3986
4004
4006
4030
4104
4105
4184
4281
4294
4349
4373
4410
4437
4476
4489
4497
4583
4605
4633
4649
4735
4779
4815
4817
4835
4838
4896
4977
5015
5017
5068
5080
5085
5091
5109
5121
5158
5184
5188
5201
5209
5247
5291
5295
5308
5314
5322
5373
5380
5446
5451
5469
5512
5530
5535
5536
5541
5563
5586
5595
5624
5672
5736
5740
5747
5759
5867
5933
5937
5941
5948
5954
5963
5964
5982
5990
6005
6016
6018
6049
6072
6098
6103
6130
6144
6158
6193
6228
6267
6309
6342
6353
6379
6389
6397
6398
6400
6430
6447
6460
6530
6535
6621
6625
6626
6636
6693
6709
6736
6747
6767
6776
6778
6803
6820
6828
6854
6885
6921
6968
6979
7004
7094
7101
7115
7147
7191
7282
7283
7288
7300
7310
7328
7347
7361
7366
7368
7387
7402
7423
7427
7430
7455
7473
7493
7494
7541
7561
7646
7729
7750
7797
7826
7849
7851
7864
7960
7963
7984
7994
7998
8023
8054
8064
8098
8134
8141
8148
8150
8164
8170
8211
8218
8228
8239
8241
8293
8304
8307
8311
8361
8389
8391
8398
8402
8420
8462
8472
8483
8563
8604
8629
8639
8709
8720
8728
8748
8773
8781
8797
8845
8891
8892
8977
8978
9001
9056
9138
9173
9179
9186
9208
9231
9283
9290
9313
9356
9387
9445
9470
9486
9492
9507
9519
9538
9578
9584
9600
9620
9623
9643
9669
9732
9734
9754
9785
9799
9804
9822
9829
9850
9887
9901
9903
9934
9966
9974
10006
10050
10059
10098
10103
10158
10166
10215
10265
10271
10277
10294
10328
10340
10386
10399
10442
10454
10479
10492
10510
10551
10571
10597
10624
10638
10653
10656
10683
10744
10762
10777
10802
10803
10830
10842
10878
10913
10914
10944
10945
10953
10981
10989
11042
11068
11083
11093
11109
11144
11149
11155
11208
11220
11225
11239
11245
11327
11345
11370
11392
11437
11446
11448
11463
11464
11481
11485
11519
11559
11570
11572
11586
11622
11688
11690
11723
11770
11818
11834
11844
11857
11863
11868
11885
11896
11916
11921
11939
11957
11958
11966
11969
12034
12043
12063
12071
12102
12103
12125
12175
12197
12219
12234
12243
12253
12258
12265
12297
12323
12326
12340
12386
12414
12427
12444
12483
12486
12534
12581
12590
12605
12613
12620
12672
12708
12727
12916
12938
12949
12967
12970
13020
13025
13042
13080
13097
13107
13125
13174
13242
13270
13316
13365
13381
13384
13499
13539
13584
13585
13685
13721
13806
13834
13884
13931
13934
13935
13963
13993
14088
14126
14151
14156
14168
14170
14175
14176
14245
14343
14406
14411
14441
14473
14519
14531
14541
14550
14570
14598
14610
14622
14671
14673
14697
14738
14741
14770
14800
14816
14819
14852
14901
14975
14990
15022
15090
15093
15095
15117
15188
15235
15244
15250
15308
15360
15372
15399
15401
15443
15562
15564
15568
15590
15591
15609
15612
15615
15617
15675
15679
15686
15694
15815
15818
15834
15910
15933
15959
16001
16008
16029
16035
16047
16054
16063
16148
16224
16230
16256
16284
16293
16308
16317
16326
16350
16371
16379
16393
16420
16438
16445
16446
16456
16509
16519
16545
16563
16564
16583
16592
16603
16610
16619
16641
16700
16727
16730
16766
16773
16781
16828
16871
16874
16899
16913
16923
16961
17041
17053
17086
17088
17092
17095
17148
17156
17172
17183
17189
17192
17207
17231
17248
17279
17280
17295
17302
17304
17334
17349
17364
17365
17377
17386
17438
17449
17481
17489
17492
17495
17537
17538
17571
17583
17630
17631
17638
17642
17673
17688
17722
17733
17740
17755
17771
17774
17776
17830
17847
17909
17917
17952
17993
18057
18069
18081
18140
18168
18172
18196
18256
18264
18265
18307
18310
18425
18443
18447
18450
18453
18507
18524
18525
18651
18663
18673
18690
18691
18727
18729
18732
18749
18757
18776
18820
18842
18895
18904
18997
19021
19048
19058
19072
19112
19135
19140
19164
19176
19194
19218
19230
19240
19243
19261
19288
19304
19319
19357
19419
19421
19435
19448
19508
19516
19562
19586
19609
19613
19663
19688
19692
19766
19768
19795
19859
19868
19884
19889
19893
19906
19907
19942
19951
19958
19961
19966
19984
19991
20007
20070
20093
20101
20114
20121
20142
20181
20208
20214
20223
20254
20272
20285
20316
20378
20379
20418
20421
20444
20452
20458
20461
20496
20573
20577
20595
20601
20610
20612
20665
20684
20759
20765
20886
20890
20962
20970
20977
20991
21004
21009
21063
21149
21157
21179
21187
21228
21269
21309
21336
21401
21463
21465
21515
21520
21555
21601
21611
21629
21633
21649
21676
21686
21688
21703
21735
21741
21745
21749
21752
21763
21803
21817
21825
21836
21849
21878
21922
21968
21970
22007
22012
22016
22021
22031
22109
22121
22128
22173
22180
22253
22359
22370
22371
22514
22540
22601
22611
22614
22623
22651
22667
22694
22761
22769
22773
22775
22776
22868
22872
22914
22958
23033
23074
23097
23127
23144
23160
23175
23192
23193
23212
23213
23250
23252
23277
23285
23305
23306
23364
23374
23383
23392
23404
23427
23478
23486
23502
23507
23534
23542
23616
23668
23675
23676
23716
23767
23794
23885
23887
23888
23921
23963
24004
24023
24033
24046
24057
24067
24090
24100
24137
24141
24164
24182
24197
24200
24213
24221
24260
24264
24331
24364
24380
24394
24420
24445
24451
24459
24513
24518
24558
24606
24612
24653
24660
24689
24704
24753
24816
24850
24876
24889
24954
24963
24981
25018
25022
25059
25072
25077
25111
25120
25132
25160
25171
25172
25191
25201
25202
25214
25243
25247
25304
25306
25309
25320
25330
25387
25473
25511
25534
25548
25556
25576
25586
25680
25691
25723
25740
25757
25788
25856
25967
25974
26019
26024
26057
26067
26070
26111
26130
26135
26161
26221
26242
26257
26264
26315
26319
26411
26472
26487
26491
26506
26544
26562
26629
26666
26687
26694
26714
26752
26754
26759
26780
26795
26859
26864
26865
26886
26888
26921
26929
26943
26959
26983
27003
27006
27017
27036
27059
27060
27087
27098
27108
27111
27145
27186
27211
27221
27274
27290
27320
27322
27327
27352
27382
27475
27481
27498
27503
27524
27583
27646
27681
27730
27736
27799
27806
27878
27913
27945
27965
27995
27999
28008
28103
28117
28200
28218
28230
28285
28395
28421
28438
28442
28505
28544
28556
28627
28658
28668
28673
28712
28716
28723
28725
28797
28809
28815
28870
28890
28917
28934
28939
28948
28992
29058
29068
29070
29112
29147
29176
29201
29230
29259
29314
29316
29317
29318
29321
29354
29383
29403
29410
29427
29432
29504
29645
29650
29679
29719
29779
29844
29877
29899
29907
29919
29954
29986
29991
30035
30036
30038
30075
30076
30084
30128
30134
30182
30190
30201
30271
30281
30428
30463
30464
30528
30584
30630
30743
30758
30774
30824
30848
30902
30937
30946
30950
31030
31125
31129
31133
31144
31150
31211
31244
31253
31263
31265
31279
31295
31297
31304
31312
31317
31318
31335
31401
31415
31425
31461
31468
31504
31580
31623
31628
31632
31656
31657
31670
31712
31713
31737
31741
31769
31784
31797
31804
31831
31834
31890
31908
31915
31919
31936
31942
31959
31983
32014
32046
32087
32089
32113
32135
32181
32189
32217
32252
32263
32279
32282
32300
32305
32310
32350
32351
32376
32402
32427
32429
32447
32472
32481
32500
32549
32596
32608
32635
32641
32653
32659
32678
32693
32707
32711
32737
32803
32852
32870
32874
32887
32893
32894
32902
32911
32980
33027
33064
33207
33214
33225
33231
33247
33285
33305
33316
33347
33401
33432
33468
33469
33526
33528
33536
33542
33568
33583
33596
33612
33618
33647
33649
33676
33701
33710
33713
33731
33743
33745
33760
33816
33824
33826
33831
33846
33862
33913
33921
33924
33942
33990
34082
34108
34112
34114
34137
34171
34214
34261
34265
34282
34286
34302
34312
34330
34332
34346
34363
34367
34370
34379
34388
34395
34424
34451
34479
34500
34504
34506
34529
34534
34537
34540
34550
34558
34595
34609
34679
34686
34689
34703
34716
34745
34810
34811
34846
34900
34916
34942
34962
35055
35057
35081
35083
35111
35171
35184
35213
35229
35232
35238
35327
35331
35367
35379
35415
35421
35426
35447
35462
35529
35553
35589
35646
35682
35740
35786
35807
35810
35811
35858
35904
35912
35987
35993
36036
36063
36114
36146
36164
36179
36194
36342
36345
36362
36417
36424
36436
36438
36456
36506
36574
36638
36642
36665
36703
36748
36749
36779
36804
36829
36843
36881
36937
36949
36964
36971
36985
37009
37062
37126
37165
37194
37226
37239
37272
37281
37294
37306
37331
37343
37353
37365
37403
37407
37409
37412
37461
37477
37582
37606
37608
37618
37661
37696
37726
37740
37785
37811
37895
37918
37930
37972
38036
38038
38057
38086
38097
38217
38218
38273
38287
38292
38321
38344
38350
38359
38362
38371
38372
38374
38390
38403
38422
38550
38588
38602
38619
38643
38656
38692
38707
38719
38778
38835
38842
38853
38864
38931
38934
38964
38978
38993
38995
39053
39066
39089
39090
39103
39159
39180
39184
39186
39241
39260
39281
39290
39332
39363
39385
39435
39456
39464
39478
39501
39516
39532
39551
39566
39596
39633
39647
39654
39664
39665
39684
39687
39700
39703
39720
39722
39739
39746
39757
39773
39847
39868
39873
39885
39902
39931
39940
39954
39978
39993
40013
40024
40039
40041
40048
40058
40118
40148
40154
40181
40227
40228
40246
40280
40306
40312
40344
40502
40504
40522
40545
40564
40567
40640
40726
40754
40787
40803
40815
40841
40885
40906
40913
40922
40935
41009
41049
41051
41076
41102
41106
41129
41161
41162
41198
41216
41218
41231
41240
41278
41300
41365
41385
41398
41411
41467
41477
41573
41592
41605
41658
41671
41683
41713
41847
41855
41869
41877
41884
41897
41962
41963
41964
41978
42051
42082
42104
42106
42135
42155
42157
42212
42227
42243
42250
42256
42298
42311
42327
42343
42349
42412
42418
42445
42483
42486
42512
42514
42519
42525
42565
42576
42608
42621
42700
42729
42766
42775
42779
42896
42947
42957
42991
42994
43003
43005
43007
43036
43064
43108
43113
43152
43155
43169
43170
43177
43179
43203
43221
43248
43277
43328
43351
43407
43425
43531
43532
43544
43571
43572
43616
43629
43667
43674
43707
43724
43747
43770
43801
43806
43817
43824
43845
43870
43898
43915
43952
43962
43974
43989
43998
44008
44012
44042
44045
44162
44171
44175
44214
44226
44242
44308
44314
44323
44334
44377
44387
44388
44441
44475
44510
44512
44551
44555
44592
44625
44642
44657
44704
44709
44788
44789
44801
44804
44817
44818
44824
44845
44847
44872
44900
44931
44963
44969
45210
45218
45274
45310
45316
45364
45402
45410
45488
45500
45508
45510
45532
45569
45637
45640
45649
45650
45663
45683
45708
45729
45761
45778
45834
45867
45887
45900
45964
45967
46004
46019
46058
46066
46073
46111
46114
46165
46171
46184
46189
46217
46219
46246
46252
46271
46284
46288
46304
46350
46357
46372
46386
46435
46458
46514
46519
46530
46567
46576
46595
46616
46631
46688
46763
46776
46848
46875
46920
46965
46966
46976
47036
47069
47112
47135
47153
47165
47175
47203
47218
47263
47278
47284
47352
47369
47472
47473
47512
47542
47548
47559
47579
47589
47601
47660
47670
47690
47719
47751
47793
47801
47884
47887
47898
47906
47910
47917
47938
47994
48015
48017
48021
48055
48107
48199
48296
48409
48425
48426
48437
48480
48498
48506
48551
48563
48577
48608
48633
48649
48713
48770
48771
48817
48818
48842
48848
48856
48860
48865
48915
48950
48977
49007
49022
49035
49045
49071
49075
49093
49111
49124
49142
49151
49174
49267
49288
49322
49326
49333
49348
49362
49412
49438
49456
49458
49462
49498
49511
49529
49679
49718
49760
49761
49774
49795
49839
49842
49850
49854
49905
49972
49976
