65
89
99
133
146
150
189
252
257
294
312
397
420
455
507
516
524
545
575
581
592
605
613
646
688
689
790
794
805
811
816
817
952
958
990
992
1019
1022
1036
1081
1113
1148
1179
1356
1380
1412
1441
1461
1478
1486
1495
1612
1650
1671
1672
1677
1680
1715
1737
1746
1805
1821
1901
1956
1998
2002
2014
2038
2056
2070
2159
2167
2204
2250
2253
2278
2289
2312
2324
2358
2365
2368
2373
2515
2526
2528
2559
2582
2619
2683
2756
2779
2794
2797
2799
2825
2828
2840
2877
2890
2932
2943
2949
2976
2992
3006
3007
3025
3038
3072
3086
3111
3114
3122
3127
3158
3181
3191
3234
3278
3283
3299
3320
3321
3334
3362
3411
3450
3459
3534
3541
3556
3561
3566
3599
3610
3670
3687
3726
3744
3777
3780
3782
3794
3814
3823
3855
3857
3871
3919
3950
3975
4031
4078
4134
4168
4173
4234
4248
4259
4278
4305
4310
4356
4358
4367
4393
4413
4420
4475
4517
4540
4567
4568
4574
4629
4647
4669
4677
4747
4770
4818
4828
4842
4921
4967
4990
5016
5028
5045
5083
5091
5095
5127
5146
5207
5226
5247
5265
5271
5303
5384
5428
5436
5447
5463
5466
5484
5505
5519
5525
5545
5549
5569
5604
5637
5668
5672
5721
5830
5832
5898
5924
5970
5973
5978
6016
6030
6041
6091
6100
6104
6119
6130
6139
6169
6272
6274
6335
6400
6414
6438
6450
6487
6501
6564
6581
6597
6635
6643
6648
6654
6660
6694
6704
6728
6738
6755
6906
7014
7050
7081
7086
7191
7257
7317
7341
7384
7414
7528
7543
7567
7664
7705
7717
7742
7765
7813
7821
7866
7896
7918
8001
8026
8067
8073
8145
8166
8180
8191
8222
8252
8258
8296
8368
8373
8382
8405
8474
8540
8554
8600
8696
8740
8762
8787
8837
8841
8877
8897
8905
8916
8929
8934
9013
9033
9074
9098
9162
9180
9241
9242
9256
9259
9262
9304
9321
9333
9338
9339
9388
9455
9468
9482
9486
9490
9492
9498
9504
9511
9548
9605
9643
9650
9687
9759
9767
9770
9785
9839
9852
9859
9878
9888
9899
9963
9965
10008
10016
10029
10042
10066
10093
10116
10189
10197
10247
10254
10296
10311
10360
10396
10439
10480
10528
10533
10593
10639
10663
10681
10695
10698
10707
10711
10743
10806
10844
10873
10887
10896
10919
10923
10980
10998
11012
11015
11022
11046
11050
11053
11064
11084
11087
11101
11150
11189
11192
11198
11215
11222
11229
11242
11263
11291
11306
11320
11332
11335
11341
11363
11383
11393
11459
11488
11492
11563
11566
11582
11652
11737
11750
11797
11823
11845
11865
11890
11950
11952
11954
12009
12015
12051
12062
12070
12133
12175
12184
12188
12208
12259
12280
12400
12448
12451
12463
12497
12557
12619
12634
12664
12666
12703
12742
12787
12798
12799
12801
12818
12844
12849
12916
12928
12930
12965
12993
12995
13004
13007
13112
13124
13185
13186
13207
13257
13264
13277
13280
13364
13394
13398
13400
13431
13454
13490
13496
13521
13525
13616
13617
13635
13729
13754
13763
13797
13816
13823
13833
13842
13877
13962
13963
13990
14010
14036
14041
14098
14134
14145
14151
14195
14196
14221
14248
14312
14324
14348
14441
14448
14461
14484
14519
14524
14582
14586
14590
14597
14612
14683
14694
14725
14755
14797
14803
14818
14848
14853
14869
14958
15045
15050
15062
15077
15089
15110
15111
15113
15154
15155
15158
15179
15186
15189
15220
15225
15233
15259
15267
15333
15341
15395
15408
15414
15537
15550
15596
15600
15648
15653
15690
15741
15748
15802
15806
15830
15841
15842
15843
15862
15880
15927
15930
15940
15950
15977
15981
16053
16062
16096
16098
16103
16126
16171
16175
16216
16273
16350
16370
16375
16389
16503
16521
16615
16654
16662
16685
16701
16743
16747
16749
16756
16772
16780
16783
16832
16880
17027
17054
17076
17082
17092
17113
17117
17159
17209
17245
17252
17257
17294
17325
17335
17340
17374
17423
17431
17447
17492
17526
17578
17610
17616
17618
17668
17676
17681
17700
17737
17744
17748
17750
17774
17848
17853
17903
17905
17910
17989
18032
18037
18056
18092
18107
18112
18133
18151
18191
18201
18202
18205
18218
18243
18245
18254
18304
18315
18341
18347
18363
18373
18382
18398
18407
18433
18454
18457
18476
18479
18493
18516
18562
18568
18574
18583
18611
18612
18644
18667
18697
18749
18751
18796
18812
18839
18851
18880
18895
18913
19025
19037
19051
19079
19096
19101
19108
19141
19154
19158
19163
19165
19225
19229
19299
19416
19444
19454
19487
19497
19531
19557
19590
19595
19601
19608
19621
19691
19749
19775
19779
19782
19805
19822
19833
19845
19884
19892
19936
19953
19957
19958
20020
20135
20153
20183
20206
20210
20243
20330
20339
20340
20360
20376
20382
20390
20418
20495
20559
20574
20578
20619
20626
20682
20698
20727
20737
20812
20862
20882
20898
20914
20919
20972
20989
20990
21017
21018
21021
21051
21059
21083
21085
21124
21145
21189
21200
21211
21215
21243
21265
21283
21287
21368
21375
21392
21479
21486
21509
21521
21526
21540
21556
21590
21597
21599
21608
21614
21616
21638
21644
21667
21676
21721
21727
21734
21741
21756
21758
21790
21803
21805
21817
21828
21844
21883
21917
21925
22013
22031
22044
22063
22075
22107
22155
22180
22223
22245
22256
22262
22309
22372
22376
22378
22379
22386
22431
22456
22488
22504
22515
22536
22599
22624
22649
22684
22752
22757
22758
22784
22793
22816
22827
22879
22925
22931
22942
22989
23014
23016
23036
23052
23055
23136
23150
23186
23190
23199
23204
23234
23245
23277
23280
23282
23305
23351
23383
23402
23405
23416
23427
23446
23451
23489
23500
23505
23558
23597
23598
23606
23615
23700
23705
23713
23721
23778
23781
23785
23820
23838
23882
23906
24046
24063
24067
24073
24082
24106
24124
24133
24141
24142
24162
24167
24169
24176
24182
24245
24259
24335
24345
24348
24350
24393
24396
24445
24476
24482
24543
24549
24565
24574
24624
24666
24708
24731
24770
24785
24788
24795
24810
24813
24816
24829
24831
24834
24846
24858
24895
24896
24908
24916
24955
24963
24984
24986
25002
25024
25027
25035
25039
25041
25051
25058
25123
25144
25158
25228
25231
25298
25331
25399
25412
25525
25537
25615
25711
25721
25748
25759
25787
25891
25901
25919
25996
26000
26015
26021
26039
26049
26060
26062
26085
26086
26129
26139
26153
26199
26202
26225
26238
26264
26321
26325
26340
26350
26371
26405
26462
26464
26475
26530
26537
26542
26586
26604
26653
26779
26783
26790
26801
26840
26857
26883
26903
26925
26931
26942
26963
26971
27023
27042
27067
27085
27087
27092
27130
27149
27189
27197
27234
27248
27276
27316
27336
27348
27355
27367
27372
27414
27489
27519
27531
27549
27619
27696
27710
27731
27735
27762
27809
27820
27848
27874
27878
27883
27900
27967
27971
27994
28021
28036
28043
28044
28096
28101
28149
28174
28199
28211
28215
28246
28258
28266
28294
28312
28363
28384
28397
28446
28460
28469
28480
28510
28517
28617
28631
28652
28677
28696
28733
28737
28753
28754
28782
28866
28870
28902
28995
29000
29004
29035
29064
29108
29113
29135
29172
29185
29218
29267
29362
29372
29423
29441
29452
29465
29605
29638
29694
29695
29771
29775
29776
29808
29824
29827
29857
29873
29887
29956
30020
30141
30144
30201
30256
30277
30283
30284
30292
30309
30312
30329
30363
30371
30390
30402
30413
30414
30439
30477
30482
30486
30491
30503
30508
30551
30567
30603
30611
30612
30645
30668
30690
30694
30728
30736
30762
30781
30814
30826
30840
30893
30931
30933
30937
30961
30997
30999
31008
31136
31198
31238
31279
31292
31306
31308
31327
31343
31363
31368
31375
31387
31395
31403
31433
31434
31455
31469
31499
31529
31549
31602
31603
31604
31634
31641
31696
31779
31791
31878
31905
31931
31973
31976
32004
32010
32061
32078
32122
32148
32168
32174
32189
32285
32289
32303
32320
32325
32333
32338
32379
32445
32476
32477
32492
32493
32558
32562
32618
32655
32659
32705
32755
32764
32781
32863
32890
32892
32906
32920
32978
33004
33017
33042
33064
33086
33087
33114
33121
33181
33209
33219
33220
33230
33231
33232
33235
33266
33328
33361
33385
33392
33442
33453
33509
33511
33535
33598
33599
33636
33719
33764
33855
33882
33925
33929
33930
33933
34024
34085
34101
34110
34112
34138
34149
34162
34168
34180
34185
34202
34249
34274
34277
34290
34321
34356
34400
34427
34429
34489
34513
34518
34545
34555
34583
34607
34686
34694
34730
34746
34780
34804
34841
34842
34867
34897
34910
34912
34917
34938
34996
35031
35032
35048
35087
35145
35156
35169
35192
35207
35211
35217
35268
35296
35317
35335
35356
35377
35443
35459
35490
35494
35533
35546
35585
35588
35604
35608
35616
35634
35641
35658
35665
35769
35773
35793
35802
35809
35837
35850
35868
35869
35876
36000
36087
36102
36183
36216
36232
36236
36249
36260
36264
36272
36280
36308
36317
36339
36352
36371
36373
36380
36419
36447
36482
36484
36490
36491
36513
36523
36528
36542
36544
36545
36582
36658
36664
36711
36751
36763
36788
36813
36817
36831
36857
36983
36996
36997
37007
37034
37035
37039
37042
37058
37068
37085
37101
37102
37116
37150
37166
37181
37247
37273
37289
37340
37347
37352
37356
37360
37366
37371
37378
37418
37471
37473
37490
37497
37503
37512
37538
37548
37576
37578
37608
37612
37650
37695
37775
37784
37802
37825
37854
37915
37923
37935
37938
37990
38009
38088
38141
38187
38192
38249
38256
38280
38294
38302
38327
38363
38376
38383
38497
38514
38544
38545
38546
38549
38612
38619
38644
38657
38718
38760
38780
38793
38797
38798
38806
38810
38855
38877
38895
38912
38913
38927
38955
38974
38998
39035
39058
39060
39067
39096
39098
39100
39136
39142
39176
39227
39240
39250
39255
39262
39272
39282
39347
39358
39418
39475
39497
39523
39527
39546
39571
39593
39600
39604
39609
39611
39655
39659
39689
39697
39719
39727
39735
39786
39797
39816
39817
39833
39839
39899
39949
39962
39968
39969
39983
40004
40014
40021
40026
40039
40079
40094
40097
40113
40124
40157
40161
40187
40194
40235
40267
40292
40296
40303
40315
40387
40400
40440
40447
40456
40472
40491
40513
40589
40592
40593
40596
40597
40693
40715
40719
40727
40766
40767
40805
40815
40848
40871
40904
40910
40930
40974
41002
41032
41125
41142
41167
41196
41230
41279
41285
41296
41306
41370
41423
41450
41484
41485
41494
41539
41542
41550
41582
41608
41615
41633
41654
41657
41660
41710
41718
41726
41728
41742
41769
41783
41796
41811
41826
41863
41897
41934
41938
41975
41979
41984
42059
42077
42130
42140
42147
42160
42162
42208
42220
42269
42273
42283
42291
42322
42347
42367
42413
42456
42612
42615
42638
42754
42760
42780
42818
42852
42870
42888
42894
42923
42924
42929
42983
43015
43032
43034
43038
43066
43074
43125
43175
43197
43248
43262
43293
43364
43422
43435
43486
43496
43556
43561
43563
43619
43644
43656
43717
43730
43792
43794
43798
43817
43824
43833
43936
43981
43989
44006
44037
44055
44090
44125
44162
44171
44174
44239
44255
44290
44293
44298
44305
44312
44315
44323
44445
44462
44489
44499
44541
44555
44565
44593
44598
44616
44621
44693
44694
44720
44758
44766
44879
44884
44917
44972
44985
44994
45072
45076
45082
45090
45095
45096
45152
45156
45206
45240
45262
45330
45424
45447
45465
45481
45498
45564
45573
45580
45658
45664
45713
45796
45836
45839
45903
45916
45928
45936
45962
46017
46032
46069
46075
46117
46132
46224
46240
46255
46298
46310
46350
46367
46368
46416
46429
46501
46537
46582
46632
46637
46671
46675
46720
46741
46772
46778
46831
46848
46851
46859
46866
46919
47010
47033
47036
47054
47067
47079
47096
47107
47155
47165
47166
47200
47208
47220
47231
47264
47267
47268
47270
47281
47284
47315
47342
47361
47375
47415
47430
47447
47525
47544
47549
47558
47559
47561
47576
47688
47747
47803
47814
47850
47892
47896
47918
47922
47929
47935
48015
48016
48047
48085
48100
48113
48145
48148
48149
48171
48173
48177
48183
48186
48223
48229
48247
48299
48319
48329
48352
48375
48388
48433
48438
48480
48504
48541
48557
48566
48570
48575
48582
48585
48600
48614
48621
48629
48660
48669
48703
48746
48768
48771
48791
48817
48849
48877
48880
48900
48961
48984
49010
49016
49026
49033
49083
49099
49127
49149
49172
49206
49227
49234
49238
49244
49271
49286
49322
49335
49354
49356
49372
49406
49457
49525
49531
49535
49546
49568
49571
49639
49654
49675
49676
49691
49720
49726
49734
49793
49798
49917
49931
49942
49959
49964
49966
49992
