8
11
26
38
61
69
136
146
149
163
231
256
271
320
368
401
412
423
430
479
496
517
570
573
587
612
625
666
718
720
729
732
754
772
800
867
876
883
912
936
950
967
1006
1019
1060
1062
1064
1079
1095
1100
1137
1205
1230
1270
1292
1307
1316
1330
1343
1459
1469
1479
1490
1491
1512
1601
1615
1651
1710
1741
1748
1771
1774
1784
1849
1875
1879
1915
1938
1957
1964
2003
2010
2014
2021
2023
2030
2055
2065
2080
2155
2162
2163
2227
2236
2265
2266
2297
2298
2309
2324
2336
2342
2347
2350
2357
2376
2510
2522
2571
2592
2631
2647
2651
2654
2662
2680
2702
2705
2718
2760
2761
2767
2790
2808
2811
2837
2854
2895
2910
2987
2995
2996
3004
3041
3049
3134
3185
3226
3272
3304
3311
3313
3331
3332
3373
3385
3420
3440
3459
3478
3485
3500
3502
3526
3550
3563
3601
3673
3693
3733
3784
3794
3797
3801
3811
3837
3849
3867
3909
4007
4020
4036
4037
4088
4113
4191
4198
4228
4229
4280
4299
4305
4324
4337
4374
4376
4388
4409
4432
4451
4464
4599
4621
4623
4693
4768
4874
4884
4889
4904
4927
4928
4929
4953
4962
4977
5012
5020
5084
5090
5151
5173
5229
5257
5275
5305
5312
5329
5338
5353
5360
5380
5391
5408
5419
5424
5427
5437
5478
5485
5489
5501
5544
5602
5777
5796
5797
5809
5810
5819
5835
5870
5883
5897
5915
5967
5994
6006
6025
6051
6076
6189
6191
6255
6279
6281
6288
6290
6409
6416
6418
6448
6461
6475
6490
6521
6543
6563
6618
6655
6660
6673
6743
6749
6762
6766
6782
6788
6858
6860
6861
6879
6887
6896
6929
6974
7008
7051
7075
7082
7087
7125
7151
7153
7213
7229
7235
7282
7285
7289
7299
7333
7445
7454
7472
7487
7502
7593
7610
7614
7636
7646
7673
7716
7722
7792
7797
7812
7866
7892
7954
7979
7985
7990
7999
8046
8056
8074
8079
8099
8147
8191
8205
8226
8305
8354
8369
8374
8400
8419
8472
8481
8498
8599
8600
8608
8614
8615
8630
8680
8689
8704
8752
8775
8865
8880
8899
8985
9007
9097
9124
9146
9164
9183
9218
9224
9231
9260
9271
9280
9297
9299
9309
9337
9348
9373
9421
9431
9441
9450
9498
9541
9586
9648
9738
9741
9778
9852
9908
9980
10007
10024
10033
10065
10131
10212
10248
10302
10311
10315
10353
10370
10454
10464
10496
10514
10549
10557
10584
10600
10611
10618
10656
10685
10710
10745
10753
10780
10832
10881
10942
10991
11088
11118
11182
11216
11326
11329
11376
11380
11402
11420
11433
11454
11503
11529
11531
11538
11554
11610
11645
11651
11686
11703
11752
11753
11771
11779
11838
11839
11846
11855
11860
11871
11898
11903
11920
11934
11972
11983
12004
12008
12033
12037
12069
12082
12104
12129
12135
12145
12169
12207
12232
12248
12270
12355
12418
12437
12443
12444
12449
12451
12510
12521
12522
12528
12529
12532
12548
12557
12581
12606
12623
12666
12671
12723
12738
12749
12790
12815
12874
12901
12921
12928
13008
13009
13091
13092
13128
13228
13269
13278
13296
13381
13385
13390
13403
13412
13463
13516
13537
13592
13603
13621
13687
13695
13722
13792
13801
13803
13812
13831
13839
13859
13883
13950
13992
14015
14020
14041
14049
14070
14102
14118
14124
14152
14207
14265
14282
14308
14312
14341
14346
14366
14376
14401
14404
14430
14454
14460
14523
14532
14533
14545
14550
14577
14614
14621
14655
14844
14871
14933
14941
14946
14955
14972
15030
15067
15093
15098
15100
15176
15184
15222
15228
15285
15321
15343
15358
15388
15437
15495
15524
15531
15537
15548
15562
15588
15594
15621
15623
15629
15631
15672
15704
15753
15780
15788
15791
15855
15924
15949
15967
15969
15980
16019
16091
16120
16151
16164
16170
16178
16197
16199
16258
16291
16321
16384
16386
16393
16396
16414
16417
16421
16434
16441
16482
16491
16501
16505
16540
16544
16545
16578
16634
16700
16710
16730
16783
16811
16862
16870
16874
16971
16999
17012
17097
17130
17149
17155
17171
17200
17258
17286
17301
17305
17587
17600
17635
17648
17653
17674
17677
17779
17782
17877
17898
17901
17908
17914
17960
17968
17984
17989
17999
18006
18020
18040
18071
18127
18130
18133
18134
18167
18201
18217
18264
18306
18376
18391
18406
18412
18415
18417
18530
18539
18554
18631
18645
18665
18666
18691
18704
18752
18755
18760
18783
18797
18821
18866
18891
18895
18913
18952
18969
18982
19087
19095
19103
19130
19135
19165
19172
19235
19245
19247
19313
19372
19424
19443
19468
19495
19497
19536
19554
19566
19587
19588
19659
19690
19694
19765
19798
19802
19804
19833
19903
19909
19911
19939
19980
19992
19998
20003
20022
20028
20038
20054
20058
20066
20090
20101
20103
20132
20146
20160
20171
20206
20229
20234
20242
20248
20283
20285
20378
20407
20419
20462
20465
20472
20481
20502
20503
20516
20517
20525
20640
20668
20703
20745
20779
20787
20830
20864
20893
20922
20943
20963
21121
21145
21149
21223
21233
21239
21246
21258
21269
21272
21274
21277
21296
21327
21364
21367
21380
21382
21416
21433
21500
21532
21547
21606
21634
21644
21646
21679
21700
21736
21754
21815
21831
21857
21909
21986
21993
22001
22056
22083
22087
22122
22126
22143
22145
22148
22185
22277
22279
22324
22325
22347
22349
22366
22369
22400
22458
22479
22509
22516
22517
22522
22553
22563
22573
22578
22587
22590
22654
22660
22665
22699
22713
22731
22744
22753
22786
22797
22817
22831
22841
22848
22855
22888
22925
22992
23001
23004
23074
23104
23126
23145
23170
23213
23246
23249
23267
23295
23303
23314
23355
23383
23426
23429
23459
23480
23497
23511
23517
23521
23547
23592
23626
23712
23771
23862
23894
23925
23952
23965
24004
24024
24048
24053
24086
24152
24173
24253
24274
24295
24343
24357
24454
24499
24506
24528
24541
24570
24574
24597
24609
24643
24701
24705
24713
24716
24732
24843
24871
24877
24879
24928
25038
25064
25076
25088
25108
25127
25129
25148
25171
25216
25245
25263
25270
25304
25319
25348
25367
25386
25400
25402
25446
25456
25459
25460
25479
25524
25536
25550
25562
25569
25585
25616
25694
25701
25712
25747
25822
25881
25887
25937
25974
25977
26000
26051
26060
26082
26085
26097
26116
26127
26142
26148
26153
26205
26217
26257
26306
26324
26334
26339
26371
26377
26395
26411
26460
26467
26474
26477
26482
26572
26632
26653
26678
26689
26694
26710
26739
26810
26820
26838
26876
26940
26960
26972
27004
27065
27068
27070
27083
27127
27128
27131
27164
27180
27223
27243
27255
27273
27357
27358
27407
27419
27427
27436
27447
27480
27481
27498
27527
27532
27545
27607
27610
27613
27659
27684
27733
27742
27775
27815
27824
27873
27900
27910
27933
28028
28041
28045
28075
28081
28160
28202
28206
28217
28291
28305
28311
28324
28358
28382
28385
28390
28421
28447
28461
28472
28486
28505
28526
28542
28563
28589
28619
28655
28723
28792
28888
28905
28910
29012
29031
29043
29065
29124
29174
29189
29190
29210
29229
29235
29298
29370
29377
29406
29438
29447
29449
29463
29481
29512
29513
29519
29544
29569
29576
29584
29603
29629
29673
29676
29679
29680
29684
29759
29761
29767
29770
29792
29809
29826
29843
29858
29865
29917
29918
29935
29944
29987
30024
30033
30052
30058
30066
30079
30112
30147
30150
30190
30300
30309
30315
30339
30354
30355
30375
30388
30402
30420
30446
30447
30459
30483
30496
30502
30537
30541
30547
30575
30602
30609
30619
30638
30681
30682
30689
30717
30748
30749
30777
30792
30817
30828
30873
30916
30920
30947
30948
30976
31009
31051
31075
31079
31119
31179
31193
31218
31250
31257
31290
31312
31332
31351
31381
31487
31538
31549
31562
31577
31582
31606
31611
31628
31645
31680
31683
31721
31722
31781
31800
31851
31860
31871
31898
31942
31963
32033
32061
32073
32081
32131
32134
32135
32136
32141
32166
32170
32173
32212
32214
32227
32247
32251
32253
32269
32334
32342
32437
32442
32458
32465
32470
32499
32500
32502
32505
32523
32570
32632
32691
32746
32759
32793
32798
32846
32857
32892
32897
32909
32945
32993
32996
33001
33006
33047
33065
33069
33072
33120
33130
33139
33151
33159
33168
33222
33223
33272
33292
33308
33313
33317
33373
33382
33413
33429
33461
33501
33505
33553
33566
33594
33666
33685
33694
33705
33749
33796
33802
33829
33842
33854
33871
33891
33937
33949
33960
33969
33971
33976
34004
34006
34037
34053
34057
34069
34079
34082
34106
34107
34108
34174
34203
34206
34234
34240
34246
34254
34271
34361
34435
34436
34464
34484
34492
34495
34515
34516
34552
34557
34579
34588
34675
34706
34748
34765
34800
34806
34883
34925
35001
35016
35061
35103
35110
35111
35115
35140
35157
35169
35177
35197
35209
35274
35303
35332
35350
35356
35384
35386
35407
35414
35426
35456
35464
35497
35514
35567
35583
35602
35611
35616
35650
35697
35704
35734
35754
35757
35761
35776
35778
35795
35853
35863
35868
35922
35944
35946
35982
35993
36006
36023
36030
36042
36065
36069
36091
36102
36134
36147
36196
36222
36295
36325
36425
36506
36566
36586
36600
36605
36651
36698
36784
36850
36866
36902
36904
36942
36946
36976
37015
37018
37025
37028
37038
37056
37105
37110
37185
37203
37216
37232
37252
37261
37265
37274
37306
37308
37337
37357
37360
37361
37370
37389
37435
37513
37542
37603
37651
37667
37669
37675
37748
37754
37876
37922
37933
37954
38047
38052
38058
38093
38115
38147
38159
38180
38217
38222
38223
38226
38266
38319
38329
38344
38359
38412
38438
38458
38466
38475
38482
38490
38491
38542
38555
38594
38596
38602
38607
38626
38632
38641
38647
38662
38684
38689
38691
38697
38701
38703
38729
38732
38737
38758
38769
38770
38814
38824
38843
38862
38880
38896
38919
38932
38944
38954
39037
39040
39054
39168
39179
39246
39323
39384
39388
39389
39404
39408
39436
39482
39493
39540
39552
39569
39572
39578
39604
39605
39627
39660
39678
39713
39724
39729
39800
39809
39819
39835
39891
39981
39987
40016
40075
40110
40132
40163
40166
40172
40175
40188
40228
40232
40267
40316
40327
40374
40386
40421
40434
40462
40466
40467
40469
40471
40532
40546
40585
40617
40630
40649
40653
40764
40766
40853
40884
40893
40913
40917
40956
41027
41046
41082
41106
41113
41130
41135
41149
41152
41156
41171
41179
41196
41219
41246
41253
41260
41299
41326
41361
41451
41470
41496
41509
41515
41545
41580
41610
41631
41641
41662
41664
41671
41673
41691
41702
41714
41752
41771
41773
41835
41847
41871
41884
41912
41933
41970
41971
41980
42007
42013
42017
42111
42166
42177
42210
42272
42321
42342
42363
42397
42398
42408
42410
42414
42417
42431
42472
42477
42528
42532
42534
42545
42559
42564
42566
42648
42652
42653
42682
42741
42763
42802
42812
42833
42835
42841
42923
42942
42962
43006
43008
43010
43032
43053
43085
43168
43182
43214
43236
43251
43287
43358
43377
43412
43416
43440
43474
43488
43489
43495
43538
43539
43549
43558
43560
43586
43607
43615
43659
43680
43748
43763
43791
43829
43936
43956
43975
44018
44025
44051
44080
44081
44106
44108
44116
44170
44198
44206
44214
44258
44298
44317
44330
44354
44360
44363
44416
44417
44469
44481
44502
44575
44619
44798
44850
44851
44862
44874
44973
44993
45007
45036
45072
45074
45077
45080
45086
45093
45108
45123
45146
45161
45163
45211
45216
45217
45254
45258
45354
45358
45405
45411
45442
45454
45461
45490
45512
45521
45569
45604
45621
45652
45667
45668
45673
45682
45758
45784
45817
45836
45842
45855
45877
45930
45972
45977
45986
46010
46020
46021
46103
46152
46160
46186
46193
46198
46220
46225
46278
46284
46295
46314
46370
46371
46378
46385
46387
46391
46417
46450
46458
46496
46513
46531
46556
46557
46591
46603
46611
46686
46736
46757
46758
46815
46835
46838
46865
46898
46900
46909
46984
47028
47064
47070
47071
47109
47149
47179
47208
47309
47313
47323
47327
47330
47343
47366
47410
47460
47527
47534
47548
47550
47575
47586
47654
47664
47698
47710
47735
47807
47809
47817
47837
47891
47916
47958
47995
48015
48049
48076
48162
48164
48193
48295
48314
48323
48338
48348
48360
48372
48386
48392
48397
48401
48405
48420
48432
48436
48443
48506
48509
48510
48518
48577
48578
48580
48599
48613
48760
48768
48775
48833
48874
48889
48928
48957
48990
48995
49053
49096
49099
49116
49190
49196
49316
49320
49365
49443
49451
49453
49465
49500
49507
49535
49585
49606
49638
49683
49743
49754
49768
49793
49800
49831
49841
49902
49930
49939
49985
49986
49990
