17
22
73
78
82
91
105
115
121
138
146
179
206
217
271
348
375
425
451
453
464
467
524
537
554
563
577
630
640
682
734
749
757
787
820
888
913
925
965
967
1065
1110
1111
1121
1181
1187
1211
1223
1240
1249
1324
1325
1336
1371
1374
1386
1419
1463
1464
1577
1583
1596
1601
1624
1642
1644
1654
1657
1673
1674
1681
1696
1783
1814
1816
1860
1866
1898
1916
1995
2026
2048
2060
2095
2110
2122
2128
2134
2140
2210
2237
2257
2263
2296
2315
2316
2373
2475
2510
2532
2621
2637
2695
2698
2704
2788
2814
2819
2855
2896
2911
2939
2961
2972
3015
3022
3060
3092
3164
3172
3174
3185
3206
3224
3236
3238
3266
3274
3326
3333
3405
3446
3534
3543
3590
3593
3683
3694
3729
3744
3770
3794
3853
3873
3876
3884
3918
3925
3947
3969
4008
4027
4118
4121
4148
4157
4177
4237
4278
4311
4322
4323
4338
4390
4422
4433
4436
4464
4476
4544
4644
4707
4711
4743
4747
4799
4813
4828
4860
4868
4904
4931
4934
4996
5035
5037
5081
5103
5115
5147
5150
5180
5181
5197
5230
5275
5286
5314
5317
5374
5401
5413
5452
5476
5488
5504
5560
5562
5565
5566
5576
5612
5616
5633
5641
5699
5786
5806
5814
5847
5880
5902
6024
6059
6075
6165
6166
6189
6202
6234
6276
6305
6308
6379
6399
6425
6447
6458
6477
6491
6523
6545
6584
6589
6644
6679
6687
6722
6747
6757
6770
6804
6836
6843
6848
6855
6861
6869
6876
6890
6900
6921
6937
6942
6966
6970
6990
7011
7012
7020
7064
7072
7076
7098
7108
7175
7185
7190
7231
7295
7298
7372
7400
7460
7476
7484
7523
7548
7568
7584
7682
7706
7796
7804
7890
7892
7934
7944
7947
8102
8104
8108
8114
8129
8136
8180
8214
8245
8290
8299
8306
8332
8359
8389
8448
8507
8547
8560
8597
8606
8633
8668
8688
8771
8779
8956
9001
9018
9032
9044
9065
9074
9094
9109
9114
9125
9126
9138
9216
9221
9255
9261
9269
9286
9342
9344
9346
9348
9374
9427
9431
9434
9443
9480
9498
9547
9548
9559
9573
9637
9693
9705
9777
9779
9841
9864
9876
9881
9887
9948
9999
10003
10040
10057
10075
10081
10102
10114
10147
10192
10233
10252
10254
10257
10258
10265
10281
10320
10361
10376
10383
10384
10403
10420
10429
10443
10448
10558
10595
10625
10638
10683
10698
10703
10730
10744
10754
10757
10762
10764
10770
10807
10823
10882
10936
10948
11049
11053
11064
11066
11139
11146
11206
11227
11233
11259
11320
11339
11357
11382
11425
11433
11462
11482
11492
11497
11502
11505
11510
11538
11544
11570
11580
11583
11590
11602
11608
11624
11648
11675
11705
11756
11771
11811
11838
11875
11876
11900
11940
11967
12036
12046
12049
12063
12090
12130
12160
12161
12163
12174
12185
12207
12228
12245
12247
12285
12292
12354
12363
12375
12403
12407
12434
12448
12457
12469
12493
12527
12535
12544
12557
12563
12568
12579
12649
12666
12671
12689
12695
12708
12756
12790
12835
12851
12886
12953
12963
12987
12990
13008
13035
13052
13089
13091
13120
13124
13140
13145
13164
13256
13264
13285
13291
13320
13334
13338
13342
13361
13392
13405
13418
13424
13431
13440
13474
13491
13492
13550
13555
13580
13608
13646
13684
13727
13803
13852
13893
13963
13975
13995
14012
14056
14075
14080
14095
14101
14124
14160
14213
14254
14303
14309
14333
14349
14359
14383
14406
14408
14456
14473
14481
14510
14534
14548
14560
14566
14601
14602
14607
14624
14651
14660
14700
14703
14730
14747
14780
14796
14799
14823
14859
14890
14925
14953
14972
14993
15006
15076
15077
15166
15274
15311
15342
15345
15351
15357
15363
15391
15395
15398
15413
15427
15438
15448
15548
15607
15621
15638
15647
15651
15700
15713
15724
15818
15827
15834
15836
15850
15854
15877
15916
15926
15932
15967
15971
16009
16057
16075
16081
16170
16200
16207
16249
16266
16303
16307
16324
16326
16329
16362
16403
16406
16419
16437
16448
16477
16500
16556
16613
16615
16678
16727
16769
16781
16831
16847
16855
16888
16947
16987
17011
17022
17057
17144
17154
17165
17171
17177
17207
17211
17251
17297
17375
17382
17405
17410
17413
17428
17435
17507
17594
17607
17640
17650
17685
17703
17708
17742
17754
17768
17829
17852
17877
17878
17904
17953
18004
18015
18051
18065
18073
18111
18150
18156
18181
18191
18198
18246
18274
18321
18326
18357
18358
18411
18463
18483
18486
18558
18595
18610
18623
18666
18681
18718
18735
18779
18819
18833
18844
18858
18884
18886
18887
18909
18914
18949
18956
18976
19011
19044
19048
19054
19079
19133
19181
19186
19201
19227
19237
19240
19251
19255
19275
19307
19334
19341
19360
19371
19394
19440
19443
19521
19525
19535
19537
19556
19624
19663
19673
19701
19730
19742
19798
19802
19838
19860
19865
19963
19964
19974
20015
20204
20288
20296
20330
20349
20397
20398
20430
20433
20450
20454
20483
20555
20571
20574
20583
20617
20627
20651
20656
20675
20696
20700
20703
20720
20765
20780
20789
20791
20812
20833
20862
20866
20870
20933
20941
20959
20986
20990
21052
21151
21154
21161
21210
21222
21224
21259
21271
21273
21275
21277
21292
21299
21320
21395
21396
21418
21433
21434
21460
21464
21494
21575
21677
21702
21714
21719
21740
21838
21844
21854
21892
21895
21917
21968
21985
21989
22082
22132
22133
22210
22212
22229
22235
22282
22300
22308
22311
22327
22343
22372
22401
22409
22415
22451
22462
22516
22543
22558
22559
22608
22710
22714
22767
22777
22824
22842
22851
22887
22942
22963
22992
23001
23004
23015
23017
23025
23039
23125
23145
23163
23164
23195
23202
23208
23241
23252
23282
23287
23290
23327
23353
23355
23409
23437
23452
23540
23578
23579
23615
23635
23646
23665
23666
23676
23700
23716
23744
23767
23781
23796
23818
23840
23844
23854
23882
23887
23937
23978
24019
24089
24105
24135
24167
24171
24173
24177
24187
24216
24243
24276
24325
24352
24379
24389
24447
24476
24493
24498
24507
24522
24538
24555
24561
24565
24571
24684
24690
24771
24787
24797
24804
24814
24815
24858
24877
24880
24953
24971
25011
25046
25055
25110
25151
25253
25255
25256
25316
25348
25358
25462
25466
25557
25627
25649
25656
25685
25687
25753
25777
25830
25844
25855
25880
25885
25886
25900
25902
25934
25943
25962
26021
26051
26080
26103
26123
26264
26278
26286
26360
26413
26443
26451
26467
26496
26537
26540
26627
26642
26661
26664
26665
26668
26716
26816
26818
26856
26890
26909
26916
26955
26962
26969
26976
27033
27066
27069
27094
27105
27123
27131
27177
27233
27255
27259
27268
27279
27291
27298
27307
27314
27315
27320
27332
27333
27419
27450
27458
27460
27470
27475
27485
27541
27561
27576
27591
27594
27595
27602
27621
27630
27671
27724
27756
27789
27793
27797
27862
27910
27936
27958
27961
28002
28032
28042
28056
28062
28070
28072
28076
28083
28084
28094
28096
28118
28153
28157
28189
28238
28299
28318
28340
28374
28418
28421
28479
28486
28512
28518
28533
28547
28567
28569
28576
28584
28593
28662
28710
28724
28743
28747
28749
28798
28825
28838
28879
28907
28961
28988
29013
29015
29016
29045
29052
29073
29082
29089
29151
29161
29238
29252
29325
29331
29346
29358
29490
29497
29511
29516
29623
29742
29759
29764
29766
29802
29817
29828
29863
29885
29920
29931
29968
29993
29999
30005
30007
30015
30029
30063
30093
30107
30146
30155
30167
30184
30199
30218
30228
30234
30270
30282
30326
30345
30426
30427
30434
30456
30496
30589
30665
30709
30736
30747
30802
30844
30859
30912
30924
30927
30935
30941
30972
30981
31001
31079
31107
31119
31131
31184
31215
31228
31234
31273
31285
31308
31338
31395
31399
31421
31433
31448
31482
31506
31519
31578
31596
31616
31665
31666
31675
31686
31704
31753
31769
31783
31808
31848
31887
31896
31947
31969
31983
31995
32074
32087
32093
32094
32115
32119
32146
32168
32180
32186
32193
32231
32261
32273
32279
32290
32299
32301
32340
32347
32383
32413
32441
32474
32497
32511
32544
32572
32589
32599
32644
32660
32661
32683
32695
32698
32729
32774
32867
32871
32879
32901
32910
32919
32981
32983
33004
33032
33067
33074
33090
33109
33128
33207
33233
33262
33282
33300
33302
33324
33354
33367
33384
33390
33408
33434
33442
33464
33511
33521
33572
33595
33625
33647
33712
33745
33747
33753
33773
33809
33869
33879
33884
33929
33932
33945
33971
33984
34043
34048
34074
34082
34109
34111
34126
34129
34131
34141
34156
34169
34200
34205
34221
34293
34331
34333
34391
34396
34399
34425
34430
34431
34494
34498
34516
34550
34564
34573
34620
34631
34655
34674
34737
34754
34755
34767
34768
34818
34883
34898
34912
34941
34975
34994
35008
35022
35034
35180
35189
35193
35198
35211
35255
35269
35281
35285
35302
35307
35318
35406
35418
35462
35467
35468
35508
35525
35556
35557
35571
35578
35590
35593
35635
35653
35659
35678
35687
35752
35797
35811
35814
35870
35891
36015
36024
36066
36173
36199
36201
36207
36211
36231
36243
36258
36270
36294
36295
36304
36307
36326
36390
36393
36415
36425
36449
36458
36505
36553
36571
36678
36701
36729
36749
36751
36756
36771
36778
36803
36815
36819
36830
36836
36846
36858
36888
36892
36904
36905
36914
36925
36955
36957
36999
37020
37046
37072
37075
37110
37145
37179
37206
37211
37235
37241
37260
37266
37273
37316
37318
37322
37454
37468
37471
37486
37515
37548
37568
37575
37630
37769
37780
37841
37876
37907
37922
37929
37931
37936
38047
38072
38104
38107
38182
38313
38320
38328
38337
38381
38393
38396
38419
38443
38480
38498
38505
38564
38600
38609
38646
38660
38665
38675
38690
38725
38726
38742
38754
38774
38800
38804
38870
38876
38917
38922
38926
38943
38961
38972
38986
38996
39013
39021
39081
39103
39105
39110
39118
39141
39148
39164
39192
39207
39212
39239
39246
39261
39295
39345
39364
39392
39424
39445
39463
39476
39490
39507
39545
39618
39621
39629
39650
39654
39658
39667
39676
39689
39696
39714
39759
39796
39845
39871
39893
39907
39921
39935
39949
39955
39969
40003
40019
40025
40046
40059
40078
40098
40114
40135
40150
40161
40196
40245
40249
40296
40315
40326
40372
40384
40385
40401
40424
40501
40551
40565
40574
40669
40685
40734
40759
40794
40800
40863
40869
40988
40991
41007
41008
41035
41041
41056
41084
41086
41134
41148
41220
41246
41266
41297
41345
41362
41369
41398
41417
41488
41568
41590
41647
41656
41670
41675
41728
41757
41774
41795
41800
41804
41807
41810
41816
41827
41866
41917
41925
41940
41978
42016
42043
42059
42116
42121
42130
42148
42164
42182
42242
42303
42307
42317
42322
42327
42357
42358
42371
42455
42458
42472
42516
42521
42582
42584
42635
42645
42661
42675
42680
42719
42728
42730
42732
42750
42780
42783
42789
42791
42830
42835
42851
42892
42962
42964
43033
43054
43062
43083
43104
43112
43225
43344
43400
43436
43547
43599
43628
43629
43632
43666
43698
43717
43718
43719
43725
43727
43790
43820
43823
43833
43877
43909
43939
43989
44015
44016
44019
44031
44055
44099
44113
44158
44162
44280
44327
44333
44369
44372
44374
44376
44414
44450
44460
44472
44478
44501
44503
44516
44683
44684
44686
44723
44753
44759
44781
44814
44815
44854
44859
44860
44866
44906
44988
45004
45028
45074
45080
45103
45108
45119
45132
45149
45165
45168
45191
45194
45206
45221
45232
45242
45253
45265
45294
45336
45366
45374
45451
45482
45538
45657
45668
45685
45698
45704
45710
45736
45756
45771
45823
45868
45890
45917
45919
45923
45948
45964
45975
46049
46058
46102
46118
46122
46125
46126
46134
46135
46169
46220
46233
46349
46372
46380
46402
46417
46448
46478
46500
46545
46565
46583
46615
46641
46660
46720
46727
46751
46752
46756
46768
46782
46786
46799
46862
46872
46898
46907
46924
46933
46941
46955
46972
46987
46997
47010
47050
47095
47129
47148
47183
47240
47257
47300
47322
47338
47345
47348
47368
47425
47453
47459
47504
47536
47540
47573
47591
47599
47617
47622
47644
47704
47775
47788
47823
47829
47830
47850
47862
47874
47892
47893
47993
47995
48058
48086
48109
48144
48194
48273
48465
48472
48504
48518
48521
48527
48532
48541
48550
48556
48643
48701
48706
48778
48820
48821
48847
48852
48853
48891
48905
48958
48981
48985
48999
49032
49057
49073
49089
49092
49105
49148
49165
49187
49191
49204
49207
49228
49238
49297
49310
49385
49389
49429
49447
49515
49527
49561
49587
49627
49671
49696
49760
49773
49805
49819
49862
49878
49899
49968
49969
49983
