6
8
21
55
111
138
168
173
232
235
298
312
326
338
361
366
374
387
402
440
462
493
504
508
559
583
591
637
657
663
664
718
721
767
779
844
900
922
936
946
961
1037
1072
1148
1167
1182
1227
1236
1249
1268
1300
1405
1422
1453
1463
1469
1479
1485
1491
1514
1548
1550
1607
1656
1664
1720
1746
1760
1767
1798
1802
1812
1818
1841
1844
1848
1876
1922
1975
1988
2009
2103
2104
2110
2182
2192
2201
2272
2275
2308
2350
2352
2359
2383
2422
2424
2471
2476
2534
2535
2574
2596
2605
2607
2656
2671
2708
2723
2726
2756
2768
2784
2818
2834
2838
2861
2903
2908
2918
2923
2928
2929
2955
2962
2995
3022
3023
3041
3068
3090
3101
3174
3193
3197
3224
3234
3244
3246
3260
3268
3343
3393
3412
3419
3432
3451
3487
3522
3535
3546
3563
3564
3651
3783
3794
3795
3836
3865
3899
3908
3910
3934
3945
3948
3960
4005
4056
4088
4116
4130
4137
4140
4177
4186
4203
4204
4233
4250
4316
4330
4335
4336
4447
4483
4502
4507
4542
4612
4642
4668
4672
4680
4690
4716
4723
4729
4731
4772
4786
4792
4802
4812
4860
4900
4903
4910
4936
4955
4978
4981
5008
5041
5058
5089
5092
5110
5135
5142
5180
5186
5190
5217
5236
5260
5270
5317
5369
5412
5420
5437
5443
5452
5453
5454
5480
5481
5490
5533
5549
5626
5628
5630
5658
5662
5693
5696
5730
5764
5766
5789
5792
5894
5895
5906
5954
5981
6024
6072
6119
6125
6136
6156
6187
6255
6288
6346
6368
6394
6403
6413
6520
6526
6542
6565
6570
6596
6602
6621
6663
6697
6725
6755
6792
6811
6820
6908
6961
6974
6978
6983
6996
6998
7023
7094
7148
7231
7242
7249
7266
7276
7302
7324
7438
7462
7482
7583
7615
7618
7637
7661
7718
7724
7827
7850
7873
7940
7960
7974
7984
7991
7995
8033
8035
8064
8097
8102
8136
8196
8235
8238
8248
8256
8274
8283
8289
8298
8407
8415
8430
8448
8452
8453
8464
8474
8484
8538
8578
8596
8629
8632
8642
8689
8716
8735
8747
8755
8845
8865
8899
8908
8916
8973
9049
9052
9080
9101
9133
9146
9176
9301
9309
9339
9372
9404
9412
9415
9448
9452
9463
9474
9524
9567
9592
9609
9637
9688
9699
9711
9720
9727
9744
9776
9785
9799
9800
9809
9847
9850
9912
9916
9920
9929
9986
9989
9999
10017
10055
10204
10256
10266
10348
10416
10453
10461
10469
10471
10496
10584
10596
10601
10619
10664
10767
10768
10772
10783
10848
10907
10927
10959
10998
11003
11014
11019
11086
11139
11179
11201
11216
11224
11275
11281
11301
11306
11320
11376
11396
11483
11486
11492
11505
11513
11540
11569
11603
11619
11634
11703
11739
11763
11767
11792
11808
11904
11906
11920
12162
12262
12286
12294
12307
12348
12358
12370
12417
12422
12464
12478
12484
12510
12522
12529
12532
12548
12564
12584
12589
12599
12633
12661
12690
12724
12755
12779
12796
12834
12863
12878
12920
12921
12963
12974
13010
13017
13026
13037
13045
13052
13132
13146
13173
13182
13191
13272
13284
13335
13341
13356
13419
13425
13436
13442
13444
13460
13498
13502
13508
13525
13526
13567
13573
13579
13599
13600
13622
13631
13689
13706
13766
13795
13807
13831
13846
13854
13873
13929
13931
13938
13947
13958
13991
13996
14007
14015
14046
14048
14050
14075
14079
14094
14112
14116
14144
14155
14157
14176
14222
14270
14368
14408
14410
14436
14439
14461
14469
14490
14504
14561
14563
14579
14588
14594
14615
14634
14637
14642
14648
14652
14722
14776
14810
14858
14871
14897
14918
14931
15001
15027
15098
15109
15114
15135
15169
15170
15232
15293
15317
15347
15368
15419
15439
15445
15470
15564
15583
15585
15618
15670
15687
15778
15783
15788
15791
15817
15846
15866
15912
15913
15955
16027
16056
16058
16066
16084
16125
16157
16164
16194
16215
16223
16225
16230
16291
16298
16320
16321
16419
16447
16457
16461
16471
16498
16502
16542
16557
16562
16569
16597
16599
16600
16604
16623
16626
16665
16684
16752
16764
16771
16814
16842
16846
16858
16868
16888
16947
16953
16961
16974
17041
17054
17062
17078
17166
17182
17244
17259
17264
17273
17280
17365
17372
17413
17419
17440
17447
17456
17472
17493
17533
17587
17639
17667
17672
17674
17686
17704
17752
17805
17849
17861
17886
17898
17900
17902
17919
17953
17961
17998
18001
18039
18062
18068
18078
18109
18126
18147
18157
18184
18186
18204
18213
18243
18247
18249
18269
18275
18307
18367
18377
18412
18422
18425
18433
18436
18471
18491
18507
18510
18565
18575
18663
18733
18775
18789
18831
18860
18862
18871
18901
18908
18923
18952
18970
18981
18991
19018
19034
19084
19094
19101
19107
19241
19292
19306
19335
19358
19404
19427
19429
19433
19443
19457
19579
19587
19614
19622
19681
19684
19737
19769
19786
19849
19870
19874
19891
19909
19919
19925
19934
19978
19988
20013
20039
20040
20055
20068
20086
20122
20135
20149
20159
20226
20244
20325
20371
20381
20405
20417
20423
20459
20484
20489
20508
20531
20558
20562
20564
20576
20581
20605
20656
20679
20708
20755
20758
20765
20784
20785
20823
20867
20982
21005
21022
21043
21058
21078
21079
21088
21109
21113
21160
21245
21276
21279
21317
21318
21375
21385
21429
21457
21469
21471
21478
21493
21504
21529
21539
21560
21570
21574
21609
21615
21623
21637
21658
21689
21698
21703
21710
21720
21760
21768
21770
21796
21825
21836
21862
21901
21910
21933
21944
22003
22018
22021
22022
22039
22052
22060
22065
22091
22111
22132
22141
22201
22239
22248
22249
22265
22285
22287
22303
22326
22346
22358
22362
22395
22403
22411
22435
22444
22463
22498
22512
22536
22541
22558
22582
22624
22664
22678
22704
22729
22741
22816
22913
22922
22986
22992
23025
23091
23112
23159
23161
23187
23193
23227
23235
23307
23342
23407
23472
23534
23582
23588
23601
23602
23608
23616
23692
23741
23770
23792
23883
23898
23914
23917
23991
23995
24106
24113
24144
24183
24213
24241
24295
24303
24313
24356
24368
24382
24385
24399
24414
24436
24464
24486
24527
24537
24577
24583
24604
24634
24637
24652
24658
24665
24700
24713
24765
24789
24827
24844
24865
24889
24897
24902
24910
24943
24946
24952
24966
24988
25035
25087
25136
25156
25166
25167
25185
25192
25211
25261
25310
25326
25373
25414
25420
25435
25451
25515
25560
25593
25594
25646
25692
25712
25716
25722
25732
25741
25806
25845
25865
25911
26001
26019
26054
26139
26145
26164
26266
26317
26349
26385
26409
26450
26458
26503
26519
26524
26626
26693
26766
26787
26840
26845
26902
26935
26956
26964
26966
27035
27055
27079
27098
27099
27127
27132
27203
27205
27267
27268
27291
27328
27359
27371
27372
27406
27408
27419
27449
27522
27527
27551
27565
27595
27614
27632
27634
27667
27690
27699
27717
27767
27769
27771
27786
27800
27819
27856
27880
27945
27974
27985
28010
28023
28029
28079
28084
28149
28156
28163
28174
28176
28190
28219
28272
28302
28324
28420
28471
28472
28486
28490
28505
28540
28581
28582
28609
28625
28629
28630
28640
28648
28693
28699
28709
28720
28728
28732
28747
28767
28770
28819
28875
28903
28913
28959
28964
28972
28991
29002
29005
29007
29116
29144
29146
29197
29282
29322
29380
29400
29412
29427
29435
29463
29465
29505
29510
29528
29539
29548
29557
29587
29604
29628
29668
29694
29707
29715
29734
29769
29771
29780
29782
29820
29837
29933
29934
29963
29998
29999
30010
30056
30105
30136
30154
30210
30309
30310
30315
30367
30388
30389
30399
30419
30441
30466
30486
30520
30544
30569
30572
30575
30583
30595
30653
30688
30722
30775
30782
30812
30815
30818
30824
30839
30853
30881
30887
30898
30913
30959
30965
30971
31008
31049
31056
31068
31103
31118
31141
31180
31218
31227
31229
31250
31276
31300
31326
31339
31379
31440
31463
31539
31549
31566
31567
31603
31623
31625
31637
31640
31723
31758
31770
31784
31858
31945
31995
32040
32051
32061
32071
32105
32110
32136
32145
32150
32160
32164
32171
32204
32236
32275
32299
32307
32314
32338
32374
32403
32411
32424
32432
32446
32452
32463
32484
32486
32505
32510
32527
32542
32580
32662
32690
32696
32719
32739
32743
32751
32805
32827
32839
32871
32878
32952
32953
32957
32979
33019
33024
33031
33042
33050
33055
33061
33109
33124
33132
33137
33179
33184
33238
33241
33245
33256
33313
33322
33351
33366
33367
33371
33414
33420
33483
33503
33519
33530
33536
33548
33596
33599
33626
33634
33660
33716
33772
33818
33819
33873
33875
33894
33895
33921
33944
33946
33961
33972
33980
34021
34062
34079
34119
34160
34161
34177
34185
34222
34223
34244
34270
34284
34286
34336
34340
34362
34379
34382
34401
34492
34591
34617
34642
34696
34711
34729
34740
34771
34813
34892
34903
34931
34999
35007
35015
35025
35033
35068
35095
35111
35114
35144
35170
35180
35194
35203
35205
35233
35275
35277
35282
35343
35356
35404
35438
35492
35503
35508
35526
35529
35573
35584
35586
35601
35602
35677
35692
35763
35768
35776
35787
35794
35801
35825
35835
35875
35886
35897
35909
35921
35956
35982
35990
35994
36001
36010
36040
36132
36166
36180
36191
36207
36219
36231
36294
36317
36328
36355
36359
36378
36388
36400
36418
36423
36443
36515
36569
36590
36601
36685
36701
36714
36726
36729
36740
36764
36773
36814
36861
36884
36898
36905
36922
36926
36958
36960
37008
37032
37044
37046
37076
37084
37091
37103
37144
37192
37194
37196
37200
37327
37349
37350
37389
37403
37471
37472
37479
37492
37493
37511
37528
37531
37541
37548
37576
37578
37601
37617
37668
37706
37720
37742
37772
37802
37809
37831
37901
37946
37973
37979
37987
38042
38059
38060
38086
38101
38129
38142
38150
38152
38163
38166
38178
38237
38256
38267
38293
38359
38376
38385
38387
38441
38480
38484
38490
38525
38576
38586
38661
38693
38722
38751
38759
38775
38781
38827
38864
38903
38926
38942
38957
38972
39010
39030
39087
39158
39171
39181
39252
39399
39429
39431
39463
39477
39524
39525
39526
39532
39563
39597
39605
39658
39698
39706
39740
39777
39814
39827
39844
39866
39889
39936
39967
39974
40013
40076
40080
40117
40169
40193
40215
40222
40250
40325
40329
40341
40411
40438
40461
40481
40491
40494
40508
40596
40632
40651
40652
40654
40660
40663
40667
40730
40763
40777
40782
40805
40815
40818
40819
40823
40883
40916
40919
40979
40986
41024
41056
41070
41076
41082
41090
41103
41147
41173
41177
41214
41221
41248
41255
41335
41364
41369
41375
41385
41399
41417
41493
41507
41522
41559
41564
41572
41631
41648
41676
41682
41688
41796
41844
41849
41875
41908
41916
41961
42058
42068
42106
42127
42174
42220
42231
42244
42284
42299
42316
42329
42333
42352
42354
42369
42375
42386
42399
42418
42440
42451
42506
42529
42577
42583
42629
42634
42680
42699
42708
42726
42745
42756
42761
42884
42922
42927
42930
42951
42966
42972
42989
43005
43013
43034
43086
43114
43120
43124
43128
43134
43139
43141
43177
43194
43202
43262
43289
43336
43431
43437
43451
43456
43504
43541
43550
43570
43578
43582
43594
43632
43687
43692
43702
43714
43726
43846
43887
43917
43920
43936
43960
43994
44023
44074
44090
44151
44156
44169
44182
44185
44208
44238
44314
44315
44353
44371
44400
44430
44455
44477
44485
44493
44544
44564
44575
44592
44593
44610
44615
44686
44707
44722
44730
44731
44819
44879
45009
45030
45082
45155
45157
45328
45332
45411
45412
45449
45522
45523
45562
45564
45598
45609
45642
45654
45674
45688
45721
45733
45787
45806
45814
45839
45854
45865
45881
45943
45984
45987
46002
46016
46062
46083
46128
46133
46138
46141
46163
46177
46182
46317
46370
46396
46415
46419
46435
46440
46441
46471
46474
46519
46523
46529
46564
46572
46588
46618
46629
46631
46635
46670
46680
46698
46700
46702
46764
46848
46941
46943
46970
47041
47051
47119
47127
47129
47155
47246
47252
47264
47269
47303
47328
47386
47390
47447
47458
47460
47528
47532
47570
47576
47592
47711
47771
47805
47893
47909
47950
47972
47984
48050
48077
48078
48112
48132
48167
48225
48244
48299
48320
48348
48382
48404
48421
48427
48442
48447
48511
48520
48524
48528
48540
48542
48569
48576
48654
48658
48679
48682
48707
48711
48716
48776
48785
48803
48828
48831
48832
48901
48905
48927
48963
48980
48981
49006
49090
49137
49175
49202
49273
49307
49316
49338
49416
49418
49429
49459
49489
49506
49519
49549
49606
49620
49648
49649
49672
49679
49690
49706
49772
49775
49884
49885
49943
49987
