84
86
95
114
159
171
180
211
225
228
236
379
419
454
579
608
626
630
643
683
685
695
761
762
792
810
823
848
867
902
913
930
979
1001
1003
1005
1064
1092
1117
1178
1217
1239
1269
1375
1386
1398
1415
1422
1443
1472
1477
1484
1490
1494
1508
1538
1540
1550
1570
1617
1637
1638
1657
1671
1676
1686
1779
1791
1794
1830
1831
1832
1855
1897
1903
1913
1916
1917
1925
1997
2015
2105
2116
2131
2167
2173
2188
2209
2291
2301
2311
2330
2333
2387
2400
2442
2456
2564
2568
2626
2661
2671
2674
2691
2700
2702
2813
2854
2887
2914
2919
2947
2952
3071
3091
3103
3122
3156
3177
3184
3185
3194
3215
3232
3255
3308
3309
3335
3345
3355
3374
3385
3399
3440
3497
3505
3514
3553
3555
3556
3607
3611
3642
3692
3715
3789
3797
3804
3880
3915
3962
3965
3987
4005
4072
4074
4076
4087
4152
4190
4222
4225
4253
4267
4283
4288
4312
4338
4348
4369
4376
4393
4405
4446
4451
4466
4514
4582
4598
4643
4647
4654
4661
4680
4695
4702
4724
4775
4793
4817
4869
4889
4920
4944
4962
5021
5045
5061
5070
5073
5151
5157
5164
5186
5195
5218
5222
5234
5240
5262
5281
5388
5427
5439
5452
5484
5486
5514
5515
5522
5579
5621
5625
5653
5656
5675
5692
5749
5800
5838
5871
5929
5963
5996
6007
6008
6015
6093
6121
6126
6162
6166
6171
6181
6293
6317
6356
6373
6401
6468
6474
6528
6539
6540
6586
6589
6646
6674
6770
6804
6811
6909
6952
6961
6962
6991
7071
7074
7122
7169
7179
7187
7211
7220
7235
7253
7263
7269
7284
7309
7326
7341
7370
7372
7389
7408
7419
7421
7454
7462
7510
7582
7599
7639
7654
7681
7682
7696
7769
7777
7791
7813
7831
7847
7850
7872
7873
7909
7913
7994
8001
8022
8052
8160
8169
8175
8186
8190
8215
8219
8238
8240
8263
8288
8302
8395
8404
8444
8460
8461
8486
8495
8557
8630
8636
8652
8679
8716
8799
8912
8929
8991
8993
9003
9004
9008
9046
9129
9132
9207
9208
9211
9212
9268
9278
9293
9308
9365
9387
9420
9545
9555
9599
9658
9666
9695
9697
9722
9775
9816
9847
9852
9889
9948
9965
9974
9994
9997
10026
10072
10086
10130
10141
10151
10163
10201
10203
10210
10255
10281
10333
10335
10349
10356
10366
10368
10419
10490
10544
10553
10565
10568
10672
10682
10708
10735
10741
10811
10815
10824
10879
10886
10905
10936
10967
10974
11009
11032
11037
11122
11131
11143
11157
11171
11179
11222
11247
11291
11293
11299
11301
11346
11362
11496
11499
11525
11540
11563
11581
11624
11636
11686
11691
11694
11698
11702
11726
11730
11758
11779
11785
11793
11823
11832
11838
11839
11859
11860
11902
11930
11932
11940
11968
11978
12008
12054
12085
12091
12102
12160
12165
12177
12209
12242
12244
12308
12313
12318
12370
12399
12407
12429
12440
12495
12513
12518
12520
12547
12556
12683
12721
12734
12753
12767
12778
12920
12926
12938
12960
13001
13004
13019
13067
13106
13118
13141
13142
13176
13189
13238
13242
13255
13317
13321
13332
13335
13408
13414
13416
13515
13529
13545
13546
13607
13627
13632
13678
13709
13792
13799
13802
13823
13839
13929
13960
13962
13977
14001
14009
14075
14228
14233
14248
14260
14316
14407
14409
14429
14453
14471
14489
14522
14572
14596
14692
14703
14704
14707
14729
14743
14803
14816
14833
14843
14856
14908
14934
14943
14974
15072
15098
15101
15106
15134
15161
15173
15205
15221
15242
15251
15259
15331
15369
15371
15417
15457
15579
15583
15686
15696
15733
15747
15763
15764
15787
15802
15823
15833
15873
15900
15928
15933
15949
15951
15961
15966
16003
16029
16052
16088
16091
16105
16132
16145
16154
16162
16187
16262
16281
16288
16289
16291
16307
16400
16410
16434
16443
16458
16469
16484
16547
16565
16586
16598
16669
16714
16860
16892
16898
16913
16966
16981
17060
17069
17074
17096
17125
17182
17230
17276
17284
17292
17353
17409
17415
17429
17441
17450
17462
17469
17503
17505
17526
17527
17529
17534
17535
17538
17547
17554
17555
17575
17584
17597
17624
17718
17721
17755
17769
17813
17824
17854
17895
17921
17982
18008
18050
18069
18076
18124
18145
18162
18179
18185
18201
18225
18238
18244
18289
18320
18340
18343
18357
18377
18385
18413
18424
18448
18451
18495
18499
18502
18513
18527
18624
18632
18658
18712
18717
18718
18738
18763
18784
18837
18914
18939
18986
18996
19017
19036
19049
19085
19092
19213
19214
19229
19252
19293
19306
19350
19372
19451
19475
19489
19495
19554
19600
19621
19684
19694
19728
19729
19751
19797
19832
19838
19854
19862
19865
19868
19924
19969
19982
20004
20026
20034
20035
20054
20068
20073
20092
20117
20119
20130
20149
20190
20214
20231
20241
20245
20294
20302
20326
20352
20366
20371
20411
20431
20462
20500
20552
20556
20583
20618
20641
20642
20659
20660
20677
20738
20766
20774
20779
20791
20832
20890
20905
20914
20991
20999
21009
21151
21154
21173
21194
21209
21250
21276
21283
21290
21318
21433
21451
21456
21471
21500
21562
21577
21584
21593
21618
21632
21648
21654
21737
21749
21775
21808
21819
21845
21874
21929
21932
21933
21951
21986
22034
22049
22054
22063
22088
22108
22129
22131
22157
22174
22175
22181
22185
22222
22228
22252
22257
22335
22346
22383
22452
22463
22467
22497
22521
22599
22611
22625
22640
22682
22686
22690
22709
22778
22787
22819
22832
22842
22860
22892
22920
22966
23005
23025
23026
23077
23180
23182
23194
23228
23230
23235
23259
23262
23268
23276
23346
23349
23352
23381
23398
23449
23453
23530
23563
23577
23677
23697
23701
23754
23765
23800
23803
23815
23858
23909
24029
24067
24121
24138
24143
24145
24154
24178
24222
24224
24227
24257
24312
24318
24327
24367
24372
24382
24409
24427
24458
24461
24468
24506
24539
24553
24557
24565
24575
24665
24668
24687
24688
24721
24737
24745
24746
24747
24773
24774
24794
24804
24833
24862
24871
24874
24893
24967
25021
25097
25106
25129
25158
25212
25248
25253
25268
25269
25337
25340
25349
25389
25457
25528
25536
25540
25583
25591
25623
25666
25675
25684
25687
25693
25715
25729
25748
25752
25775
25786
25811
25838
25854
25857
25858
25872
25901
25957
25963
25965
25980
25986
25988
26019
26022
26047
26051
26074
26076
26116
26149
26164
26169
26173
26217
26234
26272
26374
26384
26391
26421
26428
26449
26466
26479
26488
26533
26551
26571
26582
26592
26641
26643
26741
26755
26790
26838
26922
26950
26952
26986
26995
27009
27038
27051
27074
27111
27125
27140
27164
27176
27186
27199
27212
27244
27265
27286
27311
27358
27383
27408
27428
27429
27433
27446
27490
27491
27668
27712
27721
27735
27784
27793
27808
27866
27871
27880
27933
27968
27989
28004
28016
28050
28058
28097
28099
28122
28130
28143
28168
28187
28189
28204
28255
28258
28271
28360
28368
28383
28399
28488
28489
28527
28548
28554
28568
28659
28662
28671
28674
28683
28716
28725
28737
28776
28813
28815
28827
28846
28852
28897
28969
28989
29007
29012
29017
29052
29064
29075
29300
29317
29341
29374
29381
29399
29445
29498
29508
29534
29539
29585
29586
29619
29654
29658
29702
29703
29709
29727
29737
29750
29828
29832
29833
29858
29905
29925
29961
29962
29965
29969
29971
30082
30090
30092
30148
30206
30228
30229
30261
30300
30316
30432
30433
30448
30484
30497
30572
30575
30617
30661
30668
30699
30730
30757
30771
30776
30809
30863
30878
30923
30937
30939
30946
30954
30955
30983
30987
31004
31044
31052
31055
31069
31086
31188
31198
31262
31272
31290
31341
31400
31412
31472
31476
31517
31522
31554
31557
31595
31605
31627
31675
31727
31761
31799
31802
31816
31828
31838
31842
31857
31912
31916
31920
31923
31966
31967
31969
32025
32031
32049
32131
32244
32246
32254
32264
32277
32301
32312
32333
32341
32344
32416
32419
32436
32481
32511
32531
32532
32536
32548
32562
32578
32601
32704
32706
32714
32719
32727
32744
32753
32759
32879
32887
32909
32963
32999
33027
33029
33076
33077
33134
33169
33189
33198
33225
33263
33285
33300
33302
33322
33414
33420
33438
33455
33466
33500
33521
33538
33541
33596
33631
33649
33664
33690
33694
33695
33727
33761
33762
33779
33780
33783
33800
33806
33809
33816
33842
33850
33857
33867
33876
33919
33935
33937
33966
33985
33998
34102
34105
34204
34273
34301
34358
34425
34432
34497
34563
34615
34630
34647
34650
34663
34693
34704
34782
34866
34904
34909
34916
34926
34928
34932
34937
34967
34978
34982
34995
35007
35020
35027
35053
35102
35103
35126
35129
35153
35158
35184
35219
35230
35246
35286
35302
35311
35359
35386
35399
35462
35477
35482
35501
35517
35572
35605
35627
35654
35657
35665
35668
35686
35694
35712
35738
35756
35758
35789
35797
35800
35891
35913
35928
35952
35964
35977
35983
35991
35997
36018
36045
36079
36084
36099
36103
36112
36156
36185
36249
36320
36336
36374
36376
36400
36436
36454
36459
36516
36529
36547
36609
36630
36645
36647
36674
36724
36728
36763
36768
36785
36817
36841
36850
36867
36872
36889
36908
36973
37023
37024
37067
37085
37090
37146
37152
37171
37180
37214
37288
37301
37317
37405
37432
37439
37488
37497
37537
37576
37586
37645
37661
37727
37746
37800
37801
37807
37812
37827
37834
37843
37863
37929
37941
37954
37980
37989
37992
37998
38083
38115
38131
38141
38160
38173
38190
38192
38217
38277
38278
38317
38354
38378
38434
38443
38472
38511
38512
38519
38535
38565
38577
38585
38608
38645
38652
38660
38674
38700
38714
38743
38793
38803
38849
38859
38897
38960
39003
39006
39023
39033
39038
39054
39063
39066
39117
39144
39162
39191
39237
39325
39327
39384
39413
39433
39454
39464
39497
39499
39505
39554
39563
39571
39578
39611
39615
39625
39723
39731
39741
39762
39821
39822
39827
39835
39889
39911
39919
39940
39953
39966
40020
40030
40040
40074
40100
40118
40140
40167
40168
40208
40225
40230
40243
40281
40291
40325
40374
40375
40392
40414
40423
40455
40491
40495
40500
40608
40610
40698
40705
40722
40730
40740
40755
40778
40850
40873
40907
40916
40930
40942
40955
40974
40977
40979
41009
41013
41039
41093
41095
41113
41116
41146
41172
41196
41214
41219
41229
41230
41234
41272
41280
41284
41294
41309
41313
41318
41349
41367
41379
41384
41410
41414
41421
41437
41443
41457
41502
41555
41570
41576
41586
41606
41608
41614
41630
41645
41647
41651
41665
41687
41703
41727
41730
41734
41747
41748
41775
41779
41840
41851
41864
41917
41939
42009
42038
42082
42084
42170
42195
42196
42222
42227
42235
42263
42267
42305
42323
42338
42341
42345
42361
42399
42407
42408
42450
42472
42480
42482
42523
42539
42559
42576
42604
42611
42620
42638
42762
42823
42836
42838
42842
42862
42894
42969
42992
43077
43126
43133
43142
43173
43174
43189
43223
43231
43262
43354
43363
43409
43441
43444
43474
43481
43491
43551
43566
43582
43606
43630
43631
43654
43655
43667
43735
43759
43762
43795
43803
43857
43948
43971
43977
43992
44030
44047
44080
44082
44085
44154
44171
44202
44215
44304
44381
44399
44443
44519
44561
44577
44604
44605
44660
44682
44693
44707
44715
44719
44726
44752
44770
44850
44854
44877
44880
44995
45003
45045
45058
45112
45145
45150
45163
45180
45200
45204
45228
45243
45261
45262
45264
45291
45360
45401
45432
45445
45481
45565
45586
45663
45676
45687
45740
45757
45806
45834
45841
45885
45901
45925
45932
45952
45964
45976
45981
45989
46005
46022
46048
46050
46102
46108
46110
46128
46184
46196
46212
46218
46221
46235
46248
46369
46371
46382
46414
46463
46491
46492
46495
46521
46538
46555
46615
46617
46625
46630
46644
46645
46661
46700
46731
46736
46772
46773
46855
46936
46942
46956
47018
47035
47081
47085
47117
47124
47137
47140
47183
47212
47254
47292
47325
47326
47328
47335
47337
47360
47426
47435
47447
47474
47489
47547
47566
47572
47578
47591
47600
47623
47653
47659
47666
47672
47686
47717
47732
47765
47767
47786
47787
47791
47840
47845
47847
47856
47871
47922
47962
47974
48024
48030
48071
48115
48167
48177
48205
48209
48217
48226
48257
48264
48310
48362
48376
48401
48454
48531
48616
48626
48636
48668
48720
48748
48756
48821
48890
48949
48951
48966
48986
49016
49035
49039
49042
49103
49108
49120
49144
49145
49153
49170
49181
49196
49218
49239
49313
49353
49435
49493
49494
49500
49509
49514
49515
49519
49588
49602
49629
49635
49637
49667
49686
49697
49701
49778
49805
49807
49825
49942
49944
49951
49993
