8
25
59
63
97
99
101
108
148
170
172
173
243
244
246
295
350
359
366
392
412
440
456
495
519
533
538
544
559
589
618
668
679
698
714
738
828
841
879
882
894
906
925
930
934
951
987
989
998
1025
1039
1112
1116
1128
1140
1170
1179
1187
1202
1219
1255
1273
1283
1291
1342
1351
1360
1386
1414
1421
1477
1486
1497
1503
1509
1528
1555
1573
1593
1650
1798
1805
1808
1812
1814
1911
1950
1972
1979
2065
2103
2114
2121
2145
2157
2158
2217
2219
2270
2326
2339
2344
2365
2371
2397
2438
2512
2546
2570
2577
2579
2590
2593
2608
2609
2613
2629
2640
2666
2671
2676
2684
2696
2704
2714
2725
2773
2776
2928
2971
2982
3042
3076
3112
3140
3142
3143
3154
3165
3183
3184
3218
3236
3239
3307
3311
3316
3396
3399
3409
3426
3459
3497
3519
3548
3556
3614
3627
3630
3637
3663
3681
3711
3758
3769
3782
3805
3848
3870
3887
3898
3947
3975
4010
4017
4032
4042
4047
4073
4116
4127
4130
4159
4164
4166
4184
4190
4239
4319
4371
4445
4465
4477
4533
4553
4633
4636
4654
4663
4713
4720
4770
4774
4807
4808
4812
4831
4859
4867
4870
4898
4942
4990
5013
5016
5051
5076
5092
5096
5128
5140
5146
5150
5175
5218
5225
5263
5300
5367
5390
5407
5445
5448
5469
5473
5476
5482
5483
5546
5558
5584
5601
5645
5700
5711
5741
5829
5840
5853
5859
5868
5875
5900
5908
5962
5979
6007
6045
6048
6053
6080
6091
6094
6103
6108
6142
6184
6203
6208
6233
6239
6247
6293
6315
6325
6342
6343
6379
6389
6407
6422
6424
6435
6480
6481
6495
6531
6555
6591
6663
6734
6805
6853
6902
6904
6919
7024
7041
7083
7087
7119
7177
7242
7243
7278
7291
7355
7400
7409
7453
7457
7462
7530
7535
7537
7538
7548
7553
7593
7594
7650
7663
7664
7666
7672
7705
7713
7739
7748
7756
7761
7765
7768
7811
7868
7937
8053
8089
8090
8153
8215
8241
8244
8314
8318
8320
8333
8337
8356
8373
8414
8443
8466
8500
8584
8649
8664
8690
8713
8752
8829
8866
8877
8932
8959
9045
9072
9078
9086
9098
9152
9181
9204
9252
9295
9333
9346
9383
9390
9396
9399
9410
9443
9451
9459
9472
9534
9589
9594
9654
9811
9824
9832
9837
9847
9851
9930
9946
9953
9973
9976
9986
10003
10132
10142
10182
10185
10235
10285
10289
10304
10383
10386
10440
10474
10526
10553
10566
10615
10616
10630
10636
10649
10652
10659
10687
10763
10780
10792
10850
10900
10918
10956
10965
10966
10973
10993
10998
11021
11022
11061
11118
11132
11149
11162
11177
11200
11210
11232
11258
11271
11300
11309
11311
11328
11366
11389
11410
11424
11435
11483
11491
11499
11553
11592
11661
11667
11692
11719
11720
11824
11841
11855
11878
11996
12001
12007
12015
12027
12054
12071
12131
12141
12145
12173
12206
12258
12276
12320
12332
12339
12341
12371
12402
12415
12429
12446
12472
12490
12535
12552
12572
12590
12597
12599
12657
12666
12676
12715
12720
12733
12746
12778
12798
12830
12873
12904
12905
12927
13007
13022
13055
13059
13095
13114
13131
13140
13153
13203
13206
13219
13221
13225
13232
13267
13270
13272
13312
13321
13334
13358
13498
13511
13580
13595
13602
13616
13659
13692
13698
13719
13725
13761
13769
13772
13796
13803
13816
13908
13920
13947
13952
13963
13972
14003
14030
14072
14151
14158
14185
14213
14230
14282
14295
14297
14356
14376
14400
14419
14426
14439
14448
14478
14491
14496
14538
14563
14578
14606
14616
14620
14621
14637
14652
14660
14669
14684
14707
14719
14722
14754
14773
14781
14787
14789
14790
14821
14826
14828
14834
14839
14850
14853
14901
14909
14934
14945
14954
14958
14968
14988
14989
15000
15051
15083
15087
15102
15154
15160
15165
15182
15228
15233
15331
15374
15405
15412
15432
15446
15493
15502
15519
15542
15569
15575
15593
15602
15639
15688
15704
15805
15820
15893
15900
15925
15934
15942
15952
15966
15981
15993
16013
16020
16025
16028
16058
16060
16081
16246
16255
16256
16402
16408
16417
16441
16444
16464
16468
16561
16566
16584
16615
16629
16660
16706
16760
16777
16795
16820
16844
16865
16885
16897
16903
16936
16984
16987
16999
17000
17008
17010
17012
17016
17080
17097
17127
17176
17213
17216
17240
17263
17295
17351
17372
17406
17408
17465
17484
17487
17500
17512
17528
17562
17589
17650
17703
17716
17753
17782
17786
17804
17853
17869
17881
17899
17930
17967
18007
18027
18030
18052
18062
18067
18069
18138
18147
18156
18191
18205
18215
18245
18265
18297
18326
18338
18343
18355
18393
18425
18495
18500
18506
18520
18521
18547
18556
18564
18567
18583
18611
18642
18646
18678
18681
18721
18760
18824
18828
18847
18878
18938
18946
18976
18982
18983
18994
19039
19046
19059
19105
19108
19168
19178
19226
19255
19269
19297
19314
19340
19372
19383
19446
19462
19475
19526
19573
19596
19598
19601
19652
19654
19679
19682
19703
19741
19754
19761
19767
19796
19828
19829
19841
19887
19890
19910
20090
20091
20092
20115
20121
20173
20187
20223
20239
20246
20275
20290
20356
20366
20375
20394
20401
20409
20513
20522
20581
20622
20651
20656
20667
20695
20746
20763
20766
20796
20805
20838
20861
20887
20894
20897
20911
20918
20937
20982
21003
21061
21133
21149
21159
21204
21215
21265
21282
21288
21315
21316
21328
21412
21481
21534
21577
21585
21589
21596
21624
21645
21647
21651
21720
21749
21751
21779
21810
21823
21824
21846
21879
21884
21895
21957
21958
21985
22012
22014
22038
22058
22061
22062
22078
22120
22146
22147
22159
22192
22200
22223
22238
22256
22273
22274
22293
22298
22384
22439
22458
22485
22492
22512
22530
22542
22566
22573
22589
22607
22632
22643
22659
22669
22688
22698
22704
22726
22845
22879
22920
22952
22969
22981
23006
23024
23031
23066
23067
23095
23116
23121
23133
23158
23179
23235
23239
23251
23265
23299
23304
23307
23312
23335
23341
23348
23415
23426
23427
23439
23473
23487
23489
23530
23531
23559
23583
23589
23617
23645
23648
23651
23693
23729
23748
23768
23776
23808
23832
23870
23875
23903
23916
23918
23926
23927
23938
23961
23976
23981
24001
24077
24084
24105
24110
24131
24182
24202
24204
24240
24283
24318
24319
24328
24337
24364
24441
24445
24473
24516
24521
24531
24572
24579
24599
24607
24619
24637
24638
24679
24694
24699
24773
24775
24777
24805
24817
24820
24839
24845
24853
24920
24934
24970
25014
25064
25095
25101
25107
25133
25142
25168
25183
25198
25202
25205
25210
25232
25236
25264
25288
25320
25342
25373
25431
25437
25443
25447
25549
25552
25574
25602
25615
25726
25733
25742
25747
25757
25759
25818
25835
25836
25883
25906
25911
25967
25972
26010
26012
26025
26048
26055
26060
26065
26093
26135
26154
26159
26200
26205
26240
26271
26308
26312
26332
26408
26415
26518
26520
26536
26561
26597
26609
26622
26670
26719
26762
26817
26821
26910
26967
26968
27007
27022
27059
27061
27068
27103
27136
27182
27237
27287
27300
27321
27329
27358
27371
27396
27450
27461
27550
27576
27600
27653
27654
27670
27687
27693
27702
27720
27781
27784
27796
27802
27831
27832
27852
27854
27870
27887
27918
27930
28002
28014
28037
28044
28112
28123
28161
28226
28228
28236
28241
28255
28288
28315
28333
28411
28422
28475
28542
28570
28589
28590
28627
28685
28692
28704
28706
28781
28792
28882
28888
28902
28911
28919
28928
28940
28947
28948
28966
28970
29007
29028
29040
29050
29051
29052
29053
29060
29068
29108
29135
29202
29235
29280
29316
29319
29404
29407
29481
29489
29497
29511
29519
29586
29598
29620
29644
29659
29666
29711
29721
29747
29764
29847
29867
29917
29918
29931
29948
29951
29984
30010
30096
30099
30105
30140
30151
30166
30204
30268
30281
30285
30304
30374
30424
30430
30459
30471
30492
30511
30538
30582
30608
30619
30645
30792
30809
30812
30822
30827
30834
30841
30852
30857
30873
30880
30912
30963
30983
31008
31104
31180
31230
31238
31243
31302
31303
31311
31313
31317
31327
31346
31438
31473
31536
31576
31591
31601
31627
31630
31655
31671
31692
31715
31733
31788
31832
31846
31851
31911
31944
31967
31971
31975
32010
32069
32123
32135
32154
32174
32189
32198
32208
32231
32256
32281
32388
32412
32431
32498
32503
32518
32562
32627
32634
32664
32678
32679
32696
32745
32795
32819
32842
32874
32913
32930
32978
33047
33052
33054
33071
33092
33124
33154
33159
33169
33181
33204
33227
33243
33269
33288
33292
33313
33319
33324
33328
33330
33337
33359
33364
33417
33422
33483
33508
33517
33520
33558
33584
33599
33678
33683
33701
33726
33756
33790
33837
33838
33841
33847
33851
33867
33935
33985
33986
33987
34010
34023
34029
34037
34038
34072
34093
34115
34135
34150
34205
34218
34226
34263
34292
34306
34313
34340
34351
34370
34445
34449
34450
34530
34590
34654
34678
34687
34712
34743
34763
34787
34839
34845
34867
34894
34896
34903
34915
34925
34960
34964
35023
35025
35088
35102
35105
35140
35269
35275
35299
35310
35374
35401
35433
35440
35465
35472
35592
35594
35625
35644
35668
35712
35725
35737
35746
35747
35758
35769
35800
35867
35884
35925
35938
35948
35987
35989
36027
36038
36098
36157
36187
36260
36282
36318
36335
36339
36364
36365
36371
36453
36488
36530
36532
36535
36583
36628
36726
36738
36740
36751
36753
36781
36813
36845
36848
36869
36872
36877
36878
36884
36890
36898
36913
36954
36955
36971
36991
36998
37017
37077
37090
37115
37125
37146
37166
37239
37243
37256
37303
37305
37354
37370
37384
37434
37438
37449
37498
37570
37597
37658
37707
37716
37734
37784
37792
37815
37832
37846
37860
37876
37888
37906
37916
37919
37958
37990
38017
38068
38088
38105
38118
38126
38128
38199
38256
38265
38302
38347
38424
38437
38444
38455
38469
38498
38508
38521
38541
38558
38583
38626
38634
38641
38720
38761
38801
38814
38839
38854
38859
38871
38874
38886
38906
38993
39110
39119
39160
39171
39193
39206
39229
39240
39269
39333
39338
39343
39376
39382
39469
39482
39528
39530
39638
39656
39666
39733
39741
39744
39745
39758
39778
39828
39848
39853
39957
39964
40009
40013
40071
40073
40084
40093
40100
40120
40149
40201
40202
40226
40234
40252
40281
40325
40352
40380
40385
40409
40490
40494
40515
40518
40521
40528
40531
40544
40551
40573
40582
40591
40713
40725
40754
40800
40813
40822
40854
40864
40871
40925
40932
40942
40963
40970
40998
41012
41033
41046
41081
41123
41144
41198
41204
41269
41277
41278
41328
41332
41367
41371
41388
41397
41414
41440
41490
41541
41566
41573
41609
41621
41622
41625
41660
41776
41798
41820
41862
41926
41941
41946
42000
42013
42039
42230
42238
42244
42288
42354
42446
42480
42492
42521
42530
42549
42569
42602
42607
42665
42677
42683
42685
42697
42709
42728
42732
42785
42790
42825
42860
42873
42887
42907
42957
42970
42974
42983
42984
43001
43036
43049
43086
43105
43120
43125
43128
43198
43218
43318
43419
43453
43455
43535
43552
43620
43634
43790
43798
43808
43824
43854
43877
43880
43948
43980
43997
44002
44016
44028
44033
44044
44070
44075
44170
44223
44241
44261
44300
44317
44351
44398
44409
44414
44422
44428
44433
44437
44438
44467
44473
44517
44632
44680
44682
44683
44720
44736
44748
44762
44790
44848
44875
44922
44933
44951
45004
45035
45048
45079
45103
45117
45150
45200
45231
45232
45316
45330
45334
45487
45513
45530
45549
45586
45588
45617
45669
45691
45694
45705
45901
45982
46065
46086
46098
46102
46130
46164
46170
46171
46218
46259
46263
46277
46282
46303
46317
46326
46342
46357
46388
46421
46464
46467
46481
46498
46563
46580
46612
46615
46645
46689
46707
46734
46755
46757
46783
46794
46862
46893
46916
46938
46969
47079
47133
47162
47204
47206
47234
47319
47383
47406
47412
47421
47523
47540
47608
47619
47629
47652
47657
47666
47688
47711
47721
47784
47794
47806
47812
47833
47881
47882
47885
47917
47923
47946
47956
47965
47970
47975
47989
47991
47997
48013
48087
48104
48231
48237
48245
48269
48278
48296
48321
48339
48417
48425
48426
48446
48473
48478
48493
48519
48554
48602
48624
48636
48648
48669
48670
48679
48694
48722
48783
48800
48810
48844
48864
48913
48984
48991
49022
49041
49056
49067
49078
49084
49102
49143
49205
49243
49244
49296
49304
49338
49362
49366
49372
49385
49499
49500
49540
49576
49579
49693
49704
49712
49716
49743
49745
49759
49772
49818
49831
49856
49942
49949
49951
49995
50000
