30
49
58
125
147
158
176
188
206
245
262
291
342
349
378
433
445
505
557
564
575
592
607
740
844
952
961
979
982
1083
1141
1148
1153
1198
1274
1276
1321
1322
1323
1347
1402
1434
1439
1501
1510
1513
1514
1546
1554
1578
1585
1598
1599
1620
1647
1707
1727
1737
1768
1769
1785
1825
1887
1890
1894
1903
1930
1954
1955
1956
1962
2045
2059
2113
2143
2286
2307
2318
2328
2339
2347
2351
2360
2380
2390
2403
2405
2411
2415
2418
2424
2439
2462
2508
2546
2563
2581
2591
2622
2664
2714
2742
2752
2769
2788
2791
2808
2811
2823
2830
2864
2899
2903
2926
2970
3025
3085
3209
3215
3224
3271
3278
3286
3292
3312
3329
3332
3394
3399
3417
3502
3608
3617
3621
3628
3629
3664
3666
3721
3722
3731
3742
3780
3865
3891
3898
3972
3984
3992
4062
4100
4109
4134
4207
4245
4256
4297
4307
4415
4438
4439
4444
4449
4461
4472
4473
4487
4513
4564
4587
4607
4608
4612
4615
4623
4631
4656
4693
4728
4730
4734
4763
4774
4809
4819
4835
4898
4914
5007
5010
5107
5124
5125
5130
5136
5207
5230
5266
5313
5338
5357
5361
5390
5404
5449
5462
5472
5486
5547
5553
5563
5565
5589
5606
5644
5648
5654
5704
5758
5784
5855
5867
5872
5910
5924
5928
5938
5978
5984
6008
6034
6037
6050
6063
6069
6115
6163
6196
6216
6265
6280
6292
6295
6319
6325
6344
6356
6358
6391
6402
6412
6433
6459
6475
6488
6550
6581
6588
6638
6643
6644
6653
6661
6699
6706
6729
6768
6781
6819
6822
6827
6845
6864
6893
6929
6937
6940
6943
6967
6972
6973
6988
7002
7020
7044
7075
7098
7166
7172
7175
7187
7216
7217
7234
7244
7271
7321
7368
7393
7410
7437
7469
7543
7573
7668
7711
7722
7744
7764
7771
7780
7827
7846
7858
7872
7878
7887
7957
7964
8018
8031
8050
8053
8054
8057
8065
8070
8078
8095
8144
8154
8168
8169
8183
8253
8263
8274
8286
8298
8311
8319
8445
8464
8528
8558
8569
8589
8600
8605
8639
8648
8651
8667
8697
8701
8717
8733
8756
8763
8917
8922
9047
9051
9145
9214
9221
9246
9265
9266
9275
9287
9296
9306
9338
9395
9403
9415
9455
9466
9494
9562
9584
9626
9663
9677
9703
9778
9817
9821
9880
9889
9909
9913
9944
9973
9989
10045
10052
10153
10198
10238
10261
10326
10337
10351
10392
10449
10475
10553
10599
10640
10654
10691
10693
10720
10743
10749
10773
10782
10785
10787
10808
10898
10979
10990
11009
11058
11061
11148
11155
11194
11260
11273
11274
11287
11295
11317
11327
11396
11407
11443
11460
11462
11469
11523
11528
11554
11568
11591
11618
11622
11642
11651
11724
11816
11820
11830
11831
11852
11856
11871
11887
11915
11928
11936
11957
11964
12006
12015
12038
12110
12126
12159
12160
12172
12186
12196
12241
12266
12287
12291
12304
12321
12331
12349
12359
12360
12380
12389
12433
12514
12583
12648
12694
12698
12717
12728
12807
12816
12828
12850
12861
12893
12905
12909
12960
12978
12979
12982
12983
13001
13008
13032
13042
13072
13084
13097
13159
13170
13190
13230
13259
13271
13287
13341
13349
13361
13383
13385
13397
13411
13450
13473
13477
13494
13495
13528
13585
13594
13605
13620
13630
13639
13640
13672
13685
13688
13709
13715
13737
13774
13808
13821
13836
13840
13852
13859
13878
13932
13964
13980
13982
13999
14010
14014
14053
14093
14108
14123
14173
14223
14261
14284
14295
14318
14371
14422
14455
14469
14482
14486
14507
14520
14522
14541
14561
14565
14571
14607
14689
14699
14715
14727
14763
14780
14839
14850
14873
14879
14883
14890
14938
14951
14969
14976
14979
14996
15031
15047
15107
15129
15211
15227
15351
15359
15361
15366
15375
15439
15441
15467
15477
15518
15536
15560
15622
15665
15667
15669
15714
15751
15765
15766
15782
15785
15787
15793
15818
15824
15825
15928
15999
16002
16026
16051
16061
16099
16115
16157
16192
16250
16251
16255
16319
16346
16377
16409
16417
16422
16463
16482
16508
16536
16546
16551
16594
16611
16622
16633
16654
16694
16712
16726
16729
16739
16795
16844
16851
16856
16868
16932
16970
16989
17023
17104
17161
17205
17220
17259
17267
17270
17295
17325
17359
17420
17485
17577
17604
17607
17608
17635
17714
17734
17736
17820
17858
17932
17944
17964
17974
18022
18037
18039
18042
18060
18084
18107
18108
18165
18196
18215
18249
18329
18345
18359
18374
18375
18412
18457
18486
18526
18536
18552
18559
18569
18570
18588
18593
18652
18664
18683
18729
18748
18752
18778
18804
18808
18812
18852
18888
18915
18922
18937
19011
19021
19045
19047
19109
19159
19175
19213
19230
19236
19256
19258
19259
19273
19298
19301
19349
19395
19407
19461
19478
19479
19495
19509
19531
19587
19630
19641
19659
19702
19742
19751
19761
19784
19817
19831
19877
19902
19921
19923
19931
19949
19961
20002
20007
20022
20062
20103
20104
20117
20121
20126
20133
20156
20202
20203
20212
20213
20226
20227
20231
20242
20353
20357
20380
20401
20447
20459
20536
20548
20597
20603
20700
20728
20729
20750
20757
20829
20880
20913
20957
20981
21043
21057
21060
21064
21095
21102
21105
21123
21149
21203
21208
21219
21287
21312
21407
21410
21415
21427
21433
21449
21457
21476
21481
21503
21513
21538
21646
21684
21703
21762
21778
21792
21794
21829
21846
21851
21864
21922
21929
21946
21957
21992
21997
22024
22027
22028
22047
22075
22080
22092
22103
22145
22178
22205
22213
22227
22241
22243
22245
22257
22308
22316
22367
22392
22401
22417
22457
22492
22498
22504
22611
22629
22691
22733
22766
22780
22783
22787
22851
22863
22864
22879
22896
22898
22959
22986
22987
22990
23080
23172
23187
23195
23240
23251
23259
23302
23315
23322
23337
23342
23347
23359
23389
23399
23410
23434
23446
23450
23492
23606
23624
23630
23676
23694
23707
23777
23826
23851
23959
23993
23998
24024
24026
24029
24073
24085
24096
24116
24139
24164
24178
24211
24274
24300
24302
24343
24373
24408
24411
24415
24420
24424
24427
24445
24462
24475
24522
24538
24542
24637
24651
24653
24686
24820
24832
24842
24865
24885
24893
24895
24899
24968
25011
25071
25082
25109
25142
25154
25182
25218
25235
25254
25274
25275
25288
25328
25365
25398
25485
25521
25536
25556
25574
25580
25605
25614
25664
25677
25681
25692
25698
25720
25724
25726
25729
25735
25762
25831
25834
25926
25943
25951
25966
25996
26050
26054
26090
26110
26112
26122
26172
26204
26212
26245
26275
26292
26295
26319
26355
26382
26383
26424
26429
26449
26467
26471
26557
26686
26698
26713
26732
26760
26797
26810
26840
26884
26910
26911
26915
26969
27003
27023
27032
27037
27062
27073
27111
27114
27177
27189
27194
27216
27241
27254
27256
27276
27298
27319
27340
27407
27426
27452
27470
27480
27491
27495
27512
27523
27538
27540
27588
27603
27650
27655
27671
27705
27725
27769
27816
27847
27862
27864
27871
27872
27899
27936
27955
27974
28001
28025
28049
28065
28106
28125
28146
28152
28185
28186
28235
28282
28336
28356
28368
28443
28459
28518
28550
28564
28590
28595
28655
28672
28736
28743
28746
28756
28769
28811
28871
28893
28896
28906
28937
28984
29005
29019
29052
29057
29067
29100
29115
29118
29123
29152
29155
29221
29222
29254
29281
29287
29315
29331
29380
29386
29436
29451
29503
29519
29545
29620
29709
29732
29758
29770
29783
29787
29857
29868
29885
29887
29916
29921
29929
29944
30007
30026
30027
30034
30086
30158
30187
30190
30222
30238
30275
30337
30388
30397
30440
30455
30470
30496
30595
30609
30660
30685
30724
30760
30774
30858
30876
30936
30949
30964
30974
30986
31054
31082
31085
31103
31123
31132
31216
31233
31240
31242
31268
31290
31296
31298
31343
31464
31482
31513
31518
31549
31551
31612
31622
31659
31703
31740
31741
31745
31754
31771
31780
31784
31810
31823
31878
31916
31927
31929
32029
32070
32136
32185
32259
32273
32355
32365
32393
32400
32404
32406
32432
32435
32447
32480
32523
32551
32579
32604
32628
32635
32648
32652
32655
32656
32704
32714
32726
32728
32779
32784
32827
32840
32846
32898
33027
33041
33071
33093
33182
33210
33258
33301
33321
33402
33455
33471
33496
33508
33571
33584
33594
33595
33618
33645
33660
33689
33691
33696
33772
33777
33780
33789
33792
33806
33815
33856
33889
33955
33962
33983
34000
34026
34040
34045
34059
34134
34230
34288
34300
34311
34324
34332
34337
34359
34360
34378
34403
34419
34424
34429
34435
34449
34490
34567
34569
34576
34586
34614
34617
34646
34676
34684
34691
34711
34723
34724
34754
34834
34860
34888
34890
34892
34911
34947
34948
34954
34960
34992
34998
35077
35125
35161
35215
35245
35254
35375
35397
35411
35432
35504
35509
35539
35563
35606
35652
35664
35675
35696
35738
35740
35757
35760
35767
35790
35817
35831
35841
35852
35893
35908
35930
35938
35958
36001
36047
36056
36117
36139
36147
36172
36189
36253
36258
36287
36299
36330
36333
36349
36399
36423
36428
36445
36454
36511
36531
36575
36632
36697
36729
36737
36748
36811
36816
36824
36859
36873
36900
36902
36912
36928
36978
36987
37005
37027
37028
37055
37056
37069
37085
37088
37112
37157
37160
37182
37197
37214
37228
37236
37249
37267
37307
37316
37375
37390
37394
37396
37412
37483
37484
37495
37529
37531
37585
37586
37592
37611
37665
37698
37731
37739
37741
37751
37764
37813
37852
37884
37910
37957
37965
38019
38040
38097
38107
38118
38148
38151
38205
38217
38269
38284
38292
38319
38396
38410
38438
38451
38471
38482
38554
38559
38573
38615
38623
38624
38631
38656
38657
38679
38770
38771
38777
38791
38818
38840
38864
38942
38972
38974
39030
39116
39137
39141
39145
39213
39217
39237
39243
39246
39257
39295
39343
39345
39356
39358
39383
39401
39412
39466
39473
39493
39494
39506
39513
39522
39548
39596
39624
39641
39720
39722
39755
39776
39777
39793
39794
39831
39835
39839
39860
39888
39995
40033
40071
40083
40085
40106
40162
40169
40188
40189
40218
40236
40248
40264
40281
40350
40405
40406
40407
40417
40433
40439
40458
40476
40490
40520
40569
40575
40576
40597
40613
40634
40669
40688
40721
40775
40806
40829
40837
40934
40957
40961
41020
41024
41053
41073
41116
41193
41309
41323
41347
41348
41363
41368
41376
41398
41403
41429
41485
41520
41530
41572
41576
41585
41662
41689
41731
41742
41762
41767
41788
41792
41847
41859
41887
41898
41906
41974
41980
41992
42016
42085
42106
42238
42251
42255
42266
42269
42300
42325
42331
42350
42380
42394
42430
42433
42490
42506
42519
42522
42550
42612
42619
42663
42679
42727
42737
42750
42753
42767
42790
42802
42845
42892
42938
42980
43037
43055
43056
43078
43109
43111
43124
43125
43228
43260
43281
43284
43311
43365
43367
43516
43563
43600
43603
43659
43667
43676
43682
43702
43741
43747
43758
43760
43767
43793
43797
43856
43914
43922
43943
43960
43964
43980
44002
44041
44066
44081
44086
44107
44110
44125
44131
44134
44157
44160
44167
44176
44186
44198
44212
44214
44225
44231
44241
44249
44330
44361
44377
44387
44394
44476
44480
44493
44510
44523
44533
44540
44551
44556
44568
44586
44593
44612
44613
44620
44622
44623
44626
44629
44631
44635
44670
44671
44711
44798
44817
44820
44894
44907
44942
44960
44999
45008
45027
45043
45063
45123
45184
45213
45231
45233
45234
45242
45245
45265
45368
45378
45478
45489
45493
45496
45506
45514
45556
45600
45639
45652
45717
45830
45855
45859
45894
45955
45957
45958
45973
45992
46009
46028
46051
46064
46090
46095
46117
46146
46158
46159
46169
46180
46216
46235
46312
46319
46354
46459
46466
46470
46477
46496
46544
46566
46601
46650
46654
46675
46690
46705
46815
46868
46870
46900
46901
46905
46956
46973
47006
47031
47034
47074
47092
47113
47158
47166
47277
47315
47350
47397
47404
47480
47495
47504
47524
47530
47533
47537
47538
47559
47600
47617
47634
47702
47791
47805
47905
47913
47916
47956
47958
47982
47995
48018
48042
48044
48057
48091
48112
48143
48148
48149
48181
48200
48204
48205
48232
48233
48247
48280
48322
48364
48385
48413
48423
48516
48562
48609
48647
48691
48695
48703
48723
48769
48781
48807
48891
48899
48923
48925
48930
48946
48950
48964
48965
49003
49018
49036
49050
49064
49071
49101
49112
49114
49141
49145
49153
49180
49186
49194
49205
49240
49302
49352
49355
49406
49411
49414
49439
49463
49471
49552
49563
49580
49635
49652
49669
49707
49770
49787
49808
49846
49863
49876
49880
49906
49925
49936
49946
49956
49976
