9
37
65
103
150
168
171
207
229
240
256
299
316
350
382
412
430
448
478
503
510
523
550
569
571
576
588
602
632
638
668
688
700
764
767
770
782
787
793
842
864
868
876
892
899
925
952
959
1064
1077
1110
1159
1169
1208
1210
1216
1224
1247
1303
1315
1324
1338
1363
1385
1482
1494
1525
1553
1653
1665
1683
1686
1717
1727
1737
1742
1775
1781
1798
1808
1811
1837
1842
1868
1912
1927
1954
1955
1990
2043
2103
2106
2116
2128
2144
2168
2229
2230
2236
2252
2278
2318
2329
2343
2399
2422
2455
2482
2507
2516
2548
2572
2574
2595
2610
2616
2634
2718
2728
2788
2802
2848
2855
2876
2967
2984
2993
3020
3057
3073
3075
3082
3141
3194
3227
3270
3300
3316
3362
3446
3448
3460
3471
3484
3499
3545
3648
3650
3675
3690
3769
3789
3807
3843
3864
3895
3904
3935
3985
4019
4053
4060
4081
4110
4140
4152
4188
4228
4229
4265
4296
4338
4352
4359
4361
4380
4386
4417
4448
4507
4539
4559
4565
4590
4638
4649
4668
4671
4676
4687
4700
4713
4781
4784
4797
4810
4832
4844
4863
4959
4979
5006
5017
5077
5081
5093
5126
5141
5142
5158
5234
5253
5258
5267
5278
5283
5319
5327
5328
5353
5445
5464
5484
5518
5529
5530
5533
5541
5551
5555
5577
5585
5628
5696
5702
5736
5766
5837
5893
5920
5929
5954
5956
5988
6022
6042
6082
6086
6111
6118
6122
6144
6149
6155
6223
6244
6247
6256
6265
6280
6353
6389
6411
6468
6574
6577
6643
6661
6681
6720
6730
6741
6761
6767
6785
6788
6819
6834
6865
6870
6910
6944
6951
6979
6985
6996
7026
7049
7050
7060
7064
7066
7068
7122
7168
7224
7233
7243
7262
7268
7301
7303
7317
7340
7407
7423
7435
7461
7474
7479
7483
7489
7524
7532
7535
7547
7560
7590
7593
7604
7651
7702
7727
7736
7753
7779
7797
7808
7820
7828
7830
7836
7849
7856
7873
7900
7925
7926
7984
8091
8185
8203
8213
8227
8257
8274
8281
8352
8367
8376
8423
8519
8537
8572
8628
8639
8653
8654
8695
8711
8716
8807
8834
8842
8859
9012
9068
9084
9114
9130
9173
9240
9259
9297
9309
9338
9364
9394
9430
9457
9462
9464
9475
9488
9498
9518
9525
9531
9600
9612
9613
9615
9637
9641
9651
9713
9734
9742
9743
9750
9787
9793
9835
9870
9882
9924
9947
9979
9995
10009
10017
10054
10081
10092
10145
10201
10262
10311
10360
10386
10388
10481
10513
10518
10571
10621
10649
10743
10768
10769
10772
10807
10826
10851
10866
10871
10904
10906
10922
10930
10938
11025
11048
11123
11186
11222
11228
11236
11271
11279
11311
11338
11365
11368
11380
11399
11401
11435
11455
11473
11506
11601
11625
11632
11644
11647
11724
11835
11858
11896
11905
11914
11940
11956
12001
12003
12016
12042
12046
12054
12067
12096
12117
12150
12175
12182
12190
12207
12263
12279
12354
12360
12370
12383
12441
12452
12478
12480
12506
12507
12527
12556
12590
12656
12660
12706
12816
12831
12845
12853
12860
12876
12896
12972
12998
13022
13036
13057
13062
13064
13097
13098
13146
13156
13192
13202
13225
13227
13240
13255
13265
13296
13300
13304
13312
13347
13350
13352
13379
13392
13452
13477
13530
13571
13580
13613
13618
13636
13638
13731
13746
13817
13852
13920
13932
13935
13938
13940
13993
14004
14010
14029
14035
14063
14073
14112
14210
14230
14292
14319
14324
14371
14383
14397
14418
14440
14465
14467
14480
14481
14485
14520
14570
14596
14604
14611
14621
14659
14693
14707
14722
14726
14740
14749
14771
14817
14864
14889
14891
14939
15012
15049
15067
15095
15104
15108
15115
15130
15135
15203
15232
15239
15298
15335
15336
15380
15390
15411
15456
15487
15492
15508
15570
15575
15576
15629
15637
15662
15704
15742
15756
15837
15853
15892
15970
15985
16015
16075
16102
16110
16117
16129
16136
16168
16201
16202
16236
16266
16311
16322
16343
16368
16373
16390
16397
16401
16418
16442
16467
16476
16482
16498
16502
16553
16560
16587
16598
16615
16639
16652
16676
16710
16810
16846
16858
16868
16872
16879
16883
16926
16955
16967
17027
17035
17057
17072
17089
17110
17114
17127
17128
17210
17261
17263
17291
17300
17309
17360
17372
17477
17479
17600
17614
17659
17660
17703
17725
17762
17788
17813
17875
17969
17972
18024
18034
18068
18079
18113
18205
18212
18228
18248
18266
18271
18290
18297
18310
18337
18338
18346
18419
18432
18461
18504
18522
18550
18555
18564
18615
18690
18708
18741
18786
18788
18837
18861
18928
18946
18971
19024
19026
19047
19070
19095
19154
19170
19227
19256
19263
19267
19276
19297
19310
19318
19346
19357
19380
19405
19421
19451
19458
19473
19492
19498
19511
19534
19560
19575
19585
19590
19592
19654
19659
19660
19673
19739
19768
19772
19776
19831
19834
19858
19872
19881
19885
19913
19987
19990
19992
19995
20012
20029
20070
20088
20143
20179
20193
20197
20227
20244
20245
20265
20282
20319
20350
20356
20380
20389
20413
20414
20417
20427
20463
20474
20495
20555
20610
20633
20646
20659
20715
20739
20741
20742
20782
20786
20813
20840
20912
20926
20966
20991
21016
21023
21031
21071
21072
21101
21114
21124
21152
21156
21180
21188
21205
21229
21277
21284
21301
21329
21378
21391
21416
21470
21501
21511
21561
21574
21582
21585
21594
21650
21656
21680
21727
21755
21788
21808
21828
21841
21853
21868
21910
21929
21935
21943
21946
21950
22042
22062
22066
22149
22155
22161
22181
22183
22197
22285
22308
22347
22357
22392
22395
22411
22421
22429
22505
22506
22518
22528
22606
22607
22657
22695
22696
22720
22743
22817
22860
22890
22897
22907
22912
22937
22981
23002
23012
23028
23047
23049
23064
23070
23122
23139
23153
23264
23293
23311
23369
23376
23384
23426
23476
23484
23485
23494
23520
23523
23572
23617
23624
23663
23671
23672
23682
23716
23734
23786
23798
23806
23833
23860
23861
23915
23917
23937
23939
23948
23950
23955
23998
24089
24111
24140
24166
24175
24233
24240
24264
24265
24331
24395
24405
24436
24458
24466
24509
24515
24552
24579
24613
24614
24624
24687
24693
24696
24747
24769
24824
24894
24950
24989
24994
24998
25030
25063
25085
25122
25144
25157
25186
25190
25239
25323
25350
25356
25357
25403
25410
25436
25448
25457
25479
25480
25634
25639
25651
25658
25667
25675
25700
25723
25788
25794
25812
25839
25883
25898
25914
25938
25954
25976
25988
25999
26000
26030
26058
26075
26081
26084
26098
26178
26179
26180
26188
26207
26233
26284
26400
26411
26416
26462
26473
26629
26646
26682
26693
26703
26709
26729
26741
26758
26772
26793
26852
26868
26890
26946
26984
26991
27002
27079
27097
27113
27131
27171
27184
27241
27267
27303
27333
27361
27371
27377
27404
27429
27499
27509
27516
27559
27563
27568
27578
27610
27614
27684
27716
27762
27768
27850
27860
27886
27899
27905
27920
27925
27957
27971
28019
28061
28063
28085
28092
28181
28183
28240
28252
28280
28282
28298
28326
28394
28398
28405
28436
28463
28487
28532
28555
28564
28600
28609
28645
28658
28701
28703
28733
28746
28747
28772
28784
28788
28801
28804
28833
28837
28851
28861
28879
28899
28918
28920
28924
28957
28988
28992
29003
29007
29024
29140
29156
29186
29187
29206
29215
29229
29234
29256
29276
29303
29309
29355
29421
29429
29440
29480
29484
29517
29560
29561
29566
29597
29599
29612
29615
29640
29643
29681
29808
29850
29856
29877
29910
29941
29949
29991
30000
30002
30029
30056
30065
30066
30083
30119
30127
30219
30221
30238
30245
30247
30254
30258
30325
30338
30359
30411
30487
30497
30516
30536
30601
30605
30609
30611
30613
30639
30669
30746
30747
30762
30771
30806
30810
30836
30850
30854
30878
30898
30907
30910
30916
30922
30956
30991
31002
31050
31060
31078
31105
31161
31168
31186
31215
31224
31233
31251
31305
31323
31336
31393
31404
31414
31422
31428
31453
31539
31559
31585
31682
31714
31728
31745
31788
31792
31813
31877
31890
31935
31939
31995
32009
32022
32033
32038
32075
32108
32111
32135
32173
32180
32224
32305
32388
32396
32401
32408
32445
32458
32492
32514
32530
32555
32619
32633
32644
32666
32667
32678
32717
32738
32799
32808
32845
32871
32893
32920
32956
32957
32971
32975
33062
33085
33092
33115
33116
33127
33173
33174
33179
33201
33209
33266
33268
33281
33362
33513
33608
33641
33673
33754
33774
33806
33834
33838
33858
33893
33933
33962
33991
34059
34065
34125
34126
34136
34138
34208
34210
34226
34227
34240
34247
34253
34282
34287
34288
34325
34392
34458
34481
34561
34568
34574
34576
34596
34619
34654
34665
34691
34693
34737
34740
34751
34764
34806
34835
34888
34950
34976
34982
34995
35001
35013
35073
35084
35092
35151
35166
35182
35184
35185
35190
35232
35275
35316
35332
35362
35388
35422
35430
35437
35465
35466
35477
35493
35539
35544
35562
35567
35614
35638
35664
35719
35751
35752
35771
35786
35799
35814
35866
35961
35970
35981
36001
36070
36079
36087
36098
36208
36234
36239
36264
36301
36311
36360
36387
36389
36404
36444
36445
36460
36463
36527
36577
36596
36622
36643
36675
36691
36694
36708
36717
36720
36734
36773
36781
36801
36872
36902
36934
36940
36961
36969
36975
37001
37003
37007
37046
37083
37084
37101
37135
37138
37142
37166
37176
37206
37211
37221
37291
37302
37337
37338
37354
37401
37414
37424
37440
37520
37559
37576
37578
37673
37715
37773
37800
37818
37840
37899
37938
37944
37959
38003
38015
38018
38035
38040
38056
38127
38194
38231
38270
38304
38311
38314
38323
38326
38370
38372
38415
38428
38438
38442
38476
38477
38499
38528
38535
38543
38581
38646
38690
38701
38718
38732
38754
38803
38837
38871
38885
38929
38985
39037
39061
39079
39091
39098
39116
39135
39148
39234
39277
39303
39308
39359
39376
39433
39439
39515
39631
39681
39685
39699
39715
39725
39791
39845
39853
39855
39897
39925
39936
39947
39981
40009
40063
40065
40094
40118
40139
40142
40152
40192
40208
40212
40213
40216
40238
40255
40279
40294
40406
40407
40445
40455
40457
40478
40498
40499
40539
40581
40608
40717
40752
40770
40808
40837
40897
40916
40962
40970
41009
41023
41086
41097
41136
41193
41297
41313
41319
41322
41348
41391
41424
41436
41461
41464
41483
41493
41511
41512
41586
41597
41610
41640
41647
41658
41705
41713
41726
41758
41781
41791
41812
41813
41876
41914
41985
42000
42014
42040
42126
42130
42162
42165
42170
42184
42193
42198
42220
42236
42246
42275
42283
42288
42348
42353
42364
42400
42410
42458
42462
42463
42479
42501
42514
42563
42607
42618
42682
42714
42728
42757
42816
42825
42828
42853
42869
42909
42958
42959
42961
42982
43033
43041
43054
43063
43086
43108
43116
43139
43140
43160
43165
43192
43242
43247
43249
43273
43283
43342
43356
43388
43469
43494
43502
43560
43612
43628
43671
43687
43707
43731
43775
43782
43825
43864
43866
43898
43924
43926
43986
44063
44077
44093
44103
44107
44158
44172
44186
44193
44208
44281
44288
44318
44368
44373
44408
44416
44494
44583
44584
44590
44603
44632
44637
44648
44683
44722
44730
44781
44790
44805
44837
44849
44868
44888
44920
44930
44940
44962
44963
45053
45061
45065
45125
45146
45149
45166
45184
45231
45235
45247
45250
45257
45270
45275
45362
45383
45392
45461
45481
45491
45536
45558
45564
45570
45571
45595
45599
45600
45643
45730
45740
45741
45756
45770
45818
45861
45867
45870
45904
45925
45929
45957
45991
45998
46018
46021
46169
46214
46216
46221
46273
46276
46329
46353
46357
46362
46370
46373
46375
46385
46409
46414
46422
46480
46481
46504
46531
46564
46570
46571
46590
46610
46661
46674
46685
46696
46716
46753
46770
46815
46830
46879
46917
46930
46972
47017
47028
47068
47148
47213
47221
47278
47280
47292
47304
47317
47323
47341
47344
47352
47360
47362
47441
47535
47571
47600
47611
47627
47644
47692
47776
47859
47873
47888
47954
47991
48008
48016
48030
48053
48080
48107
48117
48120
48147
48188
48205
48222
48264
48312
48339
48360
48374
48393
48406
48417
48439
48450
48467
48513
48550
48554
48578
48625
48690
48696
48720
48743
48761
48772
48788
48792
48800
48810
48818
48819
48831
48899
48911
48916
48926
48930
48940
48946
49013
49041
49043
49044
49096
49112
49173
49224
49230
49233
49263
49273
49305
49311
49321
49332
49347
49353
49356
49367
49421
49451
49511
49537
49542
49545
49580
49582
49583
49612
49622
49623
49704
49715
49727
49730
49873
49893
49921
49926
49960
49978
49979
49986
