13
39
45
105
214
217
241
256
270
272
293
317
338
365
395
396
399
405
422
441
506
517
549
587
595
614
640
647
660
718
725
749
766
769
794
832
834
869
949
960
1006
1021
1039
1049
1057
1067
1101
1121
1149
1163
1189
1196
1243
1319
1372
1377
1408
1411
1446
1467
1498
1533
1544
1614
1672
1676
1697
1709
1726
1729
1735
1743
1755
1768
1831
1873
1915
1928
1979
1993
2033
2050
2053
2077
2087
2090
2092
2098
2104
2107
2158
2180
2190
2197
2213
2216
2235
2237
2238
2242
2253
2278
2280
2284
2285
2311
2314
2318
2339
2363
2415
2444
2482
2548
2573
2579
2719
2790
2870
2881
2906
2926
2959
2960
2962
2974
2990
3069
3096
3098
3120
3144
3167
3180
3200
3204
3205
3273
3275
3291
3311
3410
3475
3483
3496
3499
3501
3542
3545
3586
3607
3635
3636
3642
3651
3693
3708
3715
3724
3770
3773
3791
3816
3819
3825
3836
3906
3924
3934
3942
3945
3948
3967
3991
4004
4006
4013
4050
4051
4097
4136
4144
4192
4195
4204
4261
4293
4301
4303
4309
4354
4373
4402
4440
4449
4489
4500
4555
4597
4601
4640
4666
4667
4695
4703
4728
4870
4875
4876
4896
4903
4928
4955
4972
4981
5008
5036
5123
5142
5168
5236
5291
5294
5306
5320
5345
5348
5371
5403
5409
5414
5418
5433
5444
5470
5471
5473
5483
5495
5505
5553
5563
5580
5592
5596
5607
5644
5687
5708
5719
5723
5761
5787
5805
5807
5825
5841
5863
5868
5882
5884
5911
5913
5971
5990
5999
6021
6043
6091
6104
6168
6201
6227
6230
6271
6283
6467
6475
6482
6483
6497
6505
6565
6585
6589
6607
6672
6674
6698
6703
6719
6748
6756
6779
6797
6828
6858
6955
6989
7003
7016
7104
7174
7232
7251
7310
7322
7337
7440
7457
7467
7478
7498
7503
7541
7566
7576
7577
7601
7621
7624
7724
7733
7746
7783
7784
7822
7889
7895
7928
7937
7951
7981
8003
8019
8025
8051
8079
8127
8132
8136
8137
8179
8202
8232
8233
8274
8297
8300
8313
8324
8378
8397
8419
8459
8472
8473
8521
8561
8671
8672
8699
8703
8709
8746
8771
8783
8785
8801
8817
8824
8834
8857
8886
8938
9119
9149
9234
9258
9302
9306
9308
9327
9350
9378
9416
9433
9434
9443
9460
9462
9479
9498
9506
9514
9566
9590
9596
9711
9737
9769
9774
9816
9830
9848
9849
9859
9959
9980
9991
9994
9998
10032
10036
10043
10052
10072
10105
10131
10136
10138
10142
10196
10227
10246
10247
10265
10307
10341
10367
10370
10375
10379
10425
10463
10467
10494
10511
10522
10525
10537
10597
10637
10666
10670
10676
10691
10754
10758
10777
10830
10882
10901
10912
10944
11013
11055
11072
11097
11118
11126
11224
11227
11265
11300
11315
11335
11356
11387
11404
11435
11442
11446
11469
11562
11575
11591
11609
11633
11665
11672
11676
11699
11718
11749
11764
11803
11815
11832
11837
11851
11861
11882
11908
11941
11976
12012
12051
12073
12087
12137
12146
12161
12199
12212
12281
12349
12373
12414
12417
12436
12519
12602
12637
12644
12649
12666
12708
12741
12743
12815
12842
12857
12860
12865
12878
12879
12933
12942
12953
12968
12985
12996
13016
13106
13109
13110
13140
13164
13215
13216
13272
13288
13309
13419
13500
13543
13565
13573
13579
13589
13612
13672
13739
13743
13761
13822
13838
13856
13891
13909
13933
14016
14027
14031
14032
14034
14058
14077
14086
14091
14141
14149
14169
14186
14211
14216
14227
14303
14348
14368
14372
14381
14382
14401
14407
14408
14423
14439
14493
14500
14529
14555
14570
14590
14620
14624
14634
14645
14744
14751
14887
14920
14924
14976
15042
15070
15072
15168
15182
15184
15218
15229
15270
15291
15302
15318
15328
15337
15396
15464
15465
15496
15505
15601
15624
15634
15661
15672
15674
15735
15760
15780
15782
15786
15907
15915
15947
16000
16011
16038
16088
16093
16114
16319
16374
16384
16413
16469
16480
16491
16498
16523
16550
16562
16604
16641
16648
16692
16701
16716
16718
16764
16775
16779
16784
16861
16874
16896
16910
16925
16936
16938
16945
16946
16960
17003
17007
17013
17097
17138
17211
17235
17239
17272
17277
17282
17300
17325
17342
17351
17385
17405
17408
17487
17507
17518
17550
17572
17578
17581
17584
17597
17602
17630
17679
17706
17733
17790
17897
17931
17937
17959
17963
17993
18054
18065
18118
18137
18156
18208
18224
18229
18245
18262
18357
18359
18378
18402
18438
18456
18501
18510
18521
18612
18621
18624
18632
18659
18678
18701
18718
18719
18745
18848
18872
18890
18901
18910
18914
18918
18919
18957
18993
18995
19001
19043
19051
19056
19077
19090
19091
19092
19112
19147
19192
19217
19272
19335
19343
19360
19361
19372
19428
19441
19454
19539
19548
19562
19596
19770
19775
19779
19797
19806
19842
19880
19893
19950
19956
19963
20011
20018
20036
20039
20081
20107
20146
20153
20171
20219
20232
20250
20255
20281
20299
20303
20325
20332
20370
20376
20427
20437
20481
20530
20573
20576
20581
20589
20624
20641
20644
20745
20772
20777
20847
20866
20882
20888
20926
20963
20973
20998
21011
21033
21057
21100
21139
21158
21164
21232
21235
21236
21243
21252
21263
21338
21378
21407
21473
21516
21577
21587
21593
21652
21682
21685
21712
21740
21759
21773
21784
21787
21801
21821
21836
21854
21855
21883
21901
21942
21952
21959
21972
21998
22026
22034
22050
22109
22112
22155
22193
22199
22218
22227
22241
22271
22359
22362
22371
22385
22412
22413
22417
22439
22468
22474
22484
22500
22507
22512
22518
22555
22564
22629
22668
22673
22714
22744
22749
22778
22813
22815
22837
22855
22874
22899
22966
23003
23063
23064
23070
23098
23101
23104
23231
23270
23274
23318
23326
23374
23385
23389
23390
23401
23420
23471
23486
23507
23536
23549
23556
23559
23577
23580
23629
23668
23694
23796
23797
23810
23813
23839
23858
23923
23927
23977
23981
24025
24055
24117
24147
24157
24162
24193
24204
24215
24261
24311
24317
24351
24407
24488
24500
24501
24513
24564
24573
24628
24632
24711
24758
24808
24819
24864
24879
24880
24886
24906
24940
24942
24962
24970
25030
25049
25059
25083
25100
25105
25115
25122
25154
25177
25181
25204
25213
25251
25260
25277
25296
25299
25361
25464
25533
25626
25668
25681
25732
25758
25782
25837
25845
25858
25865
25919
25932
25960
25966
25967
26019
26037
26054
26060
26069
26086
26100
26108
26125
26127
26136
26137
26171
26213
26224
26244
26303
26324
26354
26365
26381
26429
26436
26456
26494
26512
26537
26581
26583
26602
26607
26617
26682
26691
26693
26710
26726
26768
26812
26828
26887
26891
26928
26935
26956
26990
27019
27032
27035
27048
27059
27132
27187
27217
27246
27332
27418
27444
27461
27514
27553
27556
27576
27606
27615
27671
27688
27700
27740
27768
27776
27783
27791
27810
27839
27848
27849
27851
27853
27871
27914
27924
27963
27970
27976
28014
28028
28035
28048
28055
28082
28095
28116
28119
28141
28142
28154
28163
28164
28194
28197
28209
28240
28300
28302
28364
28378
28387
28391
28407
28427
28438
28449
28493
28533
28542
28543
28571
28582
28597
28602
28604
28651
28745
28755
28762
28791
28861
28863
28876
28885
28920
28948
28968
29027
29038
29045
29051
29072
29113
29122
29135
29151
29158
29178
29219
29248
29249
29261
29266
29305
29307
29310
29451
29453
29527
29564
29643
29657
29681
29719
29722
29803
29809
29812
29819
29836
29843
29882
29999
30009
30018
30048
30070
30082
30094
30212
30217
30225
30242
30246
30287
30378
30384
30391
30393
30418
30429
30456
30486
30508
30527
30532
30554
30624
30631
30649
30664
30757
30798
30806
30810
30825
30852
30887
30912
30995
31025
31038
31044
31075
31106
31114
31139
31204
31229
31269
31271
31307
31377
31385
31387
31402
31410
31443
31457
31490
31491
31505
31559
31569
31619
31634
31666
31703
31767
31799
31801
31805
31818
31832
31833
31836
31841
31879
31890
31933
31958
31969
32034
32035
32040
32043
32065
32067
32131
32160
32207
32246
32292
32310
32320
32359
32368
32412
32438
32482
32487
32545
32550
32553
32556
32571
32600
32621
32659
32689
32784
32792
32818
32835
32842
32851
32858
32925
32927
32965
32992
32998
33028
33030
33041
33148
33149
33157
33232
33235
33280
33303
33312
33317
33320
33332
33366
33378
33386
33406
33433
33454
33465
33473
33521
33549
33581
33584
33611
33624
33625
33661
33674
33679
33785
33839
33846
33847
33874
33881
33889
33900
33950
33953
33964
33969
33975
34026
34031
34037
34040
34055
34078
34142
34161
34175
34186
34190
34220
34226
34232
34272
34315
34355
34378
34394
34398
34423
34502
34523
34532
34542
34564
34585
34594
34617
34636
34736
34740
34752
34785
34787
34791
34797
34823
34845
34858
34872
34885
34891
34943
34966
35021
35038
35039
35055
35094
35095
35121
35139
35164
35177
35188
35207
35213
35215
35240
35282
35349
35366
35404
35423
35432
35487
35490
35503
35564
35610
35622
35624
35634
35647
35650
35675
35700
35734
35802
35817
35857
35887
35910
35920
35928
35955
35958
35977
35981
36045
36078
36083
36090
36176
36217
36284
36316
36320
36341
36357
36358
36397
36434
36440
36446
36483
36497
36504
36559
36578
36584
36591
36630
36646
36689
36703
36721
36723
36735
36764
36769
36778
36781
36787
36820
36833
36846
36898
36916
36917
36976
37008
37057
37076
37086
37090
37109
37112
37117
37162
37164
37225
37272
37295
37316
37333
37386
37414
37415
37450
37453
37478
37512
37516
37553
37559
37560
37563
37656
37659
37678
37741
37759
37780
37790
37838
37852
37872
37875
37927
37935
37978
38000
38021
38031
38045
38075
38102
38109
38120
38156
38161
38211
38239
38301
38304
38317
38320
38402
38433
38434
38435
38474
38537
38542
38544
38570
38582
38616
38621
38667
38682
38707
38709
38717
38727
38737
38738
38745
38753
38773
38802
38877
38882
38893
38905
38932
38970
38993
39002
39068
39073
39128
39146
39170
39197
39213
39218
39229
39242
39306
39329
39354
39383
39463
39480
39515
39544
39577
39597
39604
39655
39665
39686
39694
39732
39764
39797
39823
39839
39846
39855
39893
39924
39948
39970
40045
40095
40144
40154
40167
40189
40246
40258
40261
40271
40294
40306
40315
40326
40366
40394
40408
40492
40496
40504
40521
40548
40552
40567
40589
40611
40615
40622
40625
40640
40654
40713
40727
40734
40753
40777
40814
40867
40882
40906
40947
40989
40999
41024
41038
41048
41067
41081
41114
41139
41174
41175
41181
41215
41251
41256
41268
41274
41305
41384
41442
41452
41481
41592
41597
41660
41665
41726
41733
41753
41774
41813
41814
41848
41910
41921
41947
41953
41962
41971
41991
42038
42053
42069
42079
42103
42107
42114
42161
42183
42204
42209
42216
42219
42233
42254
42269
42283
42285
42345
42348
42395
42405
42466
42579
42583
42637
42650
42710
42736
42818
42823
42828
42938
42999
43007
43075
43097
43107
43154
43165
43170
43179
43212
43224
43238
43246
43264
43325
43365
43369
43396
43408
43439
43474
43480
43491
43553
43607
43666
43684
43693
43697
43699
43706
43742
43776
43864
43866
43881
43888
43892
43921
43934
44005
44040
44044
44099
44152
44155
44163
44190
44261
44313
44363
44403
44406
44411
44463
44468
44497
44571
44602
44608
44613
44629
44633
44757
44774
44783
44849
44850
44958
44962
44984
45014
45023
45134
45144
45153
45170
45216
45232
45342
45345
45368
45376
45377
45511
45560
45572
45583
45624
45644
45674
45688
45697
45740
45874
45911
45924
45978
46000
46048
46062
46079
46094
46222
46249
46282
46443
46468
46482
46509
46540
46548
46556
46594
46649
46668
46711
46756
46777
46784
46790
46814
46817
46865
46870
46889
46896
46901
46904
46912
46936
46941
46953
46969
47005
47010
47027
47088
47113
47114
47131
47202
47215
47218
47242
47243
47249
47259
47272
47273
47303
47355
47363
47364
47371
47476
47483
47511
47551
47584
47616
47636
47648
47690
47693
47728
47751
47827
47882
47954
47958
47981
47983
47990
48011
48025
48058
48081
48096
48125
48191
48221
48270
48287
48352
48359
48376
48385
48395
48399
48411
48412
48420
48423
48468
48494
48511
48516
48523
48527
48546
48593
48599
48605
48609
48623
48661
48674
48689
48710
48735
48745
48774
48785
48788
48791
48792
48800
48824
48841
48927
48944
48955
49002
49018
49029
49050
49051
49061
49074
49078
49095
49106
49108
49112
49113
49114
49130
49134
49163
49203
49234
49237
49307
49319
49341
49344
49424
49439
49460
49554
49560
49586
49640
49652
49669
49685
49715
49763
49780
49890
49920
49929
49944
49945
49970
