22
55
67
83
84
90
144
160
185
207
208
290
327
337
343
376
380
490
507
517
531
543
551
557
560
572
581
609
648
707
736
792
822
856
901
956
1016
1027
1048
1051
1079
1110
1151
1194
1246
1247
1270
1281
1309
1310
1344
1367
1369
1406
1426
1487
1545
1565
1630
1683
1727
1787
1788
1790
1798
1842
1960
1971
2052
2055
2099
2104
2109
2130
2141
2155
2164
2187
2214
2315
2321
2331
2368
2416
2500
2506
2567
2581
2627
2633
2638
2681
2715
2868
2894
2941
2950
2958
3024
3037
3071
3090
3092
3129
3153
3168
3170
3176
3207
3222
3223
3254
3265
3380
3396
3410
3421
3432
3460
3501
3516
3527
3529
3533
3542
3552
3555
3559
3602
3610
3639
3650
3696
3722
3761
3765
3771
3784
3820
3864
3974
3982
3995
4068
4074
4081
4091
4148
4165
4179
4222
4248
4249
4254
4269
4285
4297
4311
4330
4333
4368
4429
4443
4483
4498
4499
4516
4588
4619
4644
4661
4697
4759
4803
4824
4910
4916
4944
4956
4958
4973
4974
4981
4994
4999
5002
5005
5016
5097
5159
5185
5229
5244
5306
5322
5363
5376
5429
5439
5470
5484
5498
5517
5528
5546
5575
5595
5633
5649
5656
5667
5770
5786
5795
5821
5860
5863
5866
5977
5982
6027
6065
6090
6097
6129
6154
6157
6254
6285
6298
6300
6390
6492
6560
6580
6608
6620
6632
6635
6657
6665
6669
6693
6694
6726
6755
6787
6853
6875
6883
6884
6889
6916
6940
6950
6980
7002
7036
7052
7063
7070
7077
7151
7174
7182
7183
7193
7203
7214
7216
7247
7255
7301
7329
7366
7371
7403
7428
7478
7510
7524
7526
7527
7529
7546
7587
7589
7602
7670
7699
7722
7729
7796
7838
7861
7882
7896
7904
7927
7932
7996
8009
8018
8054
8083
8093
8097
8123
8170
8186
8225
8294
8295
8345
8381
8416
8451
8476
8520
8535
8542
8545
8570
8600
8608
8617
8653
8691
8695
8704
8709
8725
8757
8765
8809
8828
8832
8851
8892
8935
8937
8966
8976
9038
9048
9064
9090
9117
9135
9150
9162
9164
9177
9178
9182
9184
9216
9254
9264
9309
9310
9339
9344
9370
9373
9382
9418
9434
9456
9482
9484
9491
9535
9583
9584
9625
9657
9684
9763
9790
9823
9890
9902
9927
9932
9984
9989
9995
10013
10034
10064
10075
10082
10118
10125
10134
10164
10165
10228
10240
10294
10307
10328
10345
10369
10387
10400
10436
10449
10456
10464
10522
10550
10566
10575
10609
10618
10624
10685
10697
10744
10768
10784
10810
10828
10839
10864
10879
10893
10898
10935
10947
10957
10968
10996
11051
11055
11060
11064
11092
11101
11136
11144
11147
11153
11173
11182
11203
11264
11287
11317
11330
11378
11412
11432
11436
11505
11519
11523
11526
11554
11562
11566
11576
11626
11681
11687
11744
11803
11838
11842
11845
11851
11861
11912
11913
11935
12068
12070
12079
12106
12107
12142
12201
12258
12310
12311
12329
12330
12335
12342
12375
12380
12454
12483
12496
12508
12519
12532
12542
12572
12576
12590
12620
12629
12642
12656
12657
12682
12726
12738
12760
12765
12789
12793
12814
12845
12938
12947
12949
13014
13017
13029
13031
13040
13041
13042
13077
13130
13181
13187
13219
13225
13235
13296
13324
13347
13368
13376
13380
13482
13512
13524
13527
13562
13564
13577
13595
13648
13657
13662
13676
13685
13709
13724
13781
13816
13852
13871
13886
13893
13922
14020
14037
14096
14104
14157
14178
14205
14214
14219
14269
14306
14310
14340
14363
14369
14401
14417
14461
14495
14531
14557
14558
14570
14598
14600
14608
14635
14644
14650
14654
14689
14695
14749
14758
14768
14812
14842
14845
14860
14897
14906
14945
14950
15003
15073
15088
15093
15099
15119
15133
15226
15253
15276
15279
15323
15339
15415
15427
15436
15512
15535
15536
15607
15623
15634
15654
15662
15675
15729
15739
15746
15765
15862
15897
15913
15923
15936
15949
15986
15998
15999
16021
16050
16137
16148
16188
16341
16359
16379
16391
16404
16423
16450
16496
16502
16607
16608
16653
16698
16703
16713
16803
16805
16806
16808
16886
16888
16943
16964
16996
16997
17099
17129
17183
17196
17204
17205
17256
17265
17266
17285
17290
17296
17360
17400
17403
17412
17437
17463
17494
17554
17560
17676
17740
17745
17783
17798
17807
17852
17874
17876
17965
17981
17991
18042
18088
18106
18114
18137
18152
18179
18254
18257
18327
18392
18406
18410
18452
18470
18477
18526
18556
18578
18581
18611
18616
18650
18653
18665
18785
18803
18816
18844
18920
18935
18937
18955
18965
18983
19019
19048
19078
19094
19113
19120
19121
19155
19166
19205
19321
19332
19359
19365
19366
19411
19415
19422
19449
19474
19541
19549
19637
19701
19709
19721
19730
19734
19784
19812
19857
19955
20005
20012
20074
20124
20145
20214
20239
20257
20258
20276
20286
20322
20331
20349
20368
20430
20522
20570
20618
20650
20669
20734
20735
20736
20787
20798
20814
20823
20829
20830
20835
20854
20870
20871
20882
20893
20906
20961
20998
21018
21057
21075
21094
21118
21140
21184
21197
21225
21228
21238
21248
21255
21262
21288
21298
21311
21313
21319
21321
21324
21331
21366
21418
21451
21515
21519
21522
21545
21551
21556
21562
21580
21628
21629
21647
21660
21683
21702
21719
21724
21816
21906
21911
21926
21937
21946
22039
22062
22084
22090
22102
22133
22155
22189
22191
22210
22252
22288
22307
22330
22333
22338
22370
22384
22392
22399
22415
22417
22450
22507
22512
22525
22542
22558
22578
22584
22621
22630
22632
22652
22656
22727
22771
22779
22785
22807
22813
22851
22856
22867
22881
22898
22914
22927
22936
22942
22976
22988
22989
22993
23003
23009
23011
23048
23071
23107
23114
23120
23122
23146
23200
23202
23211
23277
23358
23362
23412
23427
23462
23482
23497
23503
23504
23508
23539
23549
23563
23733
23745
23748
23779
23811
23824
23826
23856
23860
23903
23923
23956
23986
23992
24003
24007
24011
24100
24102
24107
24117
24144
24155
24172
24187
24201
24226
24267
24282
24285
24322
24327
24334
24342
24353
24376
24409
24410
24416
24422
24443
24451
24459
24467
24533
24543
24564
24581
24584
24593
24615
24624
24683
24700
24704
24720
24745
24782
24812
24826
24856
24857
24875
24885
24892
24925
24933
24985
25015
25036
25041
25067
25112
25116
25122
25159
25223
25264
25278
25346
25355
25399
25435
25466
25478
25489
25622
25651
25667
25683
25714
25717
25762
25776
25826
25863
25911
25924
25942
25945
25950
25977
26004
26044
26052
26075
26084
26100
26144
26145
26198
26215
26315
26321
26329
26344
26349
26370
26387
26396
26409
26420
26485
26506
26526
26530
26548
26598
26650
26652
26654
26677
26692
26702
26705
26722
26753
26770
26787
26808
26815
26829
26855
26866
26903
26919
26983
26989
26993
27003
27025
27038
27088
27109
27113
27117
27131
27203
27219
27232
27268
27272
27275
27284
27287
27298
27332
27337
27352
27445
27453
27463
27464
27514
27520
27537
27543
27551
27560
27574
27622
27637
27657
27699
27707
27739
27767
27783
27791
27914
27932
27938
27958
27974
27993
28036
28049
28051
28107
28115
28208
28218
28229
28292
28376
28384
28399
28400
28409
28410
28429
28441
28451
28464
28480
28497
28507
28540
28545
28575
28578
28588
28653
28658
28729
28745
28754
28760
28814
28832
28854
28886
28900
28907
28909
28921
28944
28956
28957
28973
29050
29070
29077
29094
29097
29123
29143
29146
29153
29154
29161
29181
29305
29312
29315
29325
29371
29377
29430
29454
29482
29509
29512
29524
29600
29673
29678
29693
29714
29715
29743
29761
29763
29775
29778
29786
29826
29844
29896
29934
30003
30006
30012
30053
30070
30073
30149
30153
30192
30201
30209
30214
30243
30254
30269
30272
30277
30283
30306
30308
30315
30316
30380
30437
30444
30458
30468
30499
30518
30617
30644
30648
30654
30757
30762
30777
30787
30857
30862
30877
30898
30914
30983
31031
31085
31114
31166
31190
31216
31262
31305
31367
31381
31386
31408
31420
31428
31445
31474
31491
31532
31550
31574
31588
31594
31615
31667
31702
31711
31712
31743
31746
31766
31781
31782
31810
31833
31850
31918
31936
31976
31980
32032
32050
32052
32074
32131
32168
32186
32255
32279
32286
32319
32325
32344
32363
32372
32400
32418
32426
32427
32438
32442
32454
32473
32507
32527
32578
32584
32647
32672
32727
32739
32788
32804
32807
32829
32860
32915
33019
33106
33144
33163
33218
33233
33338
33373
33415
33424
33454
33462
33491
33536
33537
33568
33571
33611
33624
33655
33662
33673
33693
33731
33765
33811
33850
33869
33891
33893
33910
33941
34016
34037
34104
34105
34172
34181
34194
34218
34235
34249
34293
34307
34320
34353
34363
34370
34384
34409
34418
34423
34458
34471
34473
34476
34505
34518
34550
34587
34602
34660
34698
34750
34759
34784
34805
34891
34928
34937
34994
35013
35015
35034
35085
35101
35118
35129
35133
35134
35214
35215
35227
35233
35237
35319
35323
35326
35343
35387
35427
35437
35457
35532
35540
35550
35635
35639
35676
35735
35745
35751
35754
35755
35783
35793
35797
35802
35814
35843
35870
35872
35875
35927
35960
35995
36022
36053
36069
36125
36149
36169
36178
36215
36254
36265
36322
36338
36342
36345
36377
36408
36542
36573
36578
36661
36671
36711
36723
36745
36755
36760
36780
36787
36801
36813
36834
36841
36855
36860
36874
36882
36947
37028
37038
37077
37100
37110
37122
37125
37130
37136
37161
37184
37216
37235
37260
37384
37387
37396
37404
37415
37419
37424
37532
37599
37622
37642
37668
37680
37685
37695
37775
37795
37819
37873
37877
37921
37944
37994
38005
38017
38024
38034
38036
38051
38059
38075
38145
38216
38218
38275
38299
38314
38333
38347
38366
38382
38501
38511
38585
38592
38604
38657
38671
38691
38711
38771
38773
38799
38802
38854
38870
38979
38981
39036
39060
39100
39145
39146
39153
39190
39235
39276
39277
39354
39370
39385
39394
39412
39445
39446
39453
39458
39462
39528
39546
39579
39626
39642
39660
39685
39699
39739
39741
39745
39762
39766
39787
39813
39924
39953
39963
39968
39970
40040
40064
40083
40119
40141
40165
40169
40171
40198
40243
40289
40322
40367
40410
40431
40444
40466
40467
40476
40511
40519
40549
40604
40642
40660
40690
40748
40751
40780
40800
40829
40832
40851
40858
40864
40878
40912
41005
41060
41082
41239
41325
41337
41344
41397
41410
41491
41517
41557
41572
41587
41604
41613
41641
41653
41694
41703
41726
41734
41741
41759
41800
41814
41822
41830
41856
41859
41875
41894
41896
41909
41923
41928
41939
41940
41976
41998
42003
42023
42067
42117
42209
42256
42268
42343
42352
42362
42368
42382
42422
42474
42482
42504
42526
42551
42567
42581
42599
42603
42624
42643
42658
42659
42678
42681
42723
42767
42783
42791
42839
42844
42869
42879
42880
42885
42889
43008
43017
43021
43087
43106
43162
43174
43182
43193
43196
43220
43264
43269
43291
43320
43354
43368
43409
43439
43475
43522
43562
43603
43615
43627
43648
43673
43697
43700
43728
43814
43819
43830
43838
43902
43919
43952
43959
43979
43990
43996
44001
44002
44011
44019
44023
44024
44030
44036
44107
44116
44154
44158
44196
44215
44218
44236
44250
44294
44336
44347
44351
44369
44372
44388
44433
44437
44451
44481
44487
44512
44538
44580
44591
44638
44652
44665
44681
44683
44734
44759
44780
44810
44841
44926
44987
45032
45056
45070
45110
45111
45118
45134
45165
45193
45227
45256
45286
45309
45393
45413
45415
45528
45529
45544
45575
45626
45637
45642
45664
45673
45675
45693
45702
45708
45712
45752
45780
45790
45841
45878
45895
45926
45928
45953
45962
45971
45976
46082
46125
46173
46247
46262
46279
46287
46324
46348
46365
46395
46448
46530
46564
46583
46598
46599
46607
46657
46678
46713
46749
46770
46774
46801
46834
46873
46886
46919
46957
46997
47002
47021
47058
47059
47073
47076
47103
47109
47111
47115
47149
47157
47198
47244
47246
47250
47271
47272
47319
47320
47333
47356
47377
47381
47419
47438
47527
47534
47564
47565
47594
47629
47653
47681
47689
47747
47754
47758
47783
47788
47806
47808
47842
47900
47922
47925
47947
48017
48050
48053
48066
48076
48077
48118
48125
48173
48184
48221
48225
48237
48351
48354
48438
48441
48442
48454
48464
48470
48503
48561
48614
48677
48702
48703
48726
48762
48769
48808
48833
48855
48859
48889
48926
48929
48931
48970
48978
49030
49063
49078
49092
49099
49107
49124
49130
49192
49193
49314
49334
49340
49352
49364
49380
49428
49429
49439
49448
49457
49484
49572
49619
49676
49682
49790
49809
49825
49832
49854
49872
49896
49928
