10
29
32
84
131
134
202
225
227
246
273
289
318
332
354
400
430
433
456
529
548
724
764
782
799
821
833
858
872
875
906
916
933
942
993
1002
1020
1032
1128
1129
1131
1158
1178
1203
1237
1248
1276
1298
1398
1440
1495
1511
1512
1526
1529
1548
1556
1589
1646
1669
1684
1707
1776
1778
1791
1809
1835
1851
1869
1875
1902
1925
1928
1975
1984
2041
2043
2111
2114
2144
2147
2156
2212
2216
2221
2304
2330
2386
2414
2419
2430
2439
2458
2469
2508
2585
2587
2597
2624
2630
2636
2656
2659
2754
2799
2805
2813
2825
2830
2839
2855
2856
2860
2869
2958
2973
3012
3027
3029
3040
3087
3123
3204
3245
3247
3286
3287
3288
3296
3298
3365
3370
3377
3381
3473
3482
3497
3503
3506
3512
3528
3609
3656
3666
3700
3718
3723
3735
3742
3767
3782
3816
3825
3872
3885
3914
3938
3965
3978
3992
3996
4007
4022
4030
4037
4045
4068
4117
4135
4174
4220
4236
4290
4335
4337
4353
4387
4394
4428
4453
4546
4561
4565
4650
4658
4662
4666
4678
4680
4725
4743
4764
4782
4828
4839
4863
4881
4928
4954
4960
4991
4993
5002
5012
5027
5045
5077
5119
5139
5151
5155
5171
5298
5305
5314
5351
5375
5379
5418
5487
5498
5506
5531
5548
5549
5583
5611
5626
5681
5683
5696
5720
5736
5801
5846
5853
5857
5862
5912
5920
5924
5978
6008
6043
6052
6072
6075
6100
6111
6115
6118
6132
6172
6185
6192
6205
6218
6244
6331
6337
6368
6404
6444
6449
6471
6514
6519
6561
6565
6574
6584
6599
6608
6628
6648
6656
6696
6719
6723
6726
6765
6766
6779
6844
6855
6867
6872
6898
6936
6965
6969
6988
6994
7016
7030
7061
7063
7113
7119
7152
7193
7218
7229
7244
7246
7289
7300
7315
7321
7346
7386
7396
7423
7428
7448
7489
7513
7535
7538
7588
7641
7644
7646
7661
7680
7684
7686
7720
7742
7748
7761
7800
7811
7906
7937
7952
7969
7988
8027
8036
8093
8112
8114
8154
8160
8172
8192
8229
8264
8273
8302
8317
8326
8343
8369
8409
8472
8490
8495
8498
8516
8552
8579
8698
8699
8704
8709
8715
8728
8741
8759
8762
8776
8812
8816
8887
8891
8894
8898
8908
8917
8918
8927
8957
9015
9042
9064
9087
9102
9110
9117
9155
9158
9175
9194
9234
9251
9305
9306
9311
9324
9331
9344
9358
9368
9376
9387
9427
9429
9472
9473
9485
9490
9566
9577
9636
9658
9728
9733
9900
9987
9993
10001
10068
10104
10108
10119
10132
10225
10234
10241
10247
10255
10438
10487
10509
10546
10589
10626
10631
10648
10662
10688
10734
10743
10797
10810
10837
10850
10863
10866
10924
10966
11018
11041
11046
11051
11068
11069
11074
11129
11131
11141
11185
11197
11211
11213
11290
11307
11366
11416
11444
11453
11476
11485
11552
11583
11618
11697
11699
11706
11744
11752
11766
11785
11796
11834
11838
11904
11920
11931
11941
11949
11967
11970
11992
12001
12036
12039
12069
12115
12125
12134
12143
12156
12195
12197
12215
12228
12275
12280
12311
12336
12340
12355
12416
12431
12457
12485
12508
12512
12518
12521
12533
12568
12574
12580
12583
12586
12658
12660
12741
12761
12765
12817
12858
12859
12884
12921
12952
13032
13079
13099
13100
13122
13125
13138
13149
13162
13167
13182
13199
13229
13287
13309
13335
13392
13416
13423
13436
13456
13484
13492
13504
13529
13540
13619
13638
13674
13683
13703
13734
13744
13757
13798
13812
13828
13861
13915
13932
13948
14013
14029
14085
14104
14106
14179
14201
14221
14240
14241
14294
14325
14329
14346
14388
14509
14512
14525
14537
14544
14592
14597
14694
14716
14766
14775
14902
14943
14993
15007
15016
15041
15060
15067
15073
15088
15128
15132
15154
15176
15226
15299
15316
15340
15353
15386
15391
15470
15494
15505
15520
15569
15591
15616
15666
15715
15723
15740
15742
15756
15779
15804
15807
15812
15843
15854
15863
15880
15930
15964
15992
16012
16032
16072
16111
16119
16143
16184
16200
16203
16267
16273
16282
16286
16290
16292
16321
16355
16371
16390
16405
16419
16450
16471
16477
16536
16548
16604
16662
16696
16710
16735
16776
16824
16879
16884
16886
16888
16959
16966
16974
17124
17164
17169
17199
17216
17218
17225
17248
17252
17331
17346
17360
17361
17362
17375
17381
17386
17489
17499
17524
17539
17564
17574
17601
17602
17605
17706
17836
17858
17883
17892
17908
17911
17922
17948
17960
17961
18041
18044
18060
18078
18098
18122
18133
18136
18149
18182
18184
18190
18195
18213
18216
18218
18232
18245
18258
18368
18370
18371
18422
18548
18555
18614
18648
18660
18699
18754
18767
18791
18798
18806
18836
18864
18927
18929
19030
19037
19042
19053
19066
19071
19084
19114
19135
19140
19145
19201
19206
19391
19411
19432
19458
19470
19513
19538
19565
19582
19588
19611
19613
19634
19638
19646
19668
19699
19704
19744
19747
19882
19883
19897
19906
19918
19935
19950
19977
19996
20055
20121
20132
20135
20138
20180
20245
20249
20282
20285
20329
20355
20368
20415
20483
20488
20535
20546
20556
20562
20594
20695
20701
20720
20743
20746
20764
20781
20784
20809
20826
20845
20982
21005
21010
21016
21079
21085
21093
21094
21154
21160
21235
21242
21256
21257
21261
21265
21289
21355
21369
21377
21380
21490
21518
21523
21539
21570
21602
21633
21645
21650
21672
21844
21845
21853
21875
21894
21927
21943
22004
22005
22020
22055
22064
22079
22143
22194
22231
22290
22320
22417
22454
22458
22472
22494
22499
22510
22548
22610
22671
22673
22692
22724
22726
22738
22762
22778
22786
22787
22809
22811
22847
22854
22910
22918
22938
23013
23035
23047
23052
23057
23139
23144
23166
23183
23219
23221
23237
23262
23268
23322
23393
23406
23430
23431
23437
23443
23460
23463
23559
23560
23602
23608
23638
23640
23653
23689
23703
23709
23731
23734
23738
23758
23797
23804
23818
23820
23829
23845
23868
23891
23929
23992
24019
24052
24099
24105
24197
24232
24237
24346
24366
24399
24432
24455
24509
24513
24516
24521
24525
24560
24582
24620
24715
24794
24808
24833
24863
24920
24930
24932
24948
24952
24987
25017
25055
25069
25087
25103
25111
25173
25211
25218
25220
25278
25296
25319
25353
25359
25364
25367
25414
25442
25478
25491
25504
25594
25645
25679
25758
25766
25776
25798
25805
25840
25842
25850
25861
25864
25869
25877
25905
25927
25990
26018
26069
26098
26116
26205
26218
26228
26256
26316
26339
26343
26380
26412
26418
26443
26491
26493
26496
26502
26550
26559
26639
26643
26644
26700
26706
26742
26745
26783
26854
26855
26879
26895
26908
26921
26953
26956
27014
27027
27033
27063
27077
27100
27121
27126
27134
27136
27161
27175
27187
27191
27212
27230
27236
27277
27287
27308
27369
27392
27418
27420
27552
27555
27568
27573
27590
27593
27611
27635
27706
27709
27720
27721
27728
27751
27758
27772
27807
27843
27849
27863
27939
27971
27975
27978
27989
28003
28011
28022
28067
28080
28128
28143
28158
28202
28224
28233
28244
28258
28261
28273
28304
28321
28323
28324
28328
28348
28351
28370
28384
28392
28439
28445
28476
28492
28495
28514
28528
28556
28573
28574
28578
28692
28694
28709
28716
28720
28721
28771
28823
28860
28885
28948
29008
29029
29048
29065
29066
29089
29096
29139
29155
29162
29169
29193
29248
29263
29284
29317
29322
29351
29361
29381
29411
29415
29423
29426
29487
29502
29704
29731
29746
29800
29807
29820
29877
29878
29887
29893
29894
29899
29902
29917
29929
29964
29978
29998
29999
30003
30008
30009
30065
30110
30218
30255
30259
30260
30276
30289
30295
30317
30355
30362
30385
30396
30416
30428
30439
30508
30523
30540
30644
30664
30672
30690
30705
30708
30721
30737
30744
30745
30783
30826
30861
30865
30879
30881
30931
31007
31035
31115
31118
31142
31191
31212
31228
31231
31239
31248
31266
31293
31383
31394
31415
31456
31468
31477
31499
31501
31511
31544
31613
31625
31626
31655
31656
31783
31852
31859
31875
31947
31970
32021
32030
32038
32147
32156
32178
32218
32219
32227
32243
32250
32295
32321
32363
32382
32420
32435
32439
32480
32489
32492
32496
32531
32565
32577
32588
32594
32647
32722
32733
32749
32777
32778
32906
32909
32950
32958
33049
33057
33058
33076
33089
33115
33126
33135
33148
33157
33158
33171
33194
33218
33255
33289
33293
33294
33332
33369
33399
33433
33469
33475
33478
33633
33639
33688
33728
33736
33754
33773
33810
33821
33836
33864
33872
33912
33920
33928
33956
33963
33975
33992
34037
34046
34069
34086
34089
34113
34122
34136
34139
34147
34154
34160
34178
34182
34201
34242
34295
34334
34357
34369
34385
34386
34397
34404
34435
34481
34484
34491
34635
34640
34646
34653
34670
34672
34703
34736
34755
34867
34877
34976
34980
35030
35078
35102
35129
35171
35186
35194
35230
35231
35232
35251
35273
35290
35336
35347
35365
35444
35463
35525
35529
35552
35553
35608
35619
35648
35702
35703
35738
35783
35865
35902
35918
35939
35983
35999
36060
36095
36099
36114
36172
36177
36190
36259
36262
36268
36282
36292
36317
36354
36360
36361
36364
36377
36384
36453
36458
36478
36530
36555
36576
36649
36674
36748
36768
36776
36781
36794
36821
36832
36853
36893
36904
36937
36978
36998
36999
37072
37074
37107
37116
37126
37136
37218
37242
37290
37322
37330
37353
37388
37398
37404
37448
37455
37458
37459
37502
37548
37562
37581
37599
37601
37633
37643
37656
37668
37669
37698
37702
37746
37769
37808
37830
37841
37856
37862
37882
37905
37918
38019
38037
38039
38109
38126
38134
38158
38185
38208
38214
38225
38293
38345
38347
38357
38380
38410
38431
38476
38509
38520
38646
38651
38682
38695
38700
38728
38729
38859
38924
38964
38984
38986
38994
39001
39027
39039
39054
39063
39077
39117
39165
39207
39236
39324
39362
39372
39396
39408
39447
39479
39509
39510
39525
39574
39578
39613
39621
39645
39669
39705
39735
39760
39764
39769
39836
39837
39862
39868
39873
39889
39896
39910
39933
40043
40058
40063
40094
40196
40200
40202
40204
40210
40231
40244
40246
40262
40263
40413
40418
40434
40440
40455
40456
40468
40482
40485
40495
40567
40590
40608
40626
40627
40630
40648
40677
40794
40797
40810
40814
40817
40845
40852
40883
40886
40887
40904
40920
40950
40955
40984
40986
40996
41000
41020
41040
41046
41065
41066
41081
41109
41121
41125
41126
41130
41132
41228
41231
41241
41279
41337
41340
41344
41359
41374
41393
41486
41507
41577
41594
41610
41644
41668
41728
41737
41812
41840
41870
41881
41887
41985
42010
42041
42075
42094
42144
42169
42176
42183
42199
42207
42217
42223
42326
42338
42343
42369
42370
42409
42413
42438
42443
42479
42516
42518
42519
42523
42543
42564
42649
42674
42678
42679
42687
42700
42710
42712
42763
42771
42802
42840
42843
42881
42885
42891
42963
42975
42984
43030
43060
43076
43096
43133
43137
43174
43177
43191
43206
43219
43228
43247
43255
43372
43373
43383
43415
43422
43435
43469
43521
43534
43568
43589
43594
43597
43610
43612
43645
43648
43670
43696
43743
43796
43817
43818
43850
43863
43890
43902
43932
43975
44005
44017
44020
44038
44046
44108
44122
44156
44185
44212
44240
44247
44391
44408
44417
44444
44447
44469
44487
44528
44612
44638
44665
44700
44723
44784
44787
44813
44820
44846
44857
44900
44931
44933
44964
44989
45009
45042
45058
45090
45091
45138
45194
45211
45252
45257
45288
45342
45346
45402
45416
45423
45427
45451
45452
45514
45525
45550
45580
45593
45602
45614
45653
45681
45712
45722
45784
45833
45863
46001
46022
46046
46090
46107
46108
46135
46170
46187
46192
46205
46226
46227
46254
46306
46307
46329
46356
46382
46394
46415
46439
46443
46469
46481
46522
46532
46564
46620
46649
46655
46658
46735
46751
46781
46790
46797
46801
46820
46837
46841
46845
46876
46896
46933
46937
46966
47023
47025
47032
47051
47120
47178
47189
47250
47274
47275
47306
47330
47369
47380
47387
47407
47471
47485
47507
47516
47524
47571
47575
47674
47678
47688
47693
47717
47803
47861
47873
47887
47896
47915
47917
47959
47973
47978
47989
48101
48161
48175
48218
48229
48234
48237
48244
48253
48321
48357
48497
48506
48613
48639
48656
48668
48732
48756
48770
48784
48879
48881
48889
48917
48919
48941
48968
48971
48992
49017
49038
49041
49074
49202
49210
49267
49283
49338
49346
49350
49353
49414
49425
49472
49567
49595
49621
49643
49651
49657
49661
49662
49663
49675
49689
49690
49762
49790
49814
49832
49853
49855
49922
49929
49944
49950
49991
