25
76
90
144
175
193
205
206
218
248
253
307
312
367
371
377
436
447
462
505
614
627
670
705
713
716
734
738
745
757
763
792
803
848
877
886
890
891
904
955
987
997
1016
1017
1027
1052
1069
1122
1123
1146
1173
1180
1203
1224
1273
1279
1300
1319
1359
1370
1391
1393
1399
1420
1421
1473
1474
1505
1511
1579
1603
1618
1634
1646
1650
1658
1659
1668
1680
1707
1737
1750
1752
1804
1805
1813
1826
1827
1861
1885
1889
1946
1958
1976
1991
2047
2053
2121
2169
2173
2200
2207
2292
2324
2327
2384
2386
2406
2428
2494
2510
2514
2544
2566
2594
2615
2645
2657
2696
2726
2753
2796
2808
2817
2828
2849
2861
2882
2900
2908
2918
2921
2944
2962
2989
3045
3057
3084
3090
3115
3144
3159
3250
3255
3273
3295
3343
3355
3438
3454
3467
3489
3508
3513
3550
3560
3593
3618
3620
3621
3634
3642
3645
3652
3662
3680
3684
3690
3707
3714
3785
3812
3830
3861
3872
3885
3927
3928
3929
3961
3962
4023
4028
4037
4041
4081
4109
4114
4173
4174
4193
4213
4220
4248
4288
4399
4459
4482
4500
4521
4542
4551
4560
4563
4585
4590
4629
4635
4637
4648
4652
4654
4660
4692
4707
4734
4758
4786
4833
4846
4875
4937
4938
4945
4958
4987
5012
5021
5025
5028
5053
5110
5111
5116
5126
5153
5204
5216
5218
5336
5350
5370
5399
5411
5475
5512
5524
5542
5590
5597
5623
5653
5674
5690
5697
5710
5714
5791
5833
5870
5877
5879
5921
5937
5942
5950
5973
6021
6027
6070
6112
6123
6135
6138
6146
6156
6175
6221
6260
6274
6283
6299
6327
6360
6370
6392
6418
6436
6475
6495
6571
6579
6587
6610
6673
6711
6726
6741
6746
6802
6849
6866
6881
6889
6899
6961
7017
7087
7097
7208
7243
7258
7261
7314
7349
7398
7438
7439
7452
7480
7484
7485
7506
7521
7552
7566
7581
7583
7594
7608
7616
7629
7633
7640
7644
7681
7727
7752
7764
7781
7821
7837
7861
7873
7947
7997
8000
8008
8017
8042
8051
8062
8153
8163
8167
8169
8172
8206
8229
8269
8287
8293
8294
8306
8351
8367
8385
8407
8431
8515
8555
8559
8570
8573
8580
8606
8629
8634
8674
8702
8712
8714
8715
8723
8733
8773
8776
8850
8896
8897
8908
8914
8927
8967
8970
8978
8981
9017
9030
9060
9110
9131
9133
9183
9210
9231
9256
9257
9269
9278
9303
9325
9386
9455
9461
9477
9494
9538
9564
9590
9656
9660
9754
9768
9796
9851
9854
9873
9927
9929
9945
9959
9994
10004
10006
10062
10063
10080
10083
10131
10137
10155
10157
10169
10182
10196
10199
10214
10241
10247
10270
10296
10307
10316
10317
10382
10440
10467
10489
10549
10614
10632
10673
10757
10768
10772
10825
10839
10892
10946
10954
10955
10985
10999
11026
11050
11075
11131
11136
11152
11165
11181
11193
11195
11203
11279
11280
11302
11305
11314
11335
11351
11411
11453
11503
11508
11528
11536
11562
11579
11620
11632
11708
11857
11912
11933
11971
11975
12001
12014
12030
12052
12169
12261
12319
12341
12355
12359
12364
12372
12412
12421
12460
12476
12517
12538
12570
12600
12635
12638
12730
12740
12758
12783
12802
12810
12844
12884
12903
12906
12959
12969
12970
12973
12981
13032
13033
13064
13071
13110
13118
13144
13150
13166
13179
13237
13244
13248
13264
13273
13287
13315
13362
13374
13397
13402
13403
13414
13430
13432
13434
13462
13474
13476
13495
13500
13520
13556
13597
13633
13709
13758
13777
13779
13850
13878
13896
13898
13913
13928
13944
13946
13963
14024
14028
14089
14117
14124
14162
14209
14279
14281
14286
14297
14355
14393
14401
14403
14411
14414
14431
14446
14454
14490
14514
14587
14600
14666
14687
14692
14706
14726
14732
14853
14870
14891
14926
14973
14981
15005
15049
15082
15097
15107
15122
15137
15175
15206
15248
15264
15277
15283
15313
15325
15326
15351
15357
15448
15491
15534
15579
15630
15633
15662
15684
15685
15715
15769
15817
15820
15830
15901
15917
15930
15941
15944
16025
16032
16045
16056
16187
16201
16257
16265
16267
16277
16328
16332
16364
16433
16499
16500
16585
16599
16669
16722
16751
16801
16805
16867
16869
16907
16924
16931
16947
17007
17021
17037
17046
17050
17057
17059
17066
17074
17097
17180
17218
17222
17239
17250
17288
17296
17300
17329
17440
17446
17459
17510
17565
17570
17595
17672
17688
17693
17716
17745
17771
17772
17788
17789
17803
17858
17892
17917
17922
17923
17955
17962
17964
17982
17988
18038
18105
18117
18122
18125
18143
18150
18166
18270
18301
18369
18392
18422
18451
18456
18474
18490
18513
18564
18585
18599
18600
18603
18618
18620
18651
18666
18706
18745
18799
18804
18817
18844
19006
19012
19017
19040
19052
19063
19121
19122
19138
19151
19171
19175
19212
19273
19278
19317
19318
19330
19371
19377
19388
19402
19437
19485
19489
19502
19503
19531
19544
19552
19556
19557
19575
19591
19608
19620
19657
19760
19776
19784
19820
19831
19839
19854
19863
19866
19941
19953
19961
19973
19980
19986
20048
20075
20080
20088
20149
20182
20199
20218
20221
20246
20281
20303
20306
20356
20422
20438
20455
20457
20458
20459
20483
20521
20531
20564
20607
20683
20693
20695
20715
20726
20739
20782
20797
20799
20809
20838
20863
20907
20916
20920
20953
20994
21010
21037
21041
21047
21075
21079
21083
21086
21097
21110
21133
21187
21205
21225
21308
21351
21404
21405
21420
21427
21441
21446
21468
21490
21517
21600
21622
21634
21644
21665
21686
21799
21848
21902
21986
21996
21998
22008
22083
22104
22107
22112
22118
22159
22200
22269
22339
22380
22392
22448
22475
22544
22545
22588
22602
22614
22635
22645
22660
22679
22681
22718
22779
22803
22813
22821
22908
22933
22941
22943
22953
22987
23017
23028
23065
23070
23072
23111
23119
23140
23263
23270
23319
23472
23538
23547
23572
23574
23579
23603
23614
23644
23650
23675
23704
23710
23741
23833
23868
23870
23880
23923
23941
23969
23984
23994
24020
24024
24031
24077
24137
24190
24191
24242
24295
24302
24303
24322
24347
24366
24376
24377
24398
24410
24424
24458
24489
24539
24570
24586
24657
24667
24668
24678
24688
24778
24831
24836
24883
24901
24902
24918
24985
24994
25067
25072
25084
25108
25121
25145
25152
25218
25233
25311
25366
25374
25379
25410
25425
25432
25453
25461
25462
25502
25554
25622
25656
25695
25697
25700
25703
25713
25741
25772
25793
25812
25813
25825
25844
25857
25864
25866
25912
25951
25972
26001
26029
26032
26080
26092
26094
26139
26151
26189
26200
26205
26216
26234
26248
26257
26265
26367
26381
26391
26417
26425
26430
26465
26480
26483
26512
26565
26569
26572
26583
26595
26644
26688
26695
26793
26827
26835
26853
26865
26889
26914
26920
26939
26947
27021
27028
27047
27078
27097
27115
27222
27238
27241
27245
27274
27277
27301
27311
27330
27352
27378
27385
27386
27411
27420
27467
27469
27516
27572
27582
27588
27625
27652
27662
27683
27689
27696
27697
27732
27736
27761
27822
27847
27896
27933
27966
28002
28041
28043
28120
28138
28158
28161
28164
28208
28210
28258
28260
28284
28295
28299
28311
28318
28345
28357
28375
28380
28394
28416
28427
28459
28469
28496
28515
28529
28591
28618
28626
28668
28688
28711
28751
28755
28850
28857
28875
28916
28960
28970
29034
29036
29061
29147
29181
29182
29218
29239
29253
29338
29358
29371
29381
29388
29390
29413
29450
29466
29517
29527
29529
29586
29623
29646
29647
29667
29714
29740
29763
29852
29858
29874
29877
29881
29888
29903
29938
29948
29974
30030
30031
30098
30141
30145
30168
30177
30197
30198
30204
30218
30220
30223
30234
30237
30289
30296
30345
30383
30394
30403
30412
30427
30462
30471
30483
30497
30536
30558
30570
30579
30594
30624
30627
30668
30687
30717
30728
30729
30810
30814
30875
30882
30911
30928
30936
30962
30967
30971
31011
31096
31208
31274
31314
31346
31387
31401
31500
31511
31528
31531
31550
31554
31569
31618
31622
31646
31706
31708
31728
31774
31808
31851
31858
31861
31867
31933
32016
32029
32061
32116
32149
32155
32175
32179
32188
32250
32383
32441
32447
32474
32485
32500
32531
32538
32553
32555
32563
32565
32568
32616
32617
32657
32679
32683
32694
32707
32709
32737
32742
32811
32861
32870
32887
32894
32962
32983
32990
33053
33067
33094
33155
33171
33178
33221
33222
33264
33284
33319
33392
33410
33414
33434
33437
33470
33508
33518
33535
33566
33575
33577
33580
33582
33652
33831
33872
33880
33903
33906
33967
33992
34004
34022
34035
34046
34084
34111
34151
34157
34200
34201
34252
34278
34284
34304
34309
34319
34324
34347
34416
34459
34476
34483
34504
34516
34530
34566
34569
34595
34617
34622
34657
34685
34689
34709
34728
34745
34796
34806
34827
34839
34845
34863
34866
34958
34966
35024
35030
35047
35078
35116
35134
35136
35154
35158
35296
35318
35328
35378
35391
35420
35421
35475
35493
35512
35515
35517
35607
35615
35672
35701
35733
35774
35780
35787
35801
35828
35855
35859
35875
35896
35901
35958
36009
36014
36028
36068
36101
36167
36196
36230
36252
36255
36276
36302
36315
36327
36338
36372
36374
36379
36403
36425
36436
36458
36517
36525
36589
36593
36595
36599
36656
36822
36850
36917
36928
36933
36967
36977
36982
37004
37014
37026
37046
37115
37121
37142
37149
37154
37170
37173
37187
37196
37243
37296
37300
37306
37345
37391
37453
37489
37506
37520
37537
37540
37588
37595
37625
37660
37681
37682
37683
37778
37829
37884
37886
37915
37939
38029
38076
38140
38200
38202
38219
38247
38283
38325
38380
38403
38413
38431
38455
38484
38521
38560
38578
38582
38593
38608
38614
38628
38665
38670
38673
38686
38695
38743
38765
38776
38809
38812
38848
38853
38867
38894
38907
38933
39007
39015
39043
39064
39084
39101
39104
39112
39119
39135
39156
39216
39235
39255
39257
39397
39430
39454
39483
39500
39572
39576
39616
39675
39678
39679
39685
39700
39720
39726
39741
39749
39768
39774
39782
39805
39853
39883
39913
39923
39961
39996
40027
40035
40065
40095
40113
40166
40167
40169
40181
40203
40205
40208
40212
40213
40220
40226
40254
40303
40319
40329
40334
40409
40428
40494
40519
40522
40560
40567
40574
40647
40747
40803
40807
40906
40912
40947
40960
40980
41034
41060
41066
41080
41148
41170
41179
41226
41278
41300
41301
41324
41330
41355
41425
41445
41464
41497
41555
41590
41598
41609
41635
41639
41654
41778
41801
41824
41879
41889
41911
41935
41959
41983
41991
42019
42024
42054
42067
42130
42176
42228
42257
42297
42366
42394
42451
42476
42487
42560
42576
42604
42612
42631
42649
42723
42739
42744
42754
42761
42803
42829
42857
42879
42892
42907
42916
42945
42948
42977
42981
42994
42997
43049
43050
43058
43074
43106
43157
43165
43171
43172
43192
43217
43222
43243
43259
43287
43298
43315
43346
43348
43355
43466
43532
43540
43562
43564
43576
43590
43628
43705
43809
43850
43855
43902
43929
44105
44166
44176
44189
44271
44279
44318
44351
44359
44380
44396
44448
44450
44462
44501
44506
44520
44579
44583
44646
44648
44659
44701
44707
44717
44786
44838
44846
44876
44894
44959
44988
45008
45026
45027
45029
45030
45079
45114
45117
45173
45200
45203
45214
45231
45236
45255
45285
45293
45327
45337
45347
45362
45398
45402
45408
45419
45470
45491
45500
45514
45517
45550
45563
45583
45618
45620
45660
45732
45762
45811
45818
45946
46029
46038
46045
46054
46101
46113
46122
46136
46146
46192
46208
46247
46284
46293
46343
46359
46360
46362
46388
46423
46430
46435
46482
46520
46570
46571
46576
46586
46590
46627
46645
46741
46777
46807
46808
46809
46825
46837
46884
46921
46930
46974
46987
47053
47067
47069
47090
47140
47156
47159
47225
47237
47245
47290
47298
47303
47315
47326
47332
47340
47375
47377
47408
47490
47501
47502
47506
47507
47528
47541
47578
47596
47613
47620
47629
47651
47658
47674
47688
47694
47795
47812
47821
47822
47846
47855
47865
47908
47930
47950
47959
47998
48031
48082
48085
48167
48186
48204
48210
48222
48226
48292
48301
48340
48343
48357
48363
48416
48425
48461
48465
48508
48542
48555
48560
48595
48599
48609
48618
48636
48644
48668
48670
48688
48695
48708
48718
48742
48764
48766
48858
48888
48889
48908
48934
48968
48977
49078
49120
49143
49197
49198
49202
49264
49285
49286
49378
49381
49394
49508
49545
49550
49582
49606
49635
49637
49651
49666
49694
49704
49761
49780
49794
49800
49804
49806
49816
49827
49839
49928
49941
49958
