17
84
105
121
124
148
160
226
243
263
266
297
299
322
336
364
403
413
427
440
479
504
550
609
621
657
667
669
689
746
759
775
809
829
835
923
941
955
965
988
1000
1052
1072
1163
1164
1168
1192
1264
1272
1277
1278
1295
1351
1424
1446
1462
1482
1495
1514
1583
1591
1657
1713
1744
1771
1773
1776
1780
1784
1789
1798
1816
1865
1876
1878
1900
1903
1907
1958
1981
2018
2059
2083
2090
2093
2107
2116
2153
2154
2160
2174
2235
2278
2289
2302
2304
2308
2374
2406
2428
2436
2452
2457
2504
2527
2528
2672
2701
2730
2765
2784
2794
2814
2816
2856
2869
2951
2999
3011
3031
3040
3073
3108
3178
3206
3210
3235
3262
3280
3283
3293
3302
3326
3357
3391
3402
3442
3496
3500
3509
3522
3549
3555
3597
3602
3625
3701
3731
3844
3854
3903
3954
3984
3986
4004
4018
4021
4042
4049
4061
4093
4117
4127
4137
4152
4161
4166
4171
4227
4266
4289
4343
4349
4356
4410
4451
4455
4550
4587
4597
4601
4616
4617
4619
4636
4692
4700
4714
4760
4801
4872
4897
5000
5040
5069
5106
5183
5189
5204
5215
5224
5227
5231
5240
5281
5345
5360
5377
5380
5384
5460
5465
5486
5498
5505
5531
5535
5602
5648
5703
5709
5749
5785
5824
5825
5826
5829
5847
5848
5849
5893
5937
5962
6064
6089
6243
6245
6254
6255
6288
6351
6365
6375
6431
6446
6487
6585
6607
6617
6674
6699
6714
6743
6759
6761
6822
6835
6841
6906
6908
6921
6926
6992
7017
7026
7032
7034
7086
7090
7170
7188
7195
7221
7231
7259
7336
7368
7373
7376
7382
7415
7454
7524
7536
7539
7588
7591
7617
7618
7644
7650
7657
7681
7684
7725
7760
7831
7865
7888
7907
7916
7929
7955
7989
8006
8031
8039
8094
8098
8108
8111
8115
8203
8222
8242
8248
8301
8326
8335
8349
8381
8461
8471
8484
8529
8533
8550
8580
8600
8624
8631
8657
8720
8721
8724
8727
8753
8755
8763
8770
8807
8829
8864
8894
8908
8930
8948
8950
8994
8998
9001
9007
9045
9061
9081
9132
9176
9197
9201
9220
9270
9296
9338
9342
9362
9390
9391
9412
9436
9474
9508
9521
9603
9611
9635
9669
9692
9694
9695
9722
9773
9798
9813
9839
9862
9870
9874
9890
9989
10009
10026
10061
10065
10067
10078
10115
10117
10132
10138
10161
10172
10187
10195
10199
10247
10274
10318
10444
10509
10552
10561
10591
10632
10638
10659
10707
10777
10783
10844
10852
10867
10935
10937
10948
11004
11050
11060
11065
11123
11133
11172
11211
11232
11240
11254
11266
11275
11282
11284
11312
11403
11425
11427
11437
11448
11452
11460
11481
11495
11501
11526
11548
11571
11624
11666
11681
11698
11717
11728
11730
11735
11740
11749
11753
11762
11775
11815
11868
11877
11895
11901
11920
11922
11929
11988
12019
12026
12053
12068
12083
12111
12164
12271
12282
12305
12325
12326
12363
12380
12411
12436
12444
12446
12449
12453
12489
12537
12547
12557
12580
12599
12644
12661
12681
12685
12738
12775
12779
12786
12821
12879
12896
12899
12906
12918
12990
13009
13013
13100
13125
13162
13176
13190
13193
13198
13210
13238
13244
13246
13267
13281
13341
13377
13380
13411
13412
13486
13521
13537
13561
13580
13595
13608
13621
13665
13693
13714
13765
13796
13838
13868
13915
13917
13924
13948
14014
14018
14037
14054
14084
14087
14095
14151
14180
14227
14232
14243
14252
14310
14326
14329
14330
14358
14378
14411
14433
14464
14474
14537
14538
14552
14653
14655
14695
14709
14720
14757
14807
14815
14872
14877
14889
14891
14892
14903
14906
14916
14955
14957
15017
15020
15021
15061
15075
15096
15114
15168
15269
15280
15281
15283
15289
15304
15343
15345
15346
15350
15354
15376
15415
15447
15458
15472
15490
15501
15506
15535
15563
15594
15616
15637
15655
15665
15674
15697
15703
15726
15738
15797
15812
15818
15857
15877
15916
15974
15981
16001
16037
16086
16090
16093
16105
16117
16123
16130
16154
16171
16217
16263
16274
16340
16352
16354
16373
16376
16381
16418
16421
16429
16439
16440
16536
16545
16556
16561
16564
16573
16582
16675
16680
16692
16699
16722
16730
16746
16783
16797
16821
16864
16919
16975
16986
16996
17012
17034
17064
17076
17079
17101
17116
17125
17136
17148
17151
17155
17165
17244
17252
17277
17292
17295
17308
17322
17344
17403
17406
17410
17434
17457
17517
17530
17597
17602
17696
17715
17722
17727
17736
17740
17785
17852
17892
17918
18005
18020
18045
18057
18064
18105
18112
18147
18220
18221
18260
18270
18288
18299
18310
18322
18360
18423
18448
18473
18477
18492
18499
18537
18560
18573
18587
18591
18685
18720
18729
18756
18774
18775
18783
18805
18806
18843
18891
18894
18917
18921
18924
18947
18948
18952
18988
19035
19067
19117
19169
19183
19220
19285
19297
19322
19333
19345
19355
19414
19420
19449
19463
19473
19479
19609
19660
19666
19679
19687
19694
19707
19713
19757
19767
19805
19811
19824
19840
19845
19876
19896
19915
19925
19929
19943
19954
19975
20138
20170
20177
20189
20193
20197
20248
20249
20260
20282
20296
20327
20351
20368
20378
20389
20397
20421
20451
20454
20456
20503
20521
20589
20590
20652
20685
20702
20726
20737
20753
20810
20831
20834
20840
20896
20899
20903
21079
21151
21185
21269
21275
21307
21322
21348
21377
21387
21397
21434
21490
21512
21520
21655
21680
21768
21771
21885
21899
21907
21931
21984
22005
22071
22089
22108
22142
22144
22165
22213
22267
22316
22446
22470
22494
22565
22570
22658
22674
22681
22704
22707
22713
22737
22758
22769
22866
22901
22927
22940
22986
22994
23012
23016
23026
23031
23066
23070
23087
23107
23121
23147
23198
23228
23236
23349
23351
23376
23385
23402
23421
23429
23502
23585
23639
23652
23689
23702
23712
23737
23740
23780
23791
23806
23826
23848
23916
23918
23927
23942
23997
23999
24000
24040
24074
24165
24188
24190
24196
24354
24362
24398
24402
24416
24436
24437
24461
24515
24522
24562
24629
24678
24707
24741
24805
24821
24858
24861
24887
24889
24966
24991
25007
25086
25112
25181
25182
25283
25296
25303
25320
25329
25357
25368
25460
25489
25510
25519
25523
25581
25585
25624
25646
25649
25690
25769
25852
25855
25859
25887
25942
25975
26005
26008
26017
26067
26080
26082
26114
26124
26129
26136
26166
26218
26262
26272
26309
26337
26348
26350
26359
26366
26397
26417
26431
26504
26508
26532
26598
26606
26619
26635
26726
26745
26750
26782
26788
26794
26800
26895
26897
26907
26915
26947
26968
26990
27006
27057
27068
27082
27125
27166
27174
27195
27204
27262
27288
27308
27309
27331
27359
27363
27382
27387
27397
27418
27447
27467
27492
27519
27546
27567
27655
27706
27724
27748
27799
27803
27804
27806
27827
27847
28009
28020
28051
28078
28118
28152
28167
28191
28192
28216
28219
28222
28235
28253
28254
28327
28345
28348
28351
28353
28366
28372
28392
28447
28487
28517
28546
28565
28577
28587
28594
28596
28620
28633
28694
28718
28735
28778
28785
28787
28789
28837
28844
28849
28851
28862
28875
28878
28902
28903
28968
28976
28997
29048
29054
29064
29112
29197
29207
29222
29255
29263
29275
29296
29327
29340
29365
29372
29384
29392
29407
29454
29493
29508
29518
29546
29550
29564
29567
29570
29602
29613
29634
29637
29668
29670
29673
29674
29730
29737
29789
29828
29845
29852
29882
29888
29911
29928
29935
29948
29981
29993
29997
30017
30067
30097
30166
30209
30235
30256
30271
30292
30307
30318
30381
30404
30414
30450
30458
30516
30542
30572
30581
30641
30676
30699
30733
30754
30762
30778
30780
30852
30862
30891
30912
30929
31003
31011
31012
31015
31097
31100
31118
31128
31143
31149
31247
31311
31319
31385
31410
31424
31452
31529
31534
31542
31621
31633
31682
31719
31746
31753
31775
31794
31849
31871
31882
31919
31959
31964
32057
32078
32140
32201
32221
32279
32387
32413
32424
32433
32435
32482
32492
32541
32556
32576
32593
32610
32619
32734
32756
32781
32788
32809
32829
32859
32878
32911
32933
32944
33023
33029
33043
33045
33080
33087
33105
33139
33148
33173
33177
33219
33221
33248
33251
33294
33332
33361
33392
33412
33476
33494
33518
33530
33536
33547
33572
33610
33720
33729
33763
33773
33777
33778
33808
33838
33843
33858
33860
33872
33891
33898
33951
34001
34003
34039
34051
34067
34106
34155
34185
34189
34190
34278
34311
34312
34323
34382
34396
34426
34463
34508
34509
34545
34589
34591
34593
34595
34606
34699
34704
34723
34726
34772
34798
34846
34850
34871
34878
34926
34927
34940
34985
34993
35002
35033
35036
35041
35137
35146
35158
35209
35220
35265
35452
35455
35485
35494
35513
35522
35548
35551
35564
35568
35590
35595
35629
35662
35667
35708
35711
35726
35747
35756
35762
35782
35802
35803
35849
35866
35868
35875
35877
35908
35989
36047
36073
36195
36207
36256
36261
36281
36317
36320
36336
36338
36345
36346
36355
36379
36404
36405
36415
36453
36506
36513
36531
36616
36643
36680
36686
36693
36706
36715
36744
36790
36800
36804
36816
36846
36931
36995
37004
37033
37092
37097
37221
37249
37285
37297
37304
37324
37334
37336
37358
37437
37554
37576
37611
37624
37625
37639
37687
37696
37700
37720
37759
37764
37801
37830
37839
37848
37888
37925
37935
37942
37970
37975
38065
38089
38103
38140
38144
38160
38180
38181
38197
38203
38207
38213
38255
38278
38312
38314
38317
38342
38395
38396
38421
38435
38459
38480
38521
38539
38540
38574
38587
38591
38632
38659
38672
38682
38702
38728
38735
38746
38783
38790
38799
38825
38876
38895
38909
38949
38954
38956
38979
38982
39025
39034
39043
39057
39070
39074
39078
39084
39101
39180
39195
39219
39224
39251
39275
39276
39289
39347
39378
39423
39426
39435
39443
39476
39480
39528
39529
39538
39557
39580
39614
39623
39633
39681
39767
39790
39828
39856
39867
39869
39894
39940
39979
39982
39992
40006
40015
40053
40069
40091
40109
40122
40159
40162
40181
40222
40228
40245
40294
40297
40302
40374
40422
40467
40538
40569
40570
40607
40613
40636
40644
40647
40661
40678
40697
40701
40706
40730
40738
40746
40793
40814
40837
40858
40896
40906
40938
40949
41048
41053
41126
41153
41166
41198
41260
41307
41335
41354
41392
41413
41453
41557
41564
41572
41581
41604
41623
41624
41639
41645
41658
41667
41680
41686
41696
41713
41734
41737
41752
41800
41813
41852
41858
41988
42030
42116
42124
42171
42179
42238
42241
42242
42252
42257
42266
42289
42310
42311
42315
42330
42351
42374
42404
42419
42455
42459
42467
42523
42532
42675
42686
42692
42709
42713
42723
42726
42731
42750
42787
42790
42794
42804
42811
42814
42859
42863
42877
42901
42903
42962
42997
43028
43036
43039
43057
43135
43206
43263
43265
43277
43321
43331
43357
43364
43388
43406
43427
43450
43454
43498
43566
43576
43592
43625
43679
43712
43744
43778
43782
43791
43836
43842
43844
43845
43850
43851
43867
43904
43913
43918
43965
43966
43979
43988
44000
44003
44010
44011
44041
44089
44165
44176
44190
44230
44232
44237
44301
44310
44311
44314
44331
44344
44365
44372
44406
44426
44444
44494
44496
44522
44527
44550
44597
44607
44616
44632
44637
44643
44673
44679
44726
44847
44871
44913
44931
44944
44949
44964
45006
45037
45091
45097
45103
45124
45136
45143
45181
45186
45189
45233
45298
45306
45320
45363
45371
45397
45405
45425
45432
45447
45460
45482
45489
45495
45561
45596
45598
45600
45618
45671
45673
45683
45697
45770
45783
45804
45818
45819
45829
45849
45868
45874
45878
45963
46051
46065
46066
46079
46104
46120
46122
46134
46213
46276
46321
46350
46407
46418
46446
46474
46495
46509
46522
46524
46536
46544
46592
46596
46601
46607
46613
46633
46674
46720
46723
46724
46725
46737
46751
46753
46775
46790
46823
46836
46850
46920
46923
46932
46957
46979
46982
47034
47053
47072
47118
47134
47159
47174
47183
47242
47308
47362
47380
47384
47395
47397
47398
47435
47446
47576
47582
47589
47592
47608
47614
47629
47630
47633
47634
47641
47654
47736
47739
47816
47869
47919
47951
47978
48035
48044
48051
48052
48055
48095
48114
48117
48122
48147
48160
48193
48249
48256
48274
48328
48331
48359
48399
48437
48443
48602
48603
48672
48711
48725
48752
48796
48813
48907
48944
48986
48996
48998
49036
49042
49055
49065
49091
49104
49146
49152
49171
49234
49270
49274
49275
49307
49345
49383
49412
49427
49452
49470
49477
49495
49520
49595
49664
49701
49712
49743
49803
49818
49821
49863
49865
49873
49880
49929
49954
