67
128
130
136
151
208
214
221
309
326
331
338
340
342
347
357
386
426
444
467
480
491
496
545
570
571
619
676
707
751
780
793
803
816
821
880
881
936
940
974
1006
1007
1014
1027
1065
1130
1162
1168
1176
1178
1208
1227
1302
1306
1319
1329
1362
1385
1413
1425
1436
1468
1472
1494
1495
1518
1539
1543
1588
1590
1617
1696
1703
1714
1774
1784
1843
1864
1926
1973
1976
1980
2049
2051
2059
2078
2088
2111
2155
2178
2208
2225
2299
2424
2446
2464
2471
2514
2527
2582
2596
2601
2629
2657
2687
2700
2750
2780
2786
2802
2824
2865
2870
2877
2895
2912
2918
2981
2985
3033
3035
3036
3067
3094
3157
3209
3248
3253
3289
3331
3373
3400
3439
3441
3446
3452
3484
3519
3536
3558
3576
3585
3597
3598
3646
3661
3663
3681
3701
3703
3725
3727
3752
3780
3791
3806
3812
3818
3858
3875
3901
3917
3935
3981
4127
4138
4151
4182
4239
4318
4325
4381
4385
4425
4496
4552
4558
4563
4600
4617
4621
4663
4667
4692
4696
4732
4792
4947
4976
4982
4984
5042
5057
5115
5135
5148
5172
5177
5180
5207
5229
5238
5302
5319
5339
5349
5369
5370
5372
5438
5482
5533
5578
5593
5604
5616
5621
5635
5637
5647
5677
5702
5706
5721
5740
5817
5836
5882
5924
5970
6004
6008
6010
6026
6067
6071
6080
6096
6104
6107
6108
6116
6124
6126
6156
6185
6189
6232
6234
6235
6296
6306
6321
6356
6378
6409
6432
6516
6518
6519
6521
6550
6554
6555
6579
6623
6632
6641
6742
6757
6802
6838
6839
6866
6876
6881
6932
6938
6940
6957
6958
6987
7012
7045
7085
7087
7105
7116
7127
7128
7148
7149
7170
7172
7228
7328
7371
7377
7380
7383
7435
7441
7517
7590
7597
7663
7666
7683
7688
7694
7711
7719
7728
7787
7794
7798
7835
7843
7846
7854
7948
7995
8014
8032
8034
8038
8047
8079
8082
8094
8095
8131
8160
8167
8205
8224
8241
8271
8274
8280
8307
8322
8327
8378
8389
8437
8439
8471
8481
8487
8495
8503
8520
8521
8565
8569
8571
8587
8625
8627
8635
8676
8680
8705
8715
8751
8771
8773
8778
8779
8788
8794
8803
8816
8835
8844
8845
8857
8862
8920
8921
8953
9003
9012
9027
9061
9079
9115
9118
9190
9208
9231
9281
9307
9325
9363
9384
9414
9415
9423
9425
9435
9438
9491
9497
9547
9548
9553
9628
9660
9680
9711
9750
9776
9822
9887
9898
9906
9909
9964
9968
9991
10057
10072
10130
10137
10142
10154
10161
10165
10244
10267
10272
10290
10301
10420
10444
10511
10549
10551
10555
10577
10582
10599
10630
10725
10726
10742
10766
10787
10832
10839
10841
10846
10858
10869
10877
10889
10916
10931
10941
11003
11022
11029
11085
11087
11131
11169
11192
11223
11225
11255
11271
11287
11338
11341
11374
11503
11626
11628
11634
11662
11668
11675
11683
11725
11745
11787
11813
11875
11877
11910
11959
11960
11993
12000
12007
12011
12046
12112
12157
12176
12191
12192
12207
12213
12218
12231
12251
12260
12270
12273
12317
12347
12433
12468
12509
12530
12569
12584
12606
12616
12660
12664
12678
12718
12728
12735
12759
12809
12832
12838
12930
12935
12946
12952
13058
13063
13078
13103
13117
13146
13182
13190
13218
13235
13243
13252
13393
13394
13398
13465
13472
13484
13524
13540
13546
13547
13564
13610
13637
13650
13653
13670
13696
13746
13764
13772
13804
13845
13907
13919
13929
13935
13955
14035
14083
14135
14161
14162
14176
14177
14181
14182
14192
14206
14245
14285
14310
14313
14321
14339
14362
14384
14394
14397
14407
14422
14430
14433
14436
14445
14507
14514
14529
14538
14560
14597
14603
14608
14635
14657
14804
14806
14837
14843
14901
14922
14966
14974
14998
15095
15127
15146
15160
15172
15177
15195
15211
15261
15271
15273
15303
15311
15389
15392
15400
15444
15455
15469
15477
15513
15564
15594
15599
15621
15628
15630
15651
15693
15732
15744
15747
15774
15776
15782
15801
15829
15840
15918
15993
16008
16019
16031
16042
16053
16080
16126
16149
16167
16328
16338
16346
16425
16447
16503
16509
16514
16547
16558
16560
16572
16581
16596
16651
16691
16700
16701
16711
16713
16718
16750
16752
16772
16791
16801
16810
16833
16855
16858
16875
16896
16929
16967
17069
17070
17084
17099
17121
17168
17170
17244
17250
17255
17296
17299
17338
17376
17379
17419
17433
17464
17477
17548
17589
17608
17612
17614
17633
17667
17670
17733
17762
17780
17781
17815
17857
17956
17979
17995
18078
18093
18142
18153
18243
18341
18364
18376
18424
18432
18473
18503
18519
18536
18547
18563
18574
18581
18582
18587
18617
18636
18646
18689
18712
18759
18813
18840
18922
18937
18975
18992
19040
19075
19095
19114
19117
19127
19198
19213
19216
19220
19257
19266
19325
19357
19388
19415
19447
19458
19544
19592
19604
19635
19677
19718
19747
19760
19773
19774
19792
19830
19886
19895
19901
19937
19960
19983
20027
20050
20063
20065
20127
20134
20135
20170
20238
20263
20269
20276
20297
20298
20329
20369
20413
20463
20469
20486
20488
20531
20573
20661
20684
20690
20696
20704
20716
20741
20760
20805
20860
20866
20892
20927
20931
20956
20963
20995
21011
21012
21013
21050
21079
21092
21101
21144
21145
21169
21171
21195
21271
21291
21316
21337
21348
21356
21379
21384
21396
21460
21524
21529
21558
21601
21606
21610
21691
21754
21824
21839
21843
21852
21853
21863
21877
21901
21915
21955
22009
22058
22076
22082
22099
22123
22162
22186
22187
22190
22226
22245
22264
22289
22294
22310
22312
22335
22338
22345
22372
22418
22498
22516
22529
22543
22586
22605
22614
22642
22668
22720
22805
22810
22833
22840
22869
22885
22924
22935
22972
22979
23057
23079
23091
23107
23121
23132
23136
23149
23226
23265
23270
23285
23288
23335
23351
23365
23372
23385
23457
23463
23476
23483
23520
23528
23559
23562
23572
23577
23591
23603
23685
23735
23793
23810
23825
23839
23862
23875
23899
23907
23914
23931
23999
24038
24062
24088
24094
24124
24130
24170
24239
24248
24291
24308
24317
24337
24397
24421
24432
24487
24539
24588
24665
24668
24686
24691
24704
24737
24744
24800
24820
24869
24870
24909
24937
25009
25013
25058
25059
25062
25068
25091
25116
25129
25130
25175
25196
25274
25286
25354
25386
25507
25533
25556
25639
25647
25683
25692
25696
25718
25720
25724
25736
25755
25791
25807
25833
25842
25877
25879
25893
25923
25927
25931
25947
25964
25976
25994
26000
26019
26040
26093
26099
26119
26122
26147
26167
26195
26238
26247
26281
26331
26352
26357
26367
26397
26419
26423
26425
26426
26539
26574
26582
26619
26656
26665
26678
26711
26735
26754
26803
26823
26886
27020
27058
27089
27150
27161
27167
27219
27282
27326
27329
27365
27394
27404
27422
27456
27459
27493
27500
27505
27534
27536
27592
27696
27707
27731
27753
27776
27810
27823
27868
27902
27905
27932
27996
28025
28049
28073
28104
28109
28141
28151
28166
28183
28216
28219
28322
28324
28350
28390
28454
28460
28466
28467
28478
28493
28524
28555
28609
28661
28666
28667
28676
28679
28691
28810
28823
28842
28851
28865
28886
28895
28919
28943
28981
29003
29047
29060
29064
29093
29113
29128
29139
29170
29198
29209
29222
29229
29249
29263
29265
29345
29358
29367
29372
29383
29467
29484
29504
29505
29524
29541
29548
29558
29595
29613
29645
29654
29659
29683
29690
29691
29707
29768
29814
29834
29876
29909
29917
29934
29938
29970
29979
29981
30001
30022
30023
30070
30096
30111
30153
30165
30181
30182
30197
30211
30247
30292
30343
30381
30395
30437
30479
30481
30505
30546
30550
30632
30682
30705
30717
30738
30760
30783
30799
30809
30861
30905
30915
30936
30961
30982
30984
31011
31021
31030
31095
31113
31132
31140
31141
31142
31152
31209
31240
31254
31304
31339
31364
31388
31419
31427
31428
31449
31456
31509
31519
31542
31546
31551
31559
31561
31624
31669
31696
31701
31726
31732
31779
31807
31808
31829
31850
31946
31996
31997
32024
32030
32040
32074
32093
32102
32118
32300
32304
32322
32339
32349
32353
32355
32364
32394
32408
32428
32433
32458
32498
32506
32552
32559
32611
32629
32670
32688
32765
32840
32866
32991
33022
33049
33065
33154
33165
33182
33196
33235
33247
33251
33253
33302
33303
33312
33316
33337
33344
33382
33395
33405
33480
33489
33517
33601
33650
33688
33716
33757
33762
33801
33811
33835
33836
33850
33873
33942
33980
33992
33998
34042
34110
34201
34218
34237
34255
34274
34320
34324
34355
34399
34431
34455
34457
34532
34669
34703
34718
34729
34731
34750
34763
34768
34786
34799
34801
34820
34837
34844
34874
34879
34933
34949
34975
35000
35015
35074
35115
35143
35149
35151
35179
35186
35214
35234
35236
35251
35272
35312
35338
35410
35418
35437
35478
35516
35548
35586
35633
35659
35667
35670
35693
35726
35849
35850
35861
35922
35937
35954
35987
36002
36032
36071
36076
36086
36089
36090
36097
36098
36129
36152
36158
36160
36217
36239
36253
36324
36377
36415
36423
36426
36457
36466
36470
36493
36505
36509
36510
36525
36536
36540
36548
36567
36573
36574
36579
36588
36616
36631
36689
36860
36866
36915
36935
36967
36988
37010
37013
37024
37027
37041
37077
37081
37092
37115
37123
37137
37239
37248
37260
37335
37350
37353
37425
37428
37439
37472
37505
37508
37517
37526
37545
37548
37551
37556
37637
37664
37678
37720
37750
37760
37771
37795
37799
37846
37858
37881
37901
37913
37939
37946
37975
38032
38050
38099
38113
38175
38177
38182
38187
38198
38222
38278
38297
38362
38415
38442
38509
38562
38563
38564
38579
38605
38663
38685
38688
38715
38735
38756
38761
38762
38764
38766
38769
38791
38797
38810
38841
38863
38867
38868
38881
38935
39061
39143
39155
39162
39189
39204
39261
39262
39266
39275
39307
39325
39410
39474
39491
39520
39581
39614
39640
39674
39685
39718
39721
39743
39760
39768
39771
39804
39812
39862
39874
39888
39914
39915
39944
40014
40016
40032
40047
40077
40096
40101
40126
40183
40221
40243
40245
40286
40332
40362
40410
40461
40466
40471
40473
40487
40545
40586
40588
40590
40628
40655
40665
40694
40726
40732
40744
40769
40778
40793
40812
40818
40881
40896
40912
40919
40958
40985
40991
40994
41019
41023
41078
41096
41100
41108
41139
41142
41187
41249
41262
41266
41275
41284
41296
41368
41388
41408
41448
41451
41453
41461
41487
41508
41528
41591
41614
41667
41677
41683
41717
41738
41782
41811
41839
41890
41891
41913
41948
41953
41959
41966
42026
42044
42053
42142
42147
42176
42217
42239
42246
42418
42423
42464
42477
42498
42509
42536
42562
42564
42568
42623
42645
42646
42658
42677
42689
42696
42698
42710
42742
42786
42787
42801
42823
42878
42884
42890
42969
42980
42985
42990
43019
43022
43046
43075
43116
43119
43121
43138
43154
43165
43228
43235
43285
43325
43425
43430
43445
43519
43551
43562
43638
43652
43663
43665
43713
43724
43733
43754
43757
43785
43798
43815
43822
43862
43870
43926
43981
43990
44050
44080
44085
44132
44183
44196
44246
44253
44257
44261
44268
44272
44320
44343
44349
44354
44384
44385
44403
44416
44451
44497
44503
44536
44539
44548
44552
44569
44582
44585
44669
44719
44735
44751
44776
44846
44859
44867
44868
44885
44908
44928
44936
44948
44955
45014
45027
45030
45053
45079
45129
45163
45176
45179
45180
45255
45270
45284
45309
45358
45369
45376
45400
45432
45450
45497
45527
45589
45606
45633
45634
45635
45644
45680
45691
45775
45780
45790
45818
45826
45850
45886
45895
45916
45917
45929
45965
45967
46059
46080
46090
46121
46126
46135
46142
46143
46160
46167
46171
46181
46187
46213
46217
46239
46291
46303
46374
46385
46406
46415
46416
46464
46470
46472
46520
46576
46600
46627
46630
46653
46690
46697
46851
46880
46923
46930
46998
47063
47157
47191
47195
47223
47267
47274
47282
47307
47325
47326
47341
47350
47357
47384
47438
47445
47525
47630
47694
47728
47764
47775
47882
47892
47900
47963
47971
48011
48016
48048
48084
48124
48214
48294
48298
48307
48320
48325
48367
48383
48389
48426
48430
48432
48447
48457
48477
48495
48589
48595
48607
48620
48635
48647
48693
48723
48736
48756
48766
48770
48810
48837
48853
48855
48918
48923
48997
48999
49032
49054
49078
49119
49137
49147
49185
49190
49212
49215
49242
49248
49348
49375
49392
49395
49411
49432
49463
49507
49532
49537
49538
49546
49547
49598
49603
49604
49606
49615
49618
49684
49740
49751
49791
49889
49910
49912
49913
49924
49925
49979
