11
40
43
51
121
130
179
216
218
227
251
254
306
329
334
344
392
413
417
466
524
548
582
596
610
616
617
659
687
692
700
704
712
752
798
856
865
903
931
953
973
1014
1040
1050
1080
1118
1138
1146
1172
1182
1191
1225
1233
1288
1317
1334
1368
1413
1430
1434
1466
1470
1490
1504
1532
1541
1576
1598
1656
1706
1727
1762
1771
1793
1797
1806
1829
1847
1880
1888
1902
2001
2056
2147
2164
2180
2237
2283
2290
2310
2335
2338
2339
2351
2362
2405
2408
2426
2442
2471
2479
2485
2541
2582
2587
2589
2591
2617
2677
2682
2746
2789
2852
2876
2889
2908
2924
2936
2949
2967
2990
3013
3029
3059
3091
3105
3118
3145
3158
3168
3193
3195
3222
3240
3247
3253
3291
3340
3380
3383
3439
3475
3495
3498
3533
3542
3559
3629
3647
3652
3653
3664
3675
3717
3729
3759
3800
3806
3809
3830
3955
3958
4099
4109
4115
4139
4159
4174
4187
4227
4238
4250
4253
4262
4309
4312
4316
4345
4361
4366
4458
4461
4471
4490
4549
4550
4577
4618
4636
4640
4654
4662
4670
4696
4701
4766
4809
4814
4893
4901
4933
4950
5009
5110
5170
5173
5185
5191
5222
5278
5471
5473
5512
5570
5573
5593
5628
5629
5637
5701
5710
5734
5744
5753
5831
5837
5893
5895
5917
5944
5958
5970
5986
5990
6006
6044
6202
6204
6219
6246
6254
6289
6350
6420
6430
6504
6548
6611
6649
6653
6655
6728
6813
6850
6921
7058
7073
7121
7139
7172
7213
7225
7236
7261
7270
7280
7281
7384
7418
7436
7437
7445
7589
7636
7659
7663
7666
7692
7695
7704
7755
7768
7769
7810
7812
7844
7847
7852
7934
7955
7963
7982
8011
8063
8072
8073
8101
8109
8165
8184
8199
8217
8239
8246
8252
8288
8301
8309
8369
8384
8411
8484
8488
8506
8527
8534
8572
8578
8634
8650
8657
8664
8693
8738
8750
8801
8804
8811
8850
8861
8871
8909
8914
8991
8997
9058
9061
9090
9113
9237
9258
9333
9342
9359
9361
9399
9420
9436
9444
9547
9565
9602
9603
9697
9794
9858
9870
9877
9884
9889
9917
9930
9952
9964
9967
9985
10007
10045
10128
10170
10200
10203
10243
10260
10268
10274
10294
10305
10306
10324
10326
10414
10429
10494
10498
10553
10560
10610
10622
10635
10700
10748
10754
10761
10766
10795
10818
10842
10923
10932
10959
11085
11150
11161
11166
11171
11244
11254
11273
11331
11337
11359
11361
11363
11376
11382
11418
11426
11456
11473
11505
11580
11619
11635
11651
11663
11674
11678
11695
11722
11726
11778
11792
11816
11844
11864
11990
11991
12061
12076
12079
12102
12114
12144
12170
12177
12219
12226
12252
12350
12353
12370
12372
12376
12437
12465
12544
12549
12564
12579
12582
12589
12608
12615
12644
12668
12744
12805
12837
12839
12858
12875
12941
12970
12995
13029
13044
13053
13070
13074
13075
13095
13096
13109
13122
13131
13173
13174
13186
13192
13209
13217
13235
13241
13244
13251
13269
13279
13303
13329
13346
13372
13409
13414
13427
13429
13474
13536
13549
13562
13584
13615
13630
13631
13658
13661
13667
13735
13752
13757
13797
13824
13833
13843
13924
13935
13947
13959
13995
14032
14079
14184
14216
14260
14266
14299
14315
14328
14348
14384
14424
14476
14488
14515
14545
14611
14612
14649
14652
14657
14663
14700
14748
14791
14814
14827
14855
14860
14864
14872
14891
14921
14990
14991
14994
15037
15081
15100
15152
15218
15220
15222
15228
15258
15267
15285
15331
15379
15388
15439
15512
15521
15533
15547
15551
15585
15601
15637
15694
15699
15746
15754
15780
15782
15840
15853
15863
15912
15988
15996
15998
16046
16054
16071
16095
16105
16138
16183
16196
16262
16275
16277
16367
16370
16379
16380
16403
16412
16413
16503
16533
16544
16546
16552
16576
16624
16638
16641
16671
16705
16724
16733
16771
16775
16797
16810
16894
16899
16935
16949
16960
17003
17011
17026
17027
17034
17061
17068
17244
17248
17253
17268
17332
17349
17353
17388
17425
17499
17508
17583
17585
17651
17664
17668
17757
17768
17811
17825
17842
17864
17871
17885
17894
17914
17936
17962
17970
18069
18175
18177
18201
18225
18231
18243
18245
18275
18280
18353
18368
18378
18386
18392
18433
18443
18477
18484
18521
18551
18559
18591
18713
18715
18720
18741
18773
18779
18786
18791
18805
18812
18847
19000
19008
19023
19040
19096
19123
19138
19152
19164
19208
19234
19236
19249
19269
19274
19275
19308
19341
19366
19369
19379
19388
19461
19464
19467
19499
19501
19524
19577
19581
19640
19644
19654
19657
19690
19691
19692
19762
19787
19802
19814
19821
19831
19839
19846
19853
19881
19910
20007
20014
20028
20039
20044
20050
20055
20074
20087
20116
20121
20146
20151
20166
20180
20192
20201
20257
20270
20278
20296
20342
20409
20418
20428
20432
20472
20482
20495
20501
20502
20516
20535
20546
20556
20631
20677
20690
20691
20714
20721
20750
20762
20765
20827
20831
20856
20866
20876
20892
20898
20952
20954
20993
21018
21024
21030
21058
21060
21062
21078
21097
21134
21176
21216
21248
21281
21285
21308
21349
21358
21410
21435
21441
21442
21454
21498
21508
21553
21571
21578
21610
21612
21617
21700
21723
21739
21764
21773
21793
21837
21859
21863
21865
21913
21917
21941
21969
22005
22078
22082
22097
22131
22183
22258
22285
22306
22378
22481
22545
22554
22570
22582
22583
22608
22623
22633
22729
22782
22805
22834
22844
22856
22864
22873
22950
23002
23018
23036
23074
23100
23105
23123
23131
23141
23208
23216
23221
23239
23284
23291
23306
23310
23340
23406
23411
23424
23438
23454
23505
23519
23530
23540
23580
23596
23597
23630
23651
23733
23750
23760
23801
23843
23895
23923
23938
23985
23995
24068
24082
24084
24140
24195
24199
24208
24209
24240
24245
24250
24251
24257
24273
24280
24305
24372
24378
24380
24395
24402
24406
24421
24446
24509
24510
24522
24563
24566
24593
24615
24631
24636
24664
24724
24727
24776
24833
24907
24959
25006
25013
25016
25026
25073
25083
25097
25171
25176
25193
25213
25230
25331
25448
25449
25456
25458
25472
25520
25533
25561
25566
25589
25644
25663
25673
25684
25702
25775
25831
25855
25857
26017
26039
26109
26114
26121
26157
26160
26174
26193
26224
26231
26232
26253
26264
26275
26306
26326
26368
26393
26451
26453
26479
26492
26507
26516
26532
26540
26554
26563
26574
26591
26626
26651
26673
26683
26707
26760
26777
26794
26822
26867
26878
26896
26914
26940
26958
26983
27006
27134
27136
27159
27162
27175
27243
27260
27261
27273
27331
27379
27398
27466
27491
27528
27607
27620
27647
27672
27673
27693
27705
27794
27819
27847
27872
27880
27889
27896
27924
27953
27963
28050
28075
28088
28117
28147
28198
28206
28217
28220
28230
28263
28278
28282
28358
28359
28375
28456
28474
28500
28572
28576
28649
28666
28681
28718
28727
28754
28804
28852
28925
28992
29004
29028
29031
29039
29040
29052
29061
29092
29111
29116
29124
29128
29170
29218
29240
29256
29314
29318
29382
29418
29423
29446
29501
29504
29519
29550
29553
29577
29641
29697
29734
29763
29785
29837
29875
29881
29904
29918
29929
29948
29976
29986
29987
30021
30081
30120
30172
30207
30215
30221
30222
30244
30284
30312
30374
30384
30398
30407
30477
30511
30520
30543
30548
30569
30610
30615
30625
30691
30781
30797
30800
30840
30852
30890
30906
30907
30911
30919
30922
30938
30995
31042
31047
31048
31049
31059
31065
31100
31112
31134
31150
31151
31171
31174
31201
31217
31250
31274
31287
31295
31299
31404
31417
31458
31487
31544
31596
31613
31657
31755
31759
31763
31787
31847
31869
31877
31912
31966
31986
31991
32009
32039
32068
32070
32077
32084
32096
32122
32171
32182
32186
32188
32213
32229
32258
32269
32272
32311
32332
32373
32405
32440
32449
32459
32487
32490
32511
32569
32633
32640
32670
32689
32691
32699
32714
32734
32757
32771
32795
32809
32828
32874
32904
32919
32944
32956
33007
33017
33107
33117
33133
33145
33164
33175
33189
33201
33212
33250
33332
33370
33379
33392
33396
33405
33414
33438
33469
33576
33587
33591
33646
33692
33704
33721
33742
33774
33796
33800
33816
33822
33858
33865
33884
34010
34018
34076
34103
34127
34128
34130
34136
34139
34162
34189
34217
34259
34272
34287
34323
34353
34372
34378
34394
34401
34402
34441
34460
34472
34514
34516
34534
34570
34586
34611
34635
34638
34683
34695
34707
34713
34779
34792
34806
34813
34838
34853
34859
34938
35032
35067
35069
35190
35200
35265
35294
35298
35343
35379
35380
35390
35399
35425
35427
35429
35508
35512
35533
35541
35577
35621
35643
35662
35702
35708
35711
35720
35748
35809
35820
35828
35846
35871
35901
35905
35915
35955
35957
35979
36013
36037
36116
36166
36180
36191
36260
36268
36285
36304
36345
36386
36387
36447
36459
36475
36514
36522
36566
36576
36597
36601
36608
36620
36626
36629
36665
36675
36686
36691
36704
36723
36730
36737
36758
36759
36776
36821
36873
36885
36887
36922
36928
36933
36959
36962
36979
37028
37038
37049
37089
37115
37123
37210
37213
37224
37238
37246
37278
37299
37323
37350
37358
37376
37404
37429
37438
37457
37459
37506
37507
37532
37549
37550
37554
37586
37594
37596
37618
37629
37640
37665
37669
37707
37728
37766
37772
37882
37905
37926
37948
37983
37985
37989
38024
38029
38037
38038
38067
38071
38115
38142
38151
38201
38219
38248
38302
38314
38318
38349
38355
38387
38396
38402
38415
38421
38477
38479
38525
38537
38579
38614
38627
38650
38656
38673
38708
38711
38720
38726
38728
38744
38799
38808
38821
38835
38848
38853
38881
38903
38910
38931
38932
38964
38997
39011
39013
39237
39289
39298
39361
39363
39479
39497
39531
39539
39551
39582
39688
39706
39727
39774
39782
39805
39807
39811
39833
39862
39864
39866
39877
39909
39928
39935
39939
39973
40037
40093
40101
40114
40128
40179
40184
40205
40213
40232
40245
40316
40327
40329
40364
40368
40470
40488
40493
40511
40527
40530
40564
40582
40609
40649
40650
40667
40673
40698
40725
40729
40806
40856
40890
40920
40964
40971
40997
41041
41062
41069
41091
41093
41108
41136
41178
41197
41200
41214
41262
41285
41298
41300
41304
41307
41380
41432
41440
41453
41463
41488
41493
41502
41538
41578
41592
41595
41606
41684
41687
41735
41779
41788
41813
41817
41840
41854
41871
41890
41907
41908
41914
41951
41979
42057
42088
42126
42157
42185
42198
42235
42349
42353
42373
42395
42442
42452
42468
42490
42499
42539
42548
42587
42598
42630
42650
42675
42701
42741
42744
42759
42796
42832
42887
42888
42947
42954
42973
42998
43000
43007
43039
43055
43069
43097
43142
43155
43160
43217
43250
43263
43289
43339
43408
43417
43515
43536
43553
43576
43608
43623
43647
43672
43679
43718
43724
43737
43766
43788
43789
43798
43809
43811
43819
43865
43891
43905
43931
43933
43970
44025
44034
44049
44100
44109
44118
44150
44168
44182
44209
44210
44220
44221
44249
44284
44319
44338
44350
44370
44388
44393
44430
44450
44478
44501
44504
44535
44568
44582
44609
44611
44666
44715
44808
44830
44837
44862
44885
44914
44926
44933
44938
44954
44961
45036
45080
45098
45123
45125
45143
45167
45194
45241
45255
45353
45382
45385
45394
45432
45450
45469
45477
45517
45519
45571
45585
45592
45609
45615
45625
45673
45687
45748
45760
45789
45797
45818
45840
45845
45873
45885
45902
46008
46009
46022
46040
46090
46130
46164
46176
46183
46202
46237
46246
46273
46302
46311
46315
46344
46349
46366
46402
46405
46419
46420
46422
46443
46457
46461
46481
46509
46515
46545
46571
46589
46621
46627
46647
46703
46770
46775
46825
46858
46880
46887
46914
46915
46968
46973
46976
46987
46989
47005
47023
47097
47115
47141
47153
47165
47170
47183
47229
47255
47274
47278
47283
47286
47290
47294
47309
47330
47362
47363
47388
47392
47422
47426
47465
47472
47477
47516
47525
47552
47615
47623
47640
47653
47683
47687
47717
47773
47777
47787
47809
47822
47836
47877
47922
47937
47962
47980
47981
47996
48022
48042
48049
48057
48112
48133
48158
48163
48252
48256
48301
48314
48345
48350
48391
48417
48441
48547
48557
48567
48582
48641
48649
48690
48721
48745
48747
48790
48802
48803
48833
48841
48846
48861
48895
48912
48940
48945
48985
49074
49085
49134
49147
49170
49180
49191
49255
49270
49274
49350
49355
49359
49366
49372
49390
49398
49403
49426
49428
49504
49512
49546
49577
49582
49591
49618
49620
49686
49734
49740
49749
49792
49796
49828
49845
49872
49892
49904
49947
49964
49983
49991
