4
40
121
142
163
201
231
255
318
335
359
441
459
468
489
510
534
575
631
637
660
687
692
724
734
827
861
902
989
1005
1013
1062
1067
1092
1111
1150
1189
1210
1251
1266
1270
1325
1359
1378
1431
1439
1462
1479
1486
1499
1507
1567
1644
1665
1667
1670
1673
1683
1748
1803
1820
1853
1858
1877
1879
1886
1932
1940
1957
1959
1991
1996
2013
2031
2075
2094
2118
2178
2207
2230
2263
2314
2315
2364
2445
2480
2487
2522
2559
2634
2711
2713
2721
2743
2748
2787
2833
2901
2943
2952
2959
2963
2979
2997
3009
3027
3041
3080
3123
3133
3156
3218
3222
3233
3308
3375
3414
3418
3438
3443
3451
3479
3493
3508
3509
3511
3527
3567
3579
3592
3608
3615
3644
3651
3661
3699
3744
3760
3817
3830
3878
3896
3919
3936
3941
3946
3968
3970
3971
3976
3978
3988
4034
4050
4111
4122
4142
4146
4162
4202
4213
4240
4262
4269
4285
4290
4294
4360
4408
4410
4431
4442
4456
4463
4469
4475
4480
4483
4509
4521
4592
4607
4615
4621
4656
4690
4704
4725
4729
4730
4759
4789
4799
4802
4844
4868
4935
4940
4941
4951
5070
5078
5080
5091
5107
5143
5181
5190
5243
5254
5295
5299
5318
5327
5333
5339
5397
5430
5461
5479
5480
5487
5536
5551
5555
5582
5597
5608
5633
5636
5659
5666
5672
5704
5712
5734
5758
5787
5791
5822
5838
5841
5851
5874
5898
5937
5945
5959
5974
5991
6000
6025
6027
6079
6115
6127
6128
6148
6188
6230
6277
6345
6373
6378
6420
6486
6503
6542
6553
6601
6618
6635
6685
6692
6699
6744
6780
6794
6799
6811
6870
6890
6972
6973
6981
6988
7015
7018
7046
7048
7062
7065
7072
7073
7077
7104
7193
7195
7236
7253
7256
7260
7315
7370
7374
7398
7417
7439
7455
7513
7543
7547
7558
7584
7637
7641
7648
7654
7658
7707
7731
7740
7786
7803
7815
7835
7899
7903
7930
7934
7952
7956
7970
7982
8014
8018
8078
8086
8114
8128
8159
8173
8185
8193
8222
8246
8298
8355
8365
8443
8460
8465
8475
8480
8486
8501
8508
8549
8554
8587
8595
8604
8619
8632
8642
8661
8699
8717
8736
8766
8776
8793
8807
8828
8836
8867
8869
8886
8903
8911
8942
8953
8957
9032
9042
9046
9112
9144
9178
9207
9249
9255
9296
9315
9356
9367
9388
9414
9435
9437
9464
9524
9569
9592
9620
9639
9642
9695
9698
9726
9740
9741
9759
9787
9790
9844
9880
9894
9903
9917
9954
9957
9975
9990
10005
10018
10027
10052
10068
10074
10159
10177
10204
10225
10247
10341
10376
10382
10403
10414
10418
10495
10545
10609
10610
10637
10682
10716
10730
10736
10782
10785
10819
10846
10876
10916
10927
10950
10972
11000
11028
11040
11059
11154
11164
11172
11173
11187
11195
11242
11280
11294
11322
11380
11409
11413
11419
11429
11447
11465
11529
11580
11587
11625
11659
11697
11699
11736
11750
11760
11763
11786
11847
11861
11880
11890
11894
11915
11927
11988
12032
12054
12114
12133
12154
12171
12240
12248
12293
12331
12364
12383
12394
12418
12423
12475
12507
12509
12519
12524
12569
12604
12611
12625
12655
12685
12696
12701
12713
12715
12771
12812
12813
12843
12847
12887
12900
12901
12963
12966
12981
12988
13029
13035
13041
13057
13131
13180
13210
13237
13252
13316
13336
13385
13465
13469
13502
13504
13519
13528
13549
13587
13589
13619
13634
13653
13667
13698
13706
13744
13767
13802
13837
13846
13848
13867
13883
13899
13923
13928
13961
13990
14037
14087
14143
14160
14166
14226
14280
14303
14317
14377
14468
14475
14508
14510
14532
14543
14564
14573
14577
14594
14595
14616
14618
14657
14763
14882
14891
14910
14950
14967
14987
14998
15011
15017
15041
15053
15091
15097
15100
15158
15185
15191
15224
15226
15265
15289
15295
15303
15341
15342
15359
15391
15397
15412
15427
15460
15462
15481
15495
15496
15510
15568
15591
15658
15707
15709
15720
15728
15741
15748
15797
15813
15819
15827
15872
15899
15908
15919
15931
16015
16031
16099
16113
16118
16154
16199
16241
16269
16285
16333
16339
16361
16399
16447
16514
16529
16575
16588
16595
16618
16638
16644
16652
16674
16686
16725
16727
16739
16749
16762
16770
16772
16827
16861
16866
16875
16882
16888
16903
16927
16943
17005
17010
17051
17058
17125
17161
17237
17257
17282
17348
17388
17449
17460
17492
17499
17535
17552
17637
17657
17659
17662
17669
17740
17791
17811
17906
17948
17961
18018
18028
18030
18034
18059
18073
18111
18137
18144
18186
18193
18319
18322
18330
18346
18368
18374
18381
18494
18499
18504
18575
18584
18601
18611
18639
18648
18682
18683
18729
18775
18784
18785
18798
18801
18821
18836
18846
18878
18900
18906
18978
19001
19004
19015
19052
19098
19144
19237
19255
19292
19337
19353
19356
19373
19393
19404
19406
19422
19461
19462
19483
19520
19526
19591
19640
19645
19663
19686
19724
19738
19742
19746
19779
19810
19821
19871
19881
19884
19911
19998
20010
20024
20041
20103
20114
20231
20252
20256
20258
20282
20312
20367
20373
20449
20459
20544
20559
20579
20597
20601
20610
20617
20651
20653
20657
20723
20739
20745
20811
20860
20935
20942
20982
20986
20991
21037
21054
21063
21079
21104
21118
21139
21156
21180
21197
21206
21256
21281
21303
21316
21356
21390
21417
21426
21457
21496
21502
21531
21576
21599
21610
21629
21630
21692
21725
21782
21872
21873
21875
22139
22178
22209
22273
22291
22306
22322
22323
22335
22340
22396
22402
22405
22406
22411
22427
22441
22466
22479
22487
22592
22624
22627
22656
22658
22676
22677
22691
22709
22734
22752
22792
22794
22826
22830
22925
22952
22966
22993
22999
23017
23129
23187
23212
23215
23226
23245
23278
23282
23289
23344
23394
23400
23420
23455
23459
23469
23518
23524
23530
23531
23537
23545
23557
23595
23607
23619
23629
23695
23702
23769
23773
23794
23798
23800
23819
23822
23842
23893
23904
23959
23960
23981
24022
24033
24091
24108
24124
24126
24138
24163
24171
24214
24279
24296
24297
24304
24339
24380
24394
24398
24399
24424
24478
24531
24541
24548
24591
24592
24596
24608
24615
24667
24670
24692
24704
24705
24746
24764
24771
24775
24777
24788
24822
24833
24839
24842
24847
24865
24909
24989
25024
25045
25054
25063
25077
25092
25097
25153
25154
25159
25168
25176
25179
25202
25203
25209
25230
25256
25265
25267
25274
25286
25301
25302
25317
25368
25383
25389
25398
25427
25453
25469
25471
25489
25499
25507
25544
25555
25560
25579
25583
25592
25601
25604
25608
25674
25708
25714
25768
25778
25787
25806
25828
25829
25836
25841
25864
25945
25949
25957
25966
25989
26055
26063
26065
26067
26093
26128
26297
26312
26316
26369
26374
26387
26394
26450
26477
26482
26484
26518
26555
26639
26649
26660
26676
26713
26720
26741
26744
26763
26764
26816
26888
26894
26918
26931
26956
26963
26971
26976
26993
27052
27065
27087
27100
27149
27155
27157
27165
27168
27203
27279
27318
27367
27394
27401
27425
27466
27497
27509
27552
27566
27577
27599
27618
27619
27649
27655
27666
27673
27696
27721
27737
27742
27885
27912
27919
27978
27988
28031
28054
28067
28089
28098
28140
28152
28173
28181
28199
28202
28207
28214
28244
28251
28252
28253
28263
28303
28306
28311
28337
28349
28371
28447
28504
28507
28609
28627
28637
28645
28652
28665
28689
28712
28736
28742
28780
28788
28856
28874
28877
28904
28950
28983
29011
29027
29032
29035
29061
29070
29091
29141
29143
29156
29169
29174
29208
29210
29233
29238
29264
29320
29336
29352
29372
29380
29391
29422
29535
29543
29555
29574
29598
29618
29621
29631
29645
29716
29717
29732
29742
29760
29769
29837
29838
29858
29876
29883
29924
29933
29945
29970
29999
30004
30016
30030
30052
30061
30121
30122
30156
30212
30244
30289
30297
30321
30326
30339
30374
30419
30471
30481
30506
30550
30589
30630
30643
30667
30671
30722
30725
30821
30833
30860
30864
30888
30905
30914
30944
31055
31122
31125
31126
31134
31139
31166
31173
31181
31197
31204
31257
31299
31301
31327
31343
31436
31438
31500
31508
31522
31530
31543
31562
31614
31621
31625
31631
31645
31655
31667
31696
31730
31778
31822
31861
31870
31912
31928
31933
32002
32020
32117
32133
32135
32156
32161
32171
32173
32191
32207
32246
32255
32319
32325
32359
32437
32490
32541
32550
32553
32577
32602
32676
32680
32689
32716
32752
32755
32796
32805
32821
32924
32953
32956
32974
32998
33040
33082
33122
33171
33210
33219
33228
33231
33255
33263
33267
33348
33364
33368
33402
33487
33512
33526
33550
33565
33681
33684
33695
33720
33734
33772
33786
33805
33807
33925
33945
33949
34022
34042
34056
34061
34071
34090
34094
34099
34113
34148
34156
34159
34161
34202
34212
34288
34315
34330
34334
34355
34362
34364
34369
34420
34447
34459
34469
34504
34549
34554
34663
34730
34747
34845
34898
34933
34986
35039
35082
35092
35128
35135
35139
35140
35186
35191
35232
35243
35244
35303
35363
35372
35443
35450
35453
35457
35499
35583
35594
35623
35626
35674
35715
35722
35723
35752
35795
35800
35822
35833
35856
35887
35989
36033
36055
36084
36088
36125
36143
36192
36312
36326
36329
36335
36381
36382
36403
36492
36509
36511
36515
36522
36536
36560
36613
36657
36667
36671
36736
36832
36845
36859
36873
36913
36923
36966
36984
36986
36994
37021
37035
37050
37062
37105
37115
37125
37176
37243
37261
37262
37271
37302
37377
37423
37428
37540
37542
37579
37626
37654
37667
37670
37710
37715
37729
37746
37769
37810
37834
37865
37885
37951
37981
38006
38026
38032
38045
38050
38108
38176
38188
38206
38207
38266
38267
38268
38283
38311
38367
38382
38387
38393
38420
38490
38508
38528
38531
38555
38569
38572
38578
38620
38637
38656
38674
38706
38712
38724
38767
38788
38792
38808
38824
38857
38897
38924
38965
38976
39009
39030
39140
39178
39205
39321
39338
39350
39357
39364
39407
39418
39436
39442
39465
39514
39560
39572
39588
39593
39599
39607
39643
39649
39707
39716
39755
39757
39807
39823
39920
39921
39925
39959
39972
39978
40002
40006
40020
40027
40050
40188
40194
40232
40233
40299
40324
40339
40348
40361
40396
40400
40410
40431
40486
40493
40504
40555
40557
40571
40598
40676
40683
40709
40800
40801
40837
40849
40898
40954
41010
41015
41026
41039
41104
41111
41233
41348
41351
41397
41398
41430
41456
41602
41613
41620
41645
41653
41656
41693
41708
41778
41798
41834
41843
41860
41861
41897
41903
41930
41941
41946
42027
42042
42100
42123
42177
42185
42238
42275
42278
42357
42365
42368
42391
42392
42450
42485
42505
42581
42589
42646
42698
42735
42754
42783
42803
42831
42833
42850
42879
42915
42957
42979
42986
43039
43070
43118
43136
43148
43151
43203
43224
43253
43255
43261
43331
43388
43394
43416
43417
43436
43464
43474
43563
43573
43581
43614
43654
43690
43693
43724
43738
43782
43786
43889
43894
43918
43940
43949
43951
43966
43973
43983
44006
44012
44018
44063
44185
44186
44209
44314
44321
44323
44325
44335
44336
44348
44417
44510
44518
44530
44537
44603
44659
44690
44703
44724
44746
44759
44772
44815
44861
44868
44878
44902
44903
44909
44911
44935
44945
44970
44990
45005
45053
45084
45133
45152
45159
45171
45179
45189
45237
45260
45286
45296
45339
45348
45352
45360
45364
45388
45391
45420
45429
45481
45488
45489
45499
45502
45523
45536
45540
45664
45666
45667
45673
45691
45740
45750
45758
45762
45795
45848
45889
45909
45918
45930
45953
45959
45966
45969
45979
45982
46020
46037
46079
46085
46093
46137
46328
46331
46375
46423
46436
46461
46477
46498
46513
46530
46562
46603
46604
46614
46633
46668
46681
46748
46781
46783
46792
46808
46924
46934
46958
46961
46963
47041
47046
47059
47064
47084
47096
47110
47129
47198
47205
47238
47241
47259
47311
47324
47344
47349
47354
47385
47403
47449
47452
47473
47542
47547
47552
47631
47645
47647
47670
47708
47716
47732
47754
47761
47866
47869
47870
47878
47887
47969
47987
47999
48047
48052
48054
48092
48117
48119
48134
48139
48172
48240
48357
48420
48458
48474
48493
48504
48521
48555
48596
48599
48602
48619
48623
48650
48652
48660
48674
48712
48721
48757
48772
48790
48798
48821
48842
48876
48947
48956
49002
49017
49022
49089
49099
49103
49147
49245
49249
49253
49254
49262
49277
49322
49326
49351
49352
49385
49399
49405
49412
49421
49424
49434
49449
49471
49504
49574
49576
49583
49632
49671
49731
49732
49739
49778
49790
49829
49840
49879
49901
49903
49956
49986
