13
24
57
65
86
99
151
163
174
202
203
209
233
288
304
335
372
398
403
411
413
418
456
457
475
482
502
595
614
685
693
702
732
761
783
793
881
942
978
1004
1026
1053
1065
1101
1145
1152
1154
1159
1176
1194
1207
1211
1224
1226
1232
1255
1257
1259
1281
1283
1309
1364
1365
1368
1405
1414
1432
1439
1466
1480
1502
1530
1544
1553
1556
1559
1576
1595
1676
1736
1739
1772
1806
1807
1828
1859
1901
1959
2002
2043
2050
2055
2057
2073
2082
2110
2150
2180
2320
2357
2360
2368
2386
2389
2521
2526
2535
2537
2557
2583
2584
2594
2606
2610
2617
2619
2624
2649
2655
2680
2688
2722
2727
2737
2771
2808
2838
2857
2915
2936
2988
3049
3085
3091
3105
3119
3173
3179
3187
3201
3217
3256
3265
3270
3308
3317
3318
3490
3559
3563
3585
3592
3600
3613
3672
3719
3752
3770
3773
3817
3862
3863
3884
3895
3909
3936
3950
3970
3986
3991
4017
4055
4057
4076
4100
4151
4179
4217
4240
4263
4302
4318
4345
4356
4407
4416
4423
4447
4484
4497
4510
4525
4527
4584
4598
4604
4609
4627
4638
4705
4714
4742
4750
4782
4788
4820
4838
4850
4895
4938
4945
4950
4990
5006
5014
5092
5128
5150
5200
5309
5333
5360
5403
5420
5423
5447
5468
5547
5562
5651
5734
5744
5775
5833
5886
5907
5949
5955
5966
6006
6030
6153
6214
6221
6243
6305
6391
6394
6399
6475
6575
6591
6607
6623
6626
6671
6696
6719
6732
6758
6779
6781
6783
6828
6853
6892
6901
6977
6985
6993
7015
7034
7076
7093
7111
7123
7174
7254
7345
7356
7401
7413
7505
7520
7534
7545
7548
7573
7598
7687
7718
7753
7761
7772
7773
7776
7792
7845
7884
7898
7910
7923
7925
7938
8002
8045
8048
8049
8072
8085
8096
8108
8171
8209
8223
8300
8325
8337
8353
8374
8388
8409
8426
8478
8525
8531
8533
8543
8615
8623
8627
8651
8652
8693
8751
8781
8786
8795
8797
8823
8855
8894
8901
8925
8970
8986
9012
9018
9020
9064
9066
9087
9102
9116
9118
9123
9133
9135
9151
9163
9165
9171
9192
9204
9211
9250
9258
9262
9282
9295
9334
9375
9395
9441
9453
9464
9488
9518
9519
9547
9594
9595
9610
9623
9636
9667
9726
9814
9869
9912
9931
9965
10035
10061
10069
10130
10175
10302
10306
10355
10371
10391
10392
10452
10457
10471
10524
10562
10585
10590
10618
10622
10645
10654
10664
10680
10719
10740
10762
10775
10862
10866
10878
10910
10928
10933
10941
10957
10983
11044
11099
11168
11251
11300
11306
11337
11340
11400
11403
11544
11576
11581
11589
11616
11659
11672
11687
11695
11709
11752
11770
11774
11790
11815
11837
11857
11864
11872
11932
11971
12027
12036
12048
12050
12052
12078
12134
12147
12224
12226
12281
12292
12300
12314
12319
12334
12392
12394
12405
12415
12420
12496
12567
12593
12594
12603
12622
12642
12655
12712
12736
12769
12772
12788
12795
12803
12848
12884
12899
12917
12924
12929
12934
12949
12989
13100
13138
13178
13186
13190
13242
13248
13283
13290
13291
13292
13311
13312
13314
13339
13394
13430
13450
13512
13531
13542
13592
13608
13609
13610
13634
13635
13663
13686
13710
13718
13740
13773
13799
13810
13835
13837
13844
13868
13872
13881
13918
13935
13961
13990
14004
14059
14134
14170
14188
14205
14219
14242
14255
14257
14261
14307
14325
14353
14403
14422
14426
14480
14493
14505
14592
14605
14609
14610
14641
14698
14699
14703
14737
14778
14782
14791
14822
14868
14897
14902
14909
14923
14956
14958
15012
15050
15104
15150
15175
15183
15197
15260
15303
15318
15337
15353
15355
15356
15396
15401
15405
15413
15437
15463
15471
15492
15495
15560
15561
15607
15651
15658
15730
15758
15774
15855
15862
15871
15875
15891
15954
15969
15999
16024
16037
16056
16095
16113
16162
16164
16190
16223
16233
16248
16297
16299
16305
16320
16326
16346
16350
16363
16372
16374
16376
16469
16478
16514
16517
16540
16550
16565
16599
16607
16626
16652
16659
16685
16724
16734
16739
16795
16814
16863
16872
16894
16910
16940
16955
16985
17009
17018
17062
17096
17110
17137
17171
17174
17182
17224
17230
17241
17242
17279
17298
17303
17396
17401
17405
17410
17413
17444
17475
17485
17516
17583
17584
17607
17627
17634
17680
17683
17705
17706
17741
17742
17760
17767
17779
17782
17803
17842
17848
17909
17994
18000
18002
18069
18118
18134
18152
18155
18177
18233
18242
18273
18282
18352
18359
18384
18394
18412
18466
18469
18544
18582
18589
18646
18681
18696
18700
18712
18741
18742
18755
18758
18760
18765
18876
18949
18961
19016
19035
19085
19099
19116
19132
19159
19180
19251
19299
19332
19363
19401
19403
19467
19477
19495
19529
19579
19620
19629
19660
19732
19740
19743
19753
19780
19782
19804
19827
19829
19853
19862
19968
19999
20012
20036
20075
20087
20117
20129
20212
20213
20223
20264
20270
20286
20288
20304
20326
20347
20349
20358
20376
20380
20431
20509
20517
20548
20578
20595
20641
20676
20724
20764
20770
20793
20809
20818
20821
20842
20844
20848
20863
20979
20991
21027
21076
21085
21132
21181
21201
21206
21238
21252
21280
21302
21309
21340
21386
21399
21419
21471
21486
21561
21572
21707
21725
21737
21739
21759
21774
21781
21785
21802
21819
21841
21844
21864
21944
21968
22028
22058
22093
22096
22147
22148
22169
22182
22186
22190
22222
22272
22310
22318
22322
22325
22339
22392
22418
22443
22466
22497
22549
22593
22595
22629
22639
22698
22700
22744
22806
22813
22877
22882
22886
22906
22933
22948
22956
22978
22987
22991
23045
23054
23068
23082
23104
23114
23133
23160
23209
23290
23334
23392
23413
23425
23494
23495
23506
23526
23543
23565
23569
23593
23596
23636
23697
23708
23726
23751
23758
23767
23781
23791
23797
23824
23879
23881
23894
23942
23999
24007
24020
24022
24051
24067
24102
24145
24153
24173
24175
24185
24213
24214
24266
24320
24328
24353
24359
24379
24475
24485
24496
24498
24535
24553
24565
24606
24608
24644
24658
24663
24679
24682
24693
24736
24749
24756
24800
24832
24853
24879
24885
24907
24918
24928
24932
24934
24939
24951
24956
24958
24962
24967
24969
24970
24979
24993
24996
24997
25041
25051
25074
25077
25087
25099
25102
25134
25162
25167
25177
25212
25214
25230
25296
25303
25320
25430
25446
25539
25540
25581
25629
25673
25733
25745
25788
25809
25813
25818
25819
25858
25935
25960
25964
26000
26014
26027
26060
26092
26113
26177
26204
26236
26249
26270
26273
26274
26366
26378
26382
26387
26403
26415
26421
26426
26427
26436
26455
26487
26510
26551
26560
26582
26583
26593
26613
26636
26639
26671
26680
26692
26796
26805
26806
26809
26827
26831
26840
26883
26960
26982
26983
27003
27036
27071
27119
27134
27147
27178
27194
27195
27397
27419
27465
27466
27479
27485
27500
27504
27599
27628
27660
27673
27741
27751
27786
27889
27899
27974
27998
28024
28066
28068
28080
28090
28155
28179
28196
28198
28302
28333
28354
28362
28399
28429
28448
28491
28643
28686
28706
28744
28768
28790
28804
28834
28844
28849
28861
28900
28909
28964
28993
29003
29113
29153
29156
29165
29201
29223
29264
29302
29315
29317
29364
29425
29448
29451
29504
29505
29522
29552
29555
29557
29563
29588
29607
29615
29633
29671
29672
29701
29717
29720
29756
29757
29763
29764
29783
29789
29809
29830
29832
29853
29856
29872
29924
29970
29988
29994
30005
30033
30088
30110
30114
30163
30165
30180
30206
30297
30298
30323
30336
30359
30387
30423
30424
30479
30493
30498
30508
30530
30553
30556
30567
30571
30574
30590
30651
30780
30811
30818
30856
30884
30962
30970
31088
31102
31125
31148
31179
31219
31255
31257
31263
31307
31328
31340
31360
31396
31434
31441
31473
31478
31528
31586
31621
31628
31645
31693
31723
31726
31730
31870
31881
31925
31956
31962
31982
32008
32016
32022
32095
32129
32132
32135
32203
32235
32270
32274
32285
32291
32300
32303
32312
32352
32365
32374
32384
32452
32482
32484
32500
32515
32526
32551
32564
32621
32628
32633
32645
32646
32651
32676
32706
32723
32728
32737
32747
32757
32775
32779
32783
32798
32818
32856
32911
32930
32931
33007
33029
33050
33101
33170
33187
33197
33203
33206
33216
33248
33259
33263
33333
33411
33457
33483
33501
33528
33560
33575
33621
33630
33642
33646
33652
33699
33716
33725
33765
33830
33840
33852
33927
33942
33964
33991
34000
34021
34027
34070
34080
34125
34170
34210
34249
34297
34303
34340
34385
34440
34473
34481
34483
34488
34514
34598
34599
34600
34605
34643
34661
34666
34695
34696
34706
34735
34786
34803
34841
34859
34870
34898
34908
34961
35051
35074
35084
35191
35201
35230
35244
35257
35264
35306
35310
35391
35410
35417
35419
35456
35483
35509
35510
35535
35542
35549
35592
35595
35596
35671
35687
35699
35732
35742
35744
35787
35789
35811
35824
35872
35881
35885
35900
35904
35915
35947
35957
35961
35962
35970
35991
36132
36148
36154
36175
36204
36230
36253
36265
36273
36301
36323
36345
36353
36405
36444
36451
36517
36519
36546
36547
36560
36584
36590
36625
36659
36660
36693
36754
36780
36818
36832
36848
36891
36900
36914
36952
36954
36963
36978
36987
37021
37040
37059
37080
37106
37129
37198
37244
37255
37270
37308
37322
37338
37381
37383
37389
37391
37392
37398
37426
37462
37482
37504
37558
37559
37623
37639
37645
37655
37666
37693
37713
37742
37788
37801
37809
37813
37872
37877
37895
37896
37969
38013
38051
38060
38070
38097
38136
38160
38165
38189
38241
38366
38369
38373
38399
38434
38439
38465
38487
38491
38517
38525
38581
38589
38591
38604
38628
38686
38735
38743
38775
38783
38786
38935
38958
38959
38989
39034
39077
39086
39194
39218
39280
39287
39291
39296
39301
39347
39349
39431
39491
39516
39573
39607
39628
39664
39675
39697
39721
39724
39742
39745
39757
39814
39869
39885
39896
39931
39984
40070
40074
40120
40121
40131
40151
40156
40179
40205
40206
40214
40251
40256
40333
40390
40426
40444
40471
40486
40541
40551
40582
40628
40638
40709
40713
40795
40798
40811
40812
40814
40838
40890
40898
40936
40972
41018
41037
41073
41102
41105
41191
41200
41252
41279
41300
41320
41349
41372
41412
41453
41456
41460
41470
41480
41487
41500
41545
41567
41572
41592
41652
41656
41749
41769
41804
41845
41861
41876
41916
41936
41982
41990
42015
42020
42022
42057
42066
42097
42123
42226
42236
42237
42255
42272
42356
42376
42386
42402
42414
42451
42468
42477
42478
42482
42497
42509
42539
42557
42605
42618
42619
42624
42643
42651
42719
42725
42757
42775
42816
42841
42863
42864
42865
42873
42907
42915
42933
42936
42944
42948
42959
42960
42966
43005
43006
43025
43043
43048
43056
43106
43155
43188
43239
43243
43299
43378
43395
43411
43444
43489
43497
43571
43639
43645
43647
43676
43683
43714
43721
43736
43765
43766
43789
43834
43884
43926
43988
44036
44053
44078
44123
44128
44268
44276
44282
44285
44291
44298
44391
44416
44468
44503
44509
44521
44659
44725
44729
44770
44779
44792
44855
44866
44893
44907
44963
44984
44985
45105
45110
45150
45198
45215
45234
45239
45264
45279
45282
45300
45321
45336
45405
45414
45434
45437
45478
45479
45523
45561
45635
45683
45702
45707
45731
45769
45830
45870
45881
45919
45932
45953
45958
45967
45974
45992
45998
46025
46087
46116
46122
46133
46164
46236
46237
46289
46341
46342
46348
46352
46368
46441
46476
46477
46488
46537
46558
46590
46625
46628
46630
46644
46663
46667
46669
46699
46738
46739
46779
46786
46792
46806
46823
46850
46884
46927
46945
46969
46972
46990
46998
47007
47104
47110
47166
47170
47176
47208
47220
47256
47283
47291
47353
47356
47365
47375
47401
47426
47434
47441
47457
47482
47491
47523
47537
47551
47585
47599
47614
47620
47626
47661
47675
47778
47782
47795
47804
47922
47925
47931
47935
47957
47970
47992
48019
48029
48072
48096
48102
48111
48126
48138
48162
48177
48214
48226
48227
48257
48303
48324
48358
48383
48386
48435
48437
48446
48469
48482
48508
48509
48548
48555
48584
48639
48645
48657
48669
48674
48678
48702
48703
48711
48755
48794
48809
48818
48822
48839
48852
48863
48864
48867
48886
48910
48932
48936
48966
49032
49052
49144
49173
49188
49213
49253
49260
49269
49287
49307
49308
49310
49320
49321
49348
49430
49453
49467
49470
49473
49478
49501
49514
49529
49537
49543
49576
49586
49597
49602
49607
49663
49763
49823
49825
49838
49841
49845
49871
49893
49926
49968
49985
49998
