11
24
32
51
52
95
216
220
230
256
301
327
389
398
428
433
447
462
490
494
503
504
530
569
576
590
698
712
722
728
733
771
801
816
828
860
861
864
870
914
956
964
1008
1030
1039
1042
1096
1110
1235
1247
1296
1305
1356
1360
1366
1375
1385
1387
1392
1396
1403
1418
1425
1514
1558
1570
1590
1591
1601
1611
1693
1706
1729
1737
1750
1757
1770
1771
1782
1835
1856
1858
1876
1949
1974
1997
2098
2148
2159
2163
2165
2245
2262
2301
2341
2370
2412
2490
2545
2611
2621
2658
2676
2681
2727
2738
2740
2742
2749
2777
2811
2841
2923
2959
2967
2984
3045
3054
3057
3123
3124
3171
3180
3184
3234
3239
3252
3261
3267
3295
3297
3357
3442
3496
3505
3522
3605
3614
3618
3676
3699
3740
3796
3866
3887
3908
3927
3942
3957
3962
3963
3969
3985
4005
4017
4050
4057
4064
4077
4093
4118
4136
4139
4181
4194
4222
4269
4297
4327
4371
4395
4496
4577
4611
4620
4646
4702
4716
4718
4751
4766
4777
4800
4825
4838
4847
4903
4932
4968
4971
5035
5036
5096
5171
5224
5228
5244
5249
5274
5280
5327
5332
5350
5369
5377
5431
5446
5498
5506
5563
5588
5628
5631
5714
5807
5870
5908
5915
5964
5974
5979
6022
6041
6056
6158
6160
6181
6194
6196
6220
6221
6293
6313
6316
6324
6373
6376
6406
6413
6424
6426
6428
6480
6487
6503
6542
6552
6558
6580
6581
6642
6647
6707
6728
6733
6745
6800
6808
6885
6888
6902
6930
7020
7078
7080
7143
7155
7165
7190
7204
7228
7265
7273
7281
7305
7344
7347
7353
7354
7371
7377
7392
7402
7405
7409
7416
7447
7459
7464
7475
7502
7530
7586
7623
7625
7702
7710
7759
7817
7854
7869
7909
7988
7996
7997
8001
8003
8005
8013
8033
8050
8118
8119
8180
8189
8236
8250
8307
8393
8413
8421
8455
8476
8478
8483
8524
8535
8547
8647
8660
8664
8672
8677
8717
8719
8725
8727
8736
8821
8822
8823
8827
8829
8888
8919
8924
8976
9048
9057
9068
9107
9125
9143
9146
9178
9244
9249
9269
9285
9327
9334
9366
9391
9441
9462
9468
9572
9620
9621
9623
9638
9644
9721
9729
9742
9781
9802
9809
9846
9932
9941
9942
9966
10052
10058
10063
10092
10122
10128
10168
10174
10209
10214
10224
10272
10296
10310
10348
10375
10386
10389
10395
10451
10460
10493
10504
10521
10563
10572
10604
10621
10623
10639
10646
10664
10693
10708
10709
10713
10730
10738
10786
10850
10863
10866
10872
10909
11000
11032
11096
11132
11141
11151
11204
11228
11305
11354
11374
11385
11457
11459
11465
11469
11486
11487
11510
11518
11527
11555
11562
11576
11607
11614
11646
11659
11706
11820
11851
11856
11869
11875
11879
11883
11891
11905
11993
12015
12071
12087
12113
12127
12132
12144
12159
12171
12191
12218
12247
12260
12276
12284
12321
12351
12354
12358
12376
12407
12408
12458
12461
12496
12525
12527
12546
12566
12581
12630
12657
12701
12704
12708
12711
12747
12753
12820
12822
12839
12865
12866
12888
12894
12927
12936
12944
12954
12955
12981
12984
12990
12995
12997
13006
13016
13040
13058
13063
13132
13220
13244
13248
13277
13305
13327
13331
13336
13369
13370
13378
13428
13436
13440
13465
13499
13557
13565
13579
13594
13597
13598
13617
13642
13645
13658
13712
13748
13773
13839
13880
13902
13927
13991
13995
14005
14018
14031
14068
14072
14089
14097
14123
14144
14154
14186
14257
14267
14272
14278
14283
14286
14314
14320
14330
14337
14385
14398
14430
14465
14484
14489
14491
14494
14549
14558
14641
14731
14786
14813
14816
14880
14951
15017
15020
15106
15141
15149
15152
15193
15320
15344
15371
15437
15474
15475
15493
15497
15543
15584
15593
15614
15621
15655
15658
15666
15686
15689
15693
15705
15735
15764
15778
15779
15806
15918
15920
15926
15976
15983
15990
16005
16008
16021
16025
16066
16068
16083
16100
16109
16129
16175
16176
16187
16194
16221
16256
16268
16273
16283
16298
16396
16423
16431
16449
16499
16500
16561
16612
16643
16652
16694
16708
16709
16719
16727
16733
16805
16891
16895
16921
16961
16997
17014
17025
17043
17064
17104
17105
17117
17127
17130
17153
17160
17168
17177
17193
17208
17216
17219
17228
17249
17311
17340
17350
17357
17397
17425
17501
17505
17523
17526
17566
17614
17697
17705
17713
17731
17752
17754
17773
17829
17851
17854
17949
17956
18031
18064
18100
18124
18129
18194
18294
18307
18319
18341
18367
18371
18394
18407
18457
18500
18537
18562
18657
18663
18668
18691
18717
18741
18757
18767
18825
18858
18863
18917
18995
18998
19095
19121
19133
19152
19161
19187
19201
19216
19247
19250
19267
19298
19320
19334
19339
19340
19403
19408
19411
19442
19454
19471
19475
19484
19499
19509
19521
19528
19570
19571
19610
19612
19628
19661
19666
19681
19805
19844
19863
19947
19956
19958
19967
19993
20002
20020
20028
20032
20042
20052
20091
20092
20155
20180
20187
20266
20280
20306
20316
20326
20331
20375
20396
20446
20460
20489
20491
20510
20566
20569
20572
20589
20620
20699
20708
20754
20813
20850
20856
20870
20904
20916
20988
21078
21128
21165
21210
21237
21275
21325
21344
21358
21396
21420
21467
21468
21488
21490
21504
21518
21547
21557
21609
21617
21634
21674
21680
21731
21743
21751
21778
21804
21827
21842
21901
21909
21911
21924
21931
21956
21972
21995
22062
22074
22109
22140
22240
22279
22323
22340
22345
22356
22379
22392
22398
22405
22462
22473
22509
22511
22566
22568
22581
22593
22599
22607
22662
22688
22712
22767
22770
22796
22805
22806
22842
22935
22944
22966
22984
23006
23037
23106
23130
23176
23179
23193
23194
23213
23260
23261
23270
23279
23341
23425
23426
23518
23539
23541
23553
23561
23584
23614
23627
23649
23651
23685
23686
23699
23721
23727
23770
23792
23805
23842
23866
23896
23961
23997
24006
24022
24072
24113
24132
24167
24171
24181
24210
24211
24212
24230
24252
24271
24308
24342
24343
24371
24405
24429
24449
24492
24571
24579
24594
24610
24625
24640
24654
24655
24657
24672
24734
24768
24811
24830
24847
24885
24893
25002
25003
25013
25019
25041
25043
25089
25133
25191
25235
25302
25305
25307
25346
25424
25466
25477
25481
25501
25506
25528
25538
25596
25625
25688
25701
25722
25734
25741
25771
25772
25814
25842
25854
25862
25924
25929
25976
25983
25998
26014
26022
26039
26100
26114
26203
26209
26253
26313
26340
26353
26374
26386
26442
26444
26499
26543
26563
26564
26658
26661
26745
26763
26850
26855
26856
26857
26886
26920
26930
26950
26977
27015
27016
27041
27055
27078
27080
27107
27151
27172
27240
27261
27281
27282
27294
27332
27380
27397
27404
27442
27443
27470
27475
27559
27575
27585
27604
27615
27619
27633
27647
27663
27685
27692
27700
27713
27730
27740
27827
27967
27976
28037
28048
28071
28072
28078
28089
28105
28108
28180
28183
28192
28217
28240
28254
28266
28277
28280
28284
28368
28383
28387
28388
28417
28434
28483
28513
28529
28562
28566
28574
28668
28687
28716
28723
28727
28749
28795
28825
28919
28963
28969
28973
28984
29018
29112
29123
29153
29167
29183
29210
29243
29248
29302
29333
29436
29441
29448
29494
29511
29522
29556
29558
29575
29586
29625
29680
29714
29825
29853
29887
29905
29932
29944
29958
29969
29979
29988
29994
30016
30035
30061
30076
30146
30176
30185
30233
30250
30289
30292
30309
30321
30333
30364
30390
30503
30516
30518
30532
30604
30635
30641
30642
30707
30711
30716
30733
30737
30741
30782
30790
30812
30830
30856
30861
30918
30956
30962
31039
31051
31068
31079
31115
31127
31148
31168
31192
31204
31247
31274
31288
31332
31350
31360
31376
31406
31464
31489
31492
31499
31545
31610
31619
31629
31672
31712
31727
31759
31776
31819
31844
31941
31955
32019
32036
32136
32169
32170
32184
32240
32263
32304
32316
32367
32376
32379
32488
32495
32519
32536
32607
32624
32627
32634
32688
32711
32741
32742
32754
32757
32766
32774
32778
32809
32832
32883
32896
32907
32926
32936
32943
33034
33037
33045
33083
33104
33109
33138
33182
33210
33271
33301
33335
33339
33342
33372
33438
33442
33486
33501
33510
33595
33655
33668
33694
33738
33761
33792
33835
33849
33856
33885
33893
33899
33906
33973
34018
34040
34048
34052
34061
34065
34071
34082
34094
34146
34175
34183
34216
34259
34262
34273
34274
34285
34286
34291
34298
34302
34363
34419
34421
34437
34446
34506
34513
34522
34550
34635
34639
34654
34703
34734
34775
34799
34832
34888
34934
34939
34963
34977
35055
35086
35102
35119
35120
35154
35198
35220
35233
35271
35281
35336
35339
35357
35359
35372
35385
35404
35438
35442
35480
35536
35572
35584
35595
35596
35614
35615
35635
35669
35699
35702
35717
35769
35812
35813
35824
35846
35859
35864
35890
35930
35974
35978
35986
35997
36009
36044
36064
36080
36109
36124
36191
36218
36231
36233
36244
36261
36276
36305
36307
36333
36363
36365
36372
36408
36516
36578
36672
36696
36700
36701
36729
36730
36735
36741
36757
36793
36822
36835
36850
36857
36888
36889
36943
36955
36968
36990
37030
37041
37052
37084
37113
37117
37121
37148
37164
37207
37215
37225
37235
37292
37337
37348
37359
37368
37379
37429
37430
37452
37537
37542
37556
37585
37604
37662
37667
37669
37683
37728
37746
37777
37796
37908
37923
37959
37972
37975
38034
38056
38076
38082
38091
38092
38115
38129
38142
38155
38162
38192
38206
38222
38241
38271
38300
38311
38376
38423
38432
38439
38458
38471
38636
38638
38716
38759
38768
38806
38809
38814
38815
38837
38880
38916
38921
38929
38946
39022
39026
39044
39055
39068
39071
39142
39181
39190
39257
39267
39278
39323
39336
39348
39389
39403
39409
39428
39502
39517
39529
39547
39551
39615
39630
39650
39653
39680
39682
39694
39702
39733
39742
39748
39751
39771
39805
39857
39863
39868
39871
39897
39898
39912
39944
39954
39959
39963
39969
39979
40002
40010
40060
40071
40077
40080
40084
40117
40123
40137
40178
40180
40204
40233
40259
40368
40374
40404
40475
40485
40497
40559
40570
40581
40662
40678
40690
40706
40715
40745
40756
40777
40783
40801
40836
40839
40853
40880
40903
40928
40948
40952
40973
40983
41035
41060
41067
41173
41207
41216
41222
41234
41251
41310
41311
41334
41342
41343
41350
41381
41415
41431
41432
41440
41453
41472
41530
41541
41608
41620
41647
41688
41722
41744
41745
41759
41804
41831
41872
41901
41991
41994
41997
42009
42011
42067
42080
42094
42101
42120
42127
42133
42187
42189
42202
42214
42267
42272
42299
42347
42389
42427
42445
42539
42544
42576
42600
42601
42620
42624
42659
42689
42697
42711
42712
42717
42747
42810
42825
42847
42853
42870
42880
42903
42920
42926
42946
42967
43002
43023
43073
43178
43195
43230
43231
43240
43262
43302
43332
43353
43363
43387
43389
43409
43455
43482
43590
43614
43620
43626
43670
43679
43682
43709
43738
43752
43772
43792
43798
43843
43845
43848
43850
43915
43920
43995
44029
44045
44047
44087
44144
44158
44180
44195
44199
44261
44281
44327
44396
44437
44490
44495
44496
44499
44562
44564
44570
44595
44602
44623
44642
44691
44707
44719
44726
44736
44747
44749
44767
44814
44829
44870
44875
44901
44919
44933
44946
44988
44990
44991
44993
45028
45031
45071
45072
45087
45094
45105
45213
45247
45248
45252
45279
45318
45333
45336
45426
45427
45442
45490
45524
45532
45536
45539
45554
45570
45619
45629
45673
45705
45717
45752
45781
45818
45833
45849
45855
45940
45958
45991
46020
46036
46039
46050
46108
46167
46180
46182
46183
46184
46195
46225
46246
46269
46271
46297
46304
46434
46445
46479
46525
46548
46574
46576
46596
46613
46625
46627
46681
46693
46703
46714
46749
46767
46768
46846
46854
46880
46888
46903
46908
46945
46950
46994
47048
47058
47079
47081
47125
47126
47155
47204
47207
47279
47323
47398
47415
47444
47468
47515
47525
47568
47605
47621
47624
47670
47684
47686
47699
47735
47737
47763
47805
47806
47816
47826
47854
47896
47904
47924
47953
47955
47984
47996
48008
48012
48014
48049
48057
48066
48126
48131
48141
48143
48187
48188
48200
48254
48294
48297
48308
48368
48371
48395
48436
48446
48561
48565
48568
48574
48586
48601
48643
48647
48709
48723
48735
48746
48760
48761
48785
48796
48826
48849
48932
48948
48980
48981
48987
49006
49008
49025
49035
49103
49124
49173
49188
49197
49209
49254
49293
49363
49364
49383
49393
49396
49423
49458
49549
49638
49656
49662
49699
49753
49780
49820
49874
49882
49905
