61
64
111
151
154
170
180
189
206
228
229
238
245
248
274
288
309
381
382
429
436
443
481
489
562
564
586
710
712
727
737
793
801
805
840
845
868
905
923
963
988
991
1000
1052
1103
1133
1155
1197
1260
1287
1292
1294
1316
1317
1376
1404
1435
1465
1470
1494
1515
1536
1538
1554
1593
1722
1729
1749
1770
1792
1824
1826
1830
1883
1886
1936
1959
2104
2111
2114
2121
2134
2146
2150
2154
2170
2202
2240
2241
2244
2258
2268
2280
2303
2335
2353
2363
2402
2415
2431
2501
2530
2601
2605
2619
2632
2650
2667
2694
2707
2720
2745
2809
2817
2862
2920
2925
2937
2959
3026
3034
3075
3076
3096
3110
3124
3149
3161
3163
3182
3188
3215
3231
3245
3247
3280
3289
3319
3325
3340
3354
3412
3414
3436
3437
3448
3483
3533
3557
3567
3592
3599
3606
3638
3651
3680
3733
3747
3760
3761
3781
3810
3814
3827
3835
3904
3946
3985
4007
4015
4024
4077
4081
4087
4127
4142
4178
4231
4253
4260
4266
4275
4279
4293
4317
4321
4339
4478
4487
4488
4507
4512
4533
4542
4550
4556
4567
4595
4605
4650
4654
4662
4670
4726
4752
4754
4779
4790
4858
4866
4881
4886
4912
4917
4955
4981
5005
5030
5048
5066
5097
5172
5179
5204
5206
5250
5262
5269
5311
5313
5334
5335
5422
5440
5449
5461
5493
5524
5565
5570
5620
5632
5640
5644
5648
5664
5677
5690
5701
5762
5787
5803
5824
5834
5871
5903
5956
6010
6143
6157
6218
6221
6255
6272
6340
6356
6361
6363
6368
6371
6406
6455
6493
6499
6512
6518
6543
6598
6618
6627
6715
6727
6739
6759
6768
6844
6857
6863
6869
6879
6884
6896
6906
6938
6952
6989
6994
7000
7012
7015
7028
7042
7043
7045
7076
7080
7112
7237
7276
7311
7324
7366
7375
7443
7461
7464
7489
7497
7500
7503
7515
7543
7559
7614
7617
7620
7637
7660
7666
7678
7681
7725
7743
7789
7805
7813
7841
7890
7906
7930
7934
7953
8002
8007
8031
8034
8056
8073
8175
8222
8225
8257
8281
8324
8337
8366
8396
8398
8426
8433
8438
8483
8491
8561
8611
8614
8631
8649
8668
8707
8717
8747
8824
8835
8841
8857
8865
8875
8951
8991
9025
9028
9054
9079
9114
9117
9122
9164
9166
9194
9211
9219
9220
9232
9252
9317
9330
9404
9418
9491
9502
9534
9543
9547
9570
9572
9612
9629
9643
9667
9668
9728
9731
9744
9786
9805
9907
9931
9966
9969
9970
10011
10014
10042
10066
10077
10086
10135
10300
10311
10352
10382
10403
10454
10464
10470
10472
10487
10492
10513
10593
10599
10605
10636
10647
10744
10746
10776
10781
10829
10860
10863
10881
10916
10929
10957
10972
11013
11016
11041
11044
11064
11075
11097
11117
11138
11152
11162
11174
11257
11262
11275
11283
11285
11305
11312
11328
11356
11381
11399
11467
11508
11511
11566
11572
11611
11615
11664
11666
11668
11671
11705
11726
11743
11773
11774
11799
11820
11855
11878
11932
11937
11960
12029
12053
12079
12090
12146
12148
12150
12152
12165
12166
12231
12271
12296
12406
12473
12474
12479
12493
12529
12579
12599
12623
12627
12676
12704
12707
12717
12783
12826
12839
12885
12924
12935
12980
12991
13009
13020
13024
13071
13075
13079
13087
13157
13194
13216
13310
13344
13357
13365
13382
13407
13418
13426
13439
13487
13591
13626
13635
13643
13660
13662
13667
13679
13682
13744
13832
13942
13944
13958
13980
14008
14027
14035
14136
14137
14245
14272
14292
14301
14371
14452
14467
14502
14510
14526
14545
14585
14637
14700
14725
14741
14743
14759
14790
14796
14841
14849
14897
14911
14919
14920
15016
15045
15065
15075
15134
15136
15143
15159
15199
15222
15223
15275
15302
15310
15321
15338
15401
15413
15424
15456
15481
15495
15518
15530
15562
15578
15612
15623
15651
15667
15668
15675
15698
15734
15739
15815
15857
15876
15912
15945
15950
15953
15988
16012
16019
16023
16050
16052
16113
16126
16148
16170
16233
16270
16277
16286
16304
16334
16392
16398
16405
16444
16449
16450
16517
16527
16592
16602
16615
16618
16627
16680
16694
16731
16755
16757
16772
16775
16832
16884
16889
16894
16897
16930
16962
17041
17074
17095
17108
17128
17134
17159
17195
17196
17201
17221
17226
17278
17299
17301
17320
17376
17448
17449
17526
17569
17608
17623
17637
17641
17654
17713
17734
17735
17753
17849
17854
17874
17928
17986
18001
18025
18035
18087
18108
18132
18136
18139
18288
18291
18331
18343
18438
18516
18523
18532
18540
18551
18559
18579
18603
18605
18635
18690
18735
18760
18785
18810
18831
18860
18865
18925
18931
18937
18960
19080
19083
19101
19134
19159
19183
19248
19294
19295
19308
19378
19403
19432
19463
19512
19519
19542
19543
19595
19619
19674
19700
19711
19725
19751
19774
19777
19829
19840
19915
19986
20039
20047
20053
20064
20084
20088
20103
20104
20148
20287
20315
20323
20337
20351
20374
20389
20437
20442
20475
20536
20575
20580
20619
20629
20645
20648
20687
20722
20724
20745
20755
20766
20775
20787
20821
20846
20850
20940
20947
20967
21037
21038
21044
21047
21064
21069
21100
21103
21116
21134
21173
21210
21226
21303
21305
21361
21364
21369
21375
21382
21392
21431
21455
21461
21463
21471
21474
21521
21535
21566
21639
21652
21661
21693
21706
21749
21772
21775
21834
21845
21855
21858
21864
21871
21873
21887
21908
21911
21912
21921
21938
21980
21981
21989
22011
22022
22050
22058
22067
22123
22146
22158
22166
22177
22203
22216
22235
22236
22274
22278
22299
22339
22357
22358
22365
22369
22392
22399
22423
22435
22445
22459
22492
22512
22543
22572
22621
22656
22669
22673
22734
22773
22776
22827
22842
22852
22879
22897
22907
22919
22944
22955
22978
22979
22987
23010
23017
23083
23139
23228
23230
23257
23269
23280
23376
23399
23419
23424
23474
23475
23481
23511
23522
23557
23564
23600
23619
23641
23649
23651
23660
23675
23705
23760
23855
23890
23915
23926
24003
24047
24073
24100
24137
24153
24195
24227
24229
24262
24303
24327
24340
24341
24345
24407
24466
24471
24487
24503
24532
24539
24546
24619
24677
24680
24681
24719
24758
24776
24789
24811
24821
24845
24933
24937
24938
24954
24986
25008
25027
25051
25057
25077
25106
25120
25187
25189
25211
25261
25293
25296
25322
25379
25388
25395
25439
25462
25528
25531
25550
25583
25589
25605
25654
25734
25740
25796
25847
25863
25875
25879
25888
25892
25909
25912
25948
25960
25991
26001
26011
26015
26035
26090
26151
26160
26163
26263
26285
26313
26367
26382
26389
26482
26514
26546
26562
26603
26613
26616
26682
26704
26724
26735
26766
26835
26847
26849
26867
26938
26943
26944
26945
26953
26987
27023
27031
27039
27076
27082
27095
27105
27111
27122
27153
27156
27161
27172
27174
27204
27209
27245
27275
27286
27342
27378
27387
27422
27427
27440
27448
27452
27472
27487
27502
27570
27571
27584
27595
27611
27644
27691
27704
27728
27729
27746
27776
27789
27810
27829
27839
27849
27893
27922
27931
27933
27942
28005
28018
28023
28044
28088
28093
28097
28137
28145
28177
28215
28226
28265
28274
28285
28287
28292
28310
28312
28316
28317
28365
28387
28444
28456
28465
28545
28562
28627
28672
28759
28793
28804
28858
28860
28881
28912
28932
28948
28949
28975
28989
29064
29088
29094
29138
29172
29203
29208
29227
29332
29335
29356
29362
29371
29402
29485
29486
29517
29522
29530
29531
29544
29545
29570
29608
29631
29638
29656
29687
29706
29747
29759
29841
29858
29888
29920
29967
30006
30065
30087
30103
30111
30114
30132
30153
30167
30175
30176
30179
30197
30199
30233
30263
30273
30290
30300
30304
30322
30327
30424
30429
30436
30442
30454
30487
30507
30517
30630
30639
30657
30691
30694
30709
30748
30802
30815
30851
30910
30946
30966
30985
31009
31043
31070
31106
31109
31144
31175
31205
31210
31238
31248
31267
31279
31305
31367
31394
31416
31424
31437
31513
31518
31524
31563
31582
31598
31603
31620
31663
31680
31694
31733
31752
31767
31801
31806
31809
31815
31817
31840
31841
31948
31970
31972
31978
32033
32052
32054
32057
32067
32125
32142
32145
32151
32186
32245
32276
32286
32374
32396
32405
32443
32463
32540
32542
32551
32556
32579
32587
32593
32612
32639
32693
32699
32718
32734
32757
32761
32764
32765
32773
32778
32801
32805
32811
32825
32826
32866
32870
32890
32895
32928
32946
32995
33015
33074
33081
33085
33089
33090
33139
33174
33186
33192
33209
33218
33234
33237
33248
33266
33299
33302
33335
33358
33445
33506
33507
33515
33520
33529
33534
33535
33558
33563
33592
33606
33614
33622
33637
33663
33672
33783
33871
33912
33922
33996
34028
34055
34108
34113
34114
34145
34163
34240
34270
34315
34326
34356
34507
34540
34573
34594
34625
34657
34688
34709
34714
34755
34762
34778
34789
34833
34853
34878
34885
34908
34972
34983
35138
35162
35163
35211
35227
35305
35325
35344
35403
35413
35425
35445
35453
35458
35459
35490
35584
35589
35602
35604
35612
35616
35636
35655
35720
35723
35779
35786
35811
35821
35834
35859
35866
35925
35939
36021
36047
36065
36072
36087
36136
36175
36216
36229
36238
36242
36315
36319
36340
36347
36356
36370
36412
36417
36501
36508
36524
36529
36534
36556
36564
36581
36588
36625
36628
36638
36640
36643
36683
36684
36694
36746
36766
36796
36834
36879
36880
36906
36929
36955
36996
37023
37035
37109
37143
37146
37191
37193
37205
37333
37339
37347
37358
37363
37373
37427
37460
37522
37533
37549
37588
37645
37663
37665
37722
37772
37778
37791
37792
37872
37881
37925
37966
38097
38205
38230
38266
38267
38275
38279
38299
38318
38336
38337
38340
38350
38368
38378
38392
38404
38415
38438
38452
38471
38482
38505
38514
38538
38547
38565
38574
38578
38582
38610
38618
38621
38671
38727
38731
38757
38765
38767
38782
38850
38858
38867
38870
38885
38897
38913
38947
38957
38984
39114
39137
39154
39159
39166
39168
39180
39191
39202
39206
39237
39238
39242
39301
39312
39324
39328
39369
39386
39407
39457
39530
39534
39542
39571
39648
39677
39686
39697
39701
39758
39773
39803
39807
39815
39819
39834
39902
39921
39989
39999
40006
40033
40070
40117
40126
40132
40140
40141
40147
40161
40177
40215
40225
40235
40248
40294
40308
40317
40348
40350
40360
40365
40399
40415
40416
40422
40427
40450
40467
40496
40504
40541
40590
40600
40622
40661
40696
40748
40753
40774
40803
40809
40823
40835
40892
40900
40924
40978
40980
40987
41004
41078
41133
41139
41166
41170
41174
41180
41295
41320
41330
41369
41412
41426
41431
41451
41469
41507
41513
41547
41603
41629
41639
41670
41685
41705
41739
41746
41751
41770
41819
41846
41869
41877
41900
41919
41959
42079
42131
42139
42155
42158
42186
42204
42354
42372
42396
42401
42413
42424
42425
42428
42479
42490
42518
42529
42557
42566
42568
42576
42617
42644
42654
42671
42677
42728
42735
42745
42753
42757
42768
42779
42842
42857
42872
42932
42935
42940
42943
43038
43074
43110
43111
43135
43186
43195
43201
43260
43263
43278
43293
43312
43319
43325
43343
43358
43387
43399
43405
43435
43490
43499
43576
43585
43624
43638
43641
43674
43755
43787
43792
43798
43842
43849
43903
43908
44000
44022
44106
44126
44131
44142
44154
44169
44180
44219
44221
44264
44322
44323
44426
44459
44567
44579
44625
44652
44731
44747
44750
44757
44762
44773
44811
44872
44895
44918
44945
44959
45002
45028
45039
45042
45091
45096
45162
45291
45338
45342
45358
45442
45443
45486
45523
45524
45542
45566
45569
45592
45615
45637
45639
45706
45757
45766
45782
45791
45802
45855
45858
45882
45895
45918
45921
45930
45944
45950
45962
45967
45990
46081
46123
46263
46293
46345
46358
46381
46392
46419
46421
46532
46554
46619
46637
46656
46710
46712
46735
46750
46785
46796
46800
46817
46825
46883
46885
46891
46944
46951
46969
46986
47079
47104
47110
47117
47132
47149
47184
47195
47197
47205
47227
47319
47406
47417
47453
47480
47495
47546
47556
47558
47564
47594
47598
47649
47687
47696
47701
47731
47797
47835
47970
47986
47987
48030
48063
48073
48089
48125
48134
48175
48185
48216
48231
48351
48404
48417
48425
48465
48484
48566
48573
48623
48643
48732
48737
48760
48817
48868
48894
48904
48940
48942
48956
48959
48984
49014
49061
49063
49150
49230
49255
49299
49314
49389
49434
49480
49560
49566
49584
49588
49620
49643
49649
49674
49680
49700
49717
49776
49779
49805
49807
49852
49853
49868
49894
49912
49929
49931
49938
49951
49958
49961
