18
116
117
139
194
240
279
328
384
439
453
487
511
523
528
538
544
582
588
611
635
708
731
759
771
795
803
813
834
863
974
999
1007
1016
1021
1051
1097
1099
1111
1191
1215
1233
1328
1362
1386
1389
1394
1426
1441
1499
1535
1549
1550
1553
1554
1590
1594
1655
1663
1693
1735
1772
1822
1839
1887
1892
1906
1909
1953
1955
1972
1977
2026
2064
2075
2076
2146
2159
2202
2214
2216
2229
2238
2243
2287
2323
2345
2354
2381
2391
2424
2430
2433
2438
2551
2614
2664
2718
2748
2749
2772
2834
2860
2865
2908
2926
2934
2948
2951
2978
3012
3161
3189
3200
3215
3221
3247
3271
3323
3336
3364
3377
3399
3414
3431
3440
3441
3451
3476
3492
3515
3539
3545
3598
3654
3695
3712
3824
3906
3911
3958
3986
3996
4033
4069
4071
4074
4097
4177
4208
4232
4259
4293
4304
4324
4349
4352
4357
4377
4379
4431
4444
4464
4468
4513
4534
4602
4604
4631
4676
4689
4693
4697
4728
4743
4761
4850
4860
4866
4894
4896
4911
4957
4961
4985
4987
4989
5023
5025
5027
5034
5046
5071
5074
5090
5113
5141
5145
5148
5153
5265
5293
5356
5405
5411
5436
5438
5464
5469
5494
5499
5500
5507
5514
5548
5582
5583
5584
5593
5640
5652
5659
5665
5669
5673
5686
5771
5793
5846
5855
5873
5891
5906
5946
5962
6008
6031
6066
6068
6116
6133
6148
6154
6165
6215
6222
6305
6314
6322
6357
6370
6381
6394
6404
6438
6453
6479
6491
6494
6510
6511
6525
6532
6533
6535
6543
6545
6555
6567
6572
6578
6584
6591
6602
6605
6610
6616
6656
6658
6663
6669
6731
6738
6768
6807
6837
6842
6859
6908
6960
6961
7003
7023
7032
7034
7037
7040
7044
7058
7077
7096
7100
7153
7156
7190
7208
7212
7213
7228
7234
7235
7347
7366
7402
7484
7503
7517
7535
7542
7567
7614
7623
7633
7643
7663
7710
7780
7784
7800
7822
7853
7866
7902
7908
7931
7951
8040
8091
8111
8113
8146
8155
8159
8192
8224
8253
8275
8277
8292
8302
8309
8341
8351
8390
8403
8433
8488
8490
8541
8589
8610
8622
8626
8629
8636
8641
8678
8712
8729
8730
8778
8779
8785
8845
8870
8875
8890
8915
8936
8986
9005
9009
9013
9050
9075
9090
9097
9141
9142
9145
9180
9185
9206
9209
9273
9304
9306
9373
9391
9394
9404
9438
9446
9464
9469
9487
9554
9619
9639
9650
9700
9715
9773
9781
9816
9822
9861
9867
9901
9912
9921
9931
9968
9988
9993
10026
10041
10048
10064
10072
10075
10113
10126
10133
10152
10163
10197
10207
10216
10241
10245
10286
10290
10305
10337
10339
10352
10390
10402
10408
10415
10422
10452
10519
10559
10567
10576
10612
10692
10693
10711
10768
10771
10773
10777
10785
10869
10938
10941
10955
10965
11014
11092
11174
11179
11190
11209
11233
11264
11316
11332
11342
11350
11359
11404
11415
11424
11430
11444
11456
11467
11492
11498
11558
11560
11568
11582
11627
11629
11653
11664
11676
11711
11739
11744
11750
11857
11871
11888
11939
11949
11960
12022
12029
12063
12067
12101
12120
12144
12195
12221
12249
12257
12275
12297
12301
12331
12342
12380
12414
12460
12463
12473
12486
12493
12510
12533
12545
12619
12620
12669
12702
12713
12728
12776
12788
12803
12804
12914
12978
12985
12991
13014
13025
13097
13108
13139
13179
13184
13204
13222
13256
13265
13282
13295
13312
13408
13439
13467
13511
13517
13524
13530
13571
13589
13593
13600
13627
13730
13731
13781
13813
13814
13836
13849
13903
13940
13949
13972
13975
13994
14064
14137
14159
14218
14231
14234
14252
14259
14303
14310
14410
14448
14470
14544
14564
14577
14618
14630
14677
14705
14713
14721
14778
14795
14811
14864
14870
14917
14944
14963
14975
15014
15035
15057
15125
15169
15182
15231
15263
15300
15305
15308
15367
15370
15377
15381
15396
15400
15405
15416
15439
15450
15471
15482
15529
15531
15540
15605
15675
15710
15724
15801
15836
15840
15876
15883
15890
15910
15929
15950
15973
16012
16081
16083
16091
16143
16147
16197
16214
16215
16232
16236
16257
16292
16317
16337
16344
16397
16461
16505
16514
16522
16533
16547
16567
16607
16619
16630
16639
16645
16655
16676
16727
16748
16753
16784
16870
16874
16943
16955
17024
17073
17079
17080
17129
17162
17202
17215
17218
17222
17248
17266
17292
17328
17348
17390
17397
17456
17494
17509
17544
17546
17563
17580
17588
17602
17620
17639
17645
17685
17733
17938
17960
17966
17981
18017
18018
18032
18053
18076
18102
18108
18140
18160
18222
18227
18240
18279
18283
18324
18327
18366
18434
18438
18451
18461
18493
18591
18609
18615
18623
18647
18648
18656
18693
18696
18732
18746
18749
18777
18818
18874
18893
18923
18949
18957
18986
19000
19006
19045
19106
19127
19152
19178
19203
19237
19265
19315
19321
19326
19333
19347
19354
19388
19392
19403
19437
19472
19484
19489
19502
19509
19511
19519
19611
19626
19672
19675
19687
19693
19811
19815
19834
19845
19877
19902
19908
19917
19918
19941
19952
20015
20083
20101
20108
20111
20139
20154
20218
20235
20238
20259
20281
20286
20294
20308
20356
20367
20404
20467
20473
20480
20487
20499
20508
20563
20566
20602
20646
20802
20805
20807
20809
20830
20859
20886
21012
21070
21082
21099
21146
21151
21152
21158
21203
21220
21265
21275
21295
21312
21316
21322
21395
21396
21398
21402
21409
21413
21416
21437
21439
21446
21452
21459
21472
21491
21501
21536
21555
21570
21579
21607
21636
21648
21659
21689
21709
21782
21809
21841
21850
21864
21896
21911
21943
21978
22015
22025
22031
22034
22043
22052
22099
22102
22112
22123
22169
22187
22226
22232
22242
22252
22336
22374
22434
22446
22472
22540
22580
22591
22597
22619
22639
22643
22742
22743
22790
22797
22816
22836
22860
22869
22904
22923
22961
22983
22997
23058
23059
23088
23092
23116
23177
23250
23271
23304
23334
23341
23350
23367
23518
23530
23548
23551
23631
23656
23675
23682
23713
23736
23738
23741
23757
23786
23789
23854
23868
23919
23946
23961
23963
23980
24101
24121
24148
24192
24205
24216
24222
24232
24235
24277
24328
24331
24340
24351
24368
24430
24438
24442
24444
24446
24455
24562
24568
24578
24605
24613
24687
24749
24755
24808
24909
24926
25038
25047
25070
25087
25094
25113
25134
25195
25197
25206
25241
25306
25361
25376
25388
25389
25423
25490
25521
25523
25593
25604
25614
25660
25696
25736
25762
25769
25791
25800
25841
25873
25878
25887
25894
25898
25906
25986
25997
26013
26071
26075
26083
26104
26106
26118
26144
26178
26234
26280
26288
26358
26432
26470
26475
26490
26522
26564
26583
26588
26590
26612
26625
26646
26683
26699
26700
26701
26728
26749
26780
26803
26819
26873
26963
26995
27030
27129
27130
27151
27159
27164
27192
27269
27270
27271
27279
27306
27334
27345
27387
27398
27453
27488
27537
27655
27737
27821
27831
27852
27973
28013
28033
28108
28151
28170
28187
28203
28260
28306
28415
28425
28453
28516
28525
28607
28609
28625
28629
28633
28652
28669
28679
28719
28741
28743
28767
28771
28804
28809
28829
28839
28849
28860
28893
28901
28998
29009
29024
29062
29078
29088
29100
29104
29120
29139
29153
29163
29211
29230
29232
29249
29269
29291
29301
29333
29336
29347
29351
29356
29366
29393
29431
29452
29483
29485
29502
29565
29616
29652
29709
29738
29758
29762
29764
29778
29780
29804
29879
29888
29979
30013
30078
30117
30126
30172
30182
30184
30191
30207
30208
30213
30228
30257
30315
30349
30419
30446
30462
30532
30534
30576
30661
30710
30721
30746
30748
30766
30812
30815
30853
30862
30901
31008
31016
31023
31033
31060
31062
31067
31128
31130
31132
31170
31180
31183
31204
31207
31236
31237
31318
31383
31396
31455
31457
31461
31482
31491
31496
31556
31574
31588
31650
31669
31685
31701
31714
31729
31763
31778
31847
31870
31920
31956
31971
32005
32008
32012
32014
32017
32025
32100
32111
32118
32175
32179
32184
32289
32311
32345
32348
32349
32367
32370
32376
32392
32410
32459
32460
32469
32499
32526
32575
32592
32601
32635
32685
32711
32745
32757
32782
32785
32791
32796
32894
32896
32897
32901
32916
32945
32957
33025
33045
33048
33083
33085
33088
33126
33141
33152
33157
33231
33324
33373
33471
33504
33524
33545
33561
33565
33584
33623
33632
33656
33686
33707
33756
33783
33821
33835
33858
33871
33872
33893
33907
33919
33949
33994
34013
34028
34032
34042
34056
34087
34181
34206
34223
34256
34264
34305
34307
34311
34343
34345
34375
34391
34421
34459
34469
34472
34519
34563
34579
34619
34620
34641
34661
34668
34690
34702
34726
34727
34760
34769
34797
34798
34807
34871
34897
34939
34940
34950
34965
34998
35013
35079
35081
35109
35116
35123
35132
35141
35153
35157
35159
35168
35172
35191
35237
35343
35351
35390
35391
35419
35445
35450
35458
35482
35484
35525
35568
35605
35606
35622
35628
35629
35666
35696
35709
35821
35904
35910
36007
36057
36068
36099
36157
36207
36220
36236
36324
36332
36334
36360
36400
36430
36439
36441
36491
36508
36517
36524
36560
36573
36627
36639
36653
36676
36726
36739
36742
36749
36753
36788
36903
36907
36922
36975
36984
37002
37032
37074
37085
37104
37124
37139
37145
37148
37156
37166
37187
37221
37263
37268
37330
37387
37410
37482
37497
37505
37532
37579
37624
37636
37638
37641
37717
37745
37806
37907
37913
37946
37955
38004
38033
38082
38118
38129
38137
38177
38187
38212
38222
38250
38255
38259
38265
38278
38322
38329
38342
38355
38378
38379
38381
38384
38403
38423
38446
38452
38459
38521
38602
38648
38682
38692
38714
38772
38811
38826
38882
38895
38955
38985
39076
39144
39153
39169
39170
39185
39218
39254
39268
39331
39357
39382
39475
39481
39488
39501
39503
39508
39530
39535
39536
39553
39607
39629
39638
39684
39762
39864
39874
39910
39930
39934
39993
39995
40006
40007
40035
40071
40091
40094
40101
40130
40140
40150
40166
40167
40189
40244
40251
40270
40298
40340
40387
40394
40452
40468
40477
40510
40516
40526
40537
40579
40615
40636
40637
40643
40651
40657
40677
40679
40694
40698
40779
40848
40877
40878
40884
40900
40908
40920
40934
40948
40959
40988
40994
41021
41037
41066
41086
41089
41110
41127
41134
41148
41155
41170
41175
41225
41254
41312
41383
41395
41397
41474
41495
41506
41569
41598
41630
41632
41639
41672
41676
41703
41746
41830
41831
41832
41882
41896
41902
41906
41922
41928
41940
41969
42001
42038
42048
42050
42059
42069
42091
42227
42253
42266
42295
42297
42339
42360
42370
42404
42413
42465
42576
42597
42616
42642
42645
42648
42678
42684
42712
42804
42848
42873
42882
42909
42923
42943
43020
43042
43043
43078
43106
43112
43115
43128
43158
43239
43261
43274
43288
43344
43407
43464
43494
43499
43506
43509
43570
43618
43666
43674
43684
43735
43744
43760
43780
43781
43792
43910
43911
43925
43929
44023
44055
44062
44076
44078
44140
44153
44174
44194
44227
44228
44235
44242
44249
44275
44289
44296
44306
44424
44425
44435
44464
44475
44482
44492
44494
44538
44594
44614
44668
44671
44743
44745
44761
44797
44809
44849
44855
44873
44928
44958
44999
45040
45083
45087
45088
45095
45119
45121
45128
45140
45159
45171
45208
45217
45218
45257
45265
45274
45308
45330
45342
45345
45358
45399
45433
45447
45490
45516
45534
45553
45558
45579
45598
45619
45755
45778
45790
45819
45888
45889
45913
45925
45949
45960
46013
46031
46054
46109
46239
46253
46322
46327
46340
46343
46393
46433
46439
46495
46535
46559
46560
46563
46577
46578
46580
46585
46610
46611
46658
46714
46762
46765
46785
46795
46797
46830
46841
46844
46846
46888
46904
46911
46926
46933
46938
47000
47016
47079
47083
47090
47099
47113
47122
47166
47198
47233
47235
47283
47287
47293
47301
47314
47370
47418
47427
47435
47439
47463
47489
47509
47513
47514
47586
47620
47628
47749
47775
47785
47802
47827
47838
47851
47855
47893
47901
47906
47914
47915
47995
48042
48066
48069
48071
48074
48109
48120
48130
48135
48172
48203
48214
48220
48253
48266
48271
48284
48317
48381
48409
48416
48435
48470
48490
48525
48527
48588
48597
48600
48646
48648
48732
48749
48759
48800
48814
48842
48866
48878
48896
48897
48906
48916
48934
49012
49030
49056
49104
49112
49132
49144
49190
49244
49250
49285
49292
49296
49307
49349
49357
49366
49380
49395
49398
49460
49463
49484
49527
49529
49570
49576
49657
49670
49672
49759
49764
49795
49841
49898
49913
49914
49936
49956
49973
49974
49987
