28
36
40
92
125
140
146
157
167
173
203
239
264
336
355
375
419
432
460
474
478
495
541
543
556
563
590
592
623
624
631
672
694
743
761
863
891
898
932
934
960
978
1079
1094
1116
1119
1132
1147
1148
1160
1182
1241
1251
1276
1313
1321
1367
1389
1400
1408
1411
1416
1425
1432
1433
1447
1459
1494
1500
1550
1551
1558
1601
1616
1617
1658
1660
1665
1689
1700
1738
1757
1774
1778
1824
1832
1851
1852
1901
1920
1925
1928
1954
1977
2036
2063
2069
2073
2145
2153
2162
2203
2219
2253
2259
2326
2357
2412
2428
2438
2448
2574
2603
2629
2642
2646
2672
2701
2705
2709
2731
2778
2830
2832
2838
2889
2931
2932
2939
2987
3004
3031
3035
3112
3130
3150
3176
3192
3208
3264
3323
3349
3367
3371
3376
3392
3404
3432
3435
3438
3445
3454
3463
3536
3537
3543
3561
3576
3599
3735
3736
3738
3774
3781
3800
3831
3892
3895
3930
3936
3957
4005
4009
4060
4104
4115
4122
4134
4171
4254
4273
4293
4298
4391
4392
4396
4438
4468
4555
4558
4617
4640
4662
4670
4683
4696
4861
4887
4897
4923
5003
5007
5019
5022
5031
5048
5076
5077
5270
5274
5282
5289
5341
5353
5508
5527
5549
5584
5590
5593
5674
5678
5689
5709
5717
5729
5782
5791
5834
5876
5885
5903
5923
5968
5977
6028
6041
6070
6102
6130
6185
6211
6272
6315
6353
6397
6421
6426
6429
6437
6441
6457
6462
6591
6614
6615
6621
6631
6639
6652
6655
6734
6767
6780
6823
6826
6903
6907
6913
6950
6972
6974
6989
6996
7019
7114
7125
7134
7136
7139
7166
7231
7277
7310
7313
7333
7388
7404
7414
7509
7514
7515
7526
7533
7543
7544
7553
7560
7675
7684
7705
7711
7750
7765
7782
7787
7812
7864
7869
7899
7905
7973
7991
8020
8021
8047
8056
8084
8119
8149
8156
8169
8204
8222
8229
8257
8260
8268
8310
8345
8382
8406
8408
8413
8429
8529
8606
8617
8620
8642
8644
8657
8676
8726
8740
8742
8813
8821
8827
8835
8838
8849
8961
9036
9052
9077
9105
9178
9180
9185
9201
9205
9241
9267
9281
9336
9343
9368
9390
9434
9454
9460
9469
9475
9478
9500
9523
9553
9560
9570
9571
9575
9622
9644
9647
9675
9709
9757
9780
9812
9846
9878
9899
9906
9974
10009
10047
10052
10053
10073
10080
10086
10093
10160
10185
10200
10202
10231
10252
10318
10321
10349
10354
10375
10388
10391
10394
10408
10436
10437
10440
10471
10489
10514
10539
10551
10601
10615
10661
10677
10721
10725
10757
10761
10795
10822
10833
10838
10845
10883
10902
10949
10976
10983
10984
11049
11060
11071
11099
11135
11169
11199
11340
11376
11378
11390
11424
11429
11435
11449
11469
11484
11507
11529
11586
11603
11686
11698
11715
11724
11734
11737
11764
11766
11801
11812
11814
11824
11857
11877
11900
11920
11923
11955
11988
12050
12058
12081
12157
12158
12159
12194
12244
12313
12346
12352
12362
12377
12391
12410
12413
12421
12442
12449
12463
12504
12507
12535
12577
12602
12603
12632
12649
12664
12682
12687
12713
12724
12740
12746
12759
12788
12800
12827
12834
12839
12861
12901
12906
12915
12965
12989
13008
13024
13051
13075
13077
13084
13109
13114
13134
13142
13182
13209
13222
13273
13285
13289
13301
13303
13446
13454
13466
13475
13492
13493
13521
13569
13633
13637
13665
13666
13671
13696
13708
13709
13758
13761
13765
13808
13822
13836
13862
13864
13891
13902
13931
13944
13960
13987
13989
14013
14043
14082
14087
14214
14224
14266
14285
14304
14323
14347
14349
14366
14415
14420
14446
14476
14486
14509
14514
14606
14696
14775
14776
14777
14778
14790
14796
14805
14859
14861
14863
14883
14890
14933
14954
14979
15046
15096
15108
15112
15117
15137
15165
15166
15168
15188
15211
15218
15220
15235
15242
15247
15296
15337
15360
15377
15405
15447
15451
15464
15482
15487
15504
15513
15594
15610
15621
15633
15640
15732
15741
15750
15756
15777
15781
15794
15813
15836
15865
15886
16029
16045
16064
16068
16074
16076
16154
16174
16201
16243
16270
16281
16302
16317
16327
16331
16365
16414
16428
16436
16438
16484
16563
16571
16578
16615
16647
16658
16666
16667
16689
16726
16758
16764
16767
16777
16802
16897
16927
16941
16949
16963
16969
17015
17018
17041
17122
17127
17154
17211
17234
17250
17265
17267
17284
17293
17329
17354
17356
17366
17385
17391
17400
17407
17408
17459
17462
17463
17513
17519
17622
17641
17712
17753
17817
17828
17829
17846
17920
17936
17941
17954
17987
17995
18005
18041
18049
18055
18063
18066
18122
18123
18129
18165
18189
18193
18213
18225
18241
18290
18312
18354
18376
18398
18418
18423
18504
18507
18532
18534
18554
18570
18618
18639
18658
18684
18734
18786
18798
18810
18877
18901
18930
18931
18940
18944
18970
18989
19033
19081
19106
19109
19118
19141
19157
19170
19174
19178
19181
19302
19343
19358
19376
19409
19451
19474
19483
19485
19498
19527
19545
19592
19597
19619
19620
19641
19646
19670
19684
19700
19710
19745
19751
19806
19812
19824
19826
19827
19829
19839
19845
19902
19936
20029
20043
20114
20115
20180
20185
20198
20247
20262
20288
20296
20322
20324
20340
20351
20365
20367
20387
20420
20438
20462
20465
20493
20549
20561
20589
20613
20645
20680
20704
20719
20736
20742
20801
20826
20842
20846
20848
20852
20857
20894
20926
20929
21002
21043
21055
21096
21130
21135
21140
21143
21217
21241
21287
21302
21321
21355
21390
21443
21531
21575
21602
21648
21651
21684
21691
21692
21746
21792
21809
21853
21861
21869
21899
21911
21922
21949
21975
21993
22052
22087
22094
22109
22166
22167
22173
22195
22203
22239
22276
22303
22319
22328
22354
22364
22389
22392
22415
22423
22427
22459
22476
22486
22588
22590
22605
22650
22701
22724
22746
22751
22787
22809
22820
22845
22856
22997
23051
23060
23114
23157
23177
23199
23208
23269
23282
23320
23342
23401
23415
23420
23490
23517
23540
23547
23563
23613
23622
23634
23702
23709
23721
23771
23794
23815
23904
23920
23979
24014
24039
24045
24101
24207
24238
24288
24318
24328
24334
24343
24354
24382
24416
24436
24482
24508
24585
24639
24650
24702
24741
24749
24774
24807
24878
24912
24998
25008
25032
25035
25054
25065
25066
25068
25114
25125
25203
25235
25255
25257
25278
25288
25308
25311
25320
25361
25364
25398
25423
25439
25440
25483
25497
25525
25530
25536
25537
25540
25577
25641
25679
25720
25742
25825
25826
25856
25873
25928
25988
26010
26053
26073
26094
26142
26170
26181
26196
26219
26246
26250
26257
26262
26299
26323
26341
26373
26430
26438
26440
26452
26495
26514
26534
26542
26592
26598
26672
26678
26721
26731
26756
26766
26768
26829
26848
26873
26903
26908
26910
26925
26936
26956
26982
27005
27036
27086
27099
27125
27133
27145
27175
27181
27218
27392
27398
27414
27417
27450
27453
27458
27484
27486
27496
27517
27534
27537
27545
27549
27550
27598
27634
27664
27685
27687
27730
27733
27775
27793
27805
27827
27832
27868
27888
27891
27892
27895
27930
28023
28051
28093
28104
28182
28207
28262
28274
28281
28286
28294
28300
28308
28365
28400
28407
28424
28425
28431
28435
28462
28472
28496
28507
28549
28563
28568
28587
28591
28614
28640
28657
28759
28764
28780
28785
28788
28838
28899
28914
28921
28956
28965
28970
28981
28990
28999
29019
29029
29037
29076
29078
29166
29177
29215
29237
29268
29301
29315
29349
29440
29578
29651
29689
29772
29832
29855
29880
29885
29893
30020
30063
30092
30100
30154
30183
30208
30228
30232
30249
30266
30281
30294
30295
30325
30329
30364
30390
30463
30507
30508
30561
30564
30581
30608
30646
30653
30662
30674
30709
30710
30736
30755
30758
30786
30792
30803
30817
30911
30933
30961
30990
31043
31045
31061
31152
31182
31193
31200
31257
31275
31282
31286
31300
31384
31394
31413
31508
31521
31545
31558
31615
31650
31682
31793
31796
31822
31825
31835
31841
31900
31926
31932
32029
32039
32092
32159
32170
32196
32197
32241
32285
32305
32310
32336
32498
32500
32508
32528
32556
32573
32577
32601
32632
32636
32725
32760
32790
32833
32853
32870
32875
32900
32949
32977
32996
33047
33111
33131
33132
33151
33158
33172
33175
33205
33217
33274
33278
33305
33315
33399
33444
33452
33466
33472
33481
33505
33566
33641
33716
33760
33766
33781
33782
33803
33807
33834
33836
33855
33884
33893
33895
33913
33924
33936
33940
33975
33977
34051
34053
34079
34119
34128
34141
34177
34180
34192
34198
34214
34237
34238
34280
34303
34308
34348
34403
34418
34444
34518
34601
34685
34702
34721
34747
34766
34887
34915
34941
34981
35067
35078
35113
35125
35132
35133
35144
35147
35186
35203
35275
35292
35300
35318
35321
35322
35347
35382
35393
35421
35433
35481
35507
35556
35584
35596
35607
35610
35620
35630
35639
35663
35710
35711
35778
35824
35841
35856
35861
35885
35913
35928
35960
35975
35989
35993
36015
36050
36136
36139
36177
36205
36206
36230
36232
36308
36346
36358
36366
36412
36420
36483
36500
36527
36617
36643
36647
36658
36702
36742
36747
36767
36768
36820
36936
36938
36966
36973
37044
37071
37083
37106
37119
37132
37147
37207
37215
37227
37231
37232
37358
37378
37379
37401
37407
37435
37443
37477
37489
37496
37506
37534
37535
37577
37585
37607
37631
37651
37655
37657
37663
37670
37677
37681
37698
37749
37785
37808
37817
37828
37836
37853
37868
37874
37974
37985
38091
38101
38132
38139
38143
38162
38203
38214
38273
38315
38323
38342
38394
38399
38412
38421
38436
38440
38444
38456
38461
38491
38501
38544
38558
38561
38562
38568
38575
38631
38771
38786
38851
38873
38891
38914
38977
38986
38987
39033
39054
39077
39084
39106
39125
39128
39134
39173
39191
39198
39251
39286
39298
39308
39339
39366
39439
39441
39459
39481
39508
39513
39515
39516
39523
39547
39565
39634
39674
39738
39758
39766
39778
39790
39835
39840
39848
39860
39894
39905
39911
39914
39926
39937
40016
40038
40188
40227
40247
40261
40266
40281
40354
40369
40415
40429
40448
40453
40464
40514
40530
40550
40552
40563
40564
40574
40579
40642
40649
40653
40740
40748
40779
40828
40837
40843
40875
40897
40928
40938
40969
41008
41019
41045
41084
41089
41107
41138
41164
41172
41183
41214
41248
41340
41346
41366
41399
41441
41450
41457
41474
41493
41510
41517
41535
41626
41639
41667
41724
41753
41787
41789
41790
41792
41828
41832
41844
41880
41889
41925
41942
41972
41982
41987
41990
42018
42033
42058
42059
42097
42109
42129
42195
42237
42253
42258
42299
42301
42322
42323
42388
42401
42426
42471
42477
42505
42549
42553
42604
42631
42654
42700
42737
42742
42775
42794
42806
42848
42883
42888
42947
42965
43004
43041
43066
43074
43082
43116
43149
43160
43193
43195
43204
43208
43224
43263
43266
43271
43287
43385
43423
43429
43435
43457
43477
43504
43542
43546
43558
43572
43575
43585
43607
43609
43625
43659
43668
43718
43738
43755
43757
43761
43779
43801
43827
43829
43839
43844
43865
43880
43881
43887
43902
43929
44026
44033
44072
44098
44126
44136
44139
44186
44246
44251
44274
44277
44287
44309
44342
44357
44441
44521
44552
44570
44613
44628
44635
44694
44705
44756
44785
44786
44846
44950
45004
45021
45036
45119
45144
45154
45169
45172
45181
45188
45215
45218
45304
45310
45317
45339
45376
45394
45408
45414
45424
45464
45465
45489
45582
45588
45614
45624
45734
45742
45757
45759
45807
45814
45823
45844
45867
45868
45881
45888
45896
45993
46021
46051
46056
46073
46092
46133
46178
46223
46255
46290
46297
46343
46434
46436
46442
46448
46472
46529
46531
46589
46595
46596
46611
46689
46696
46703
46725
46734
46743
46782
46792
46798
46799
46802
46921
46930
46936
46954
46966
46982
47030
47075
47162
47228
47237
47326
47353
47388
47437
47445
47451
47454
47461
47475
47541
47556
47567
47600
47604
47662
47668
47694
47728
47746
47751
47761
47768
47798
47808
47809
47810
47830
47832
47845
47885
47895
47927
47957
47978
48010
48023
48063
48073
48162
48175
48194
48272
48285
48368
48434
48444
48501
48525
48527
48568
48621
48647
48657
48658
48661
48670
48724
48757
48767
48776
48778
48800
48805
48820
48828
48840
48897
48898
48902
48919
48923
48939
48986
49043
49069
49138
49139
49147
49153
49155
49176
49209
49270
49285
49309
49312
49334
49343
49344
49348
49349
49414
49528
49532
49536
49557
49559
49643
49658
49701
49745
49783
49803
49805
49840
49854
49876
49878
49892
49912
49921
49925
49986
