7
24
27
68
84
94
175
179
182
186
292
294
299
325
338
415
422
445
453
460
466
494
538
554
599
613
629
644
669
670
711
745
787
800
833
857
887
921
949
966
978
981
987
992
1006
1017
1019
1030
1069
1079
1129
1154
1202
1212
1214
1233
1243
1355
1378
1398
1411
1425
1433
1456
1478
1621
1685
1766
1792
1803
1829
1847
1897
1958
2005
2053
2060
2086
2094
2095
2117
2118
2157
2192
2202
2216
2228
2244
2360
2402
2417
2434
2445
2458
2515
2535
2574
2580
2601
2606
2633
2655
2665
2668
2708
2796
2809
2823
2852
2870
2883
2884
2891
2897
2901
2937
2974
2980
3016
3017
3022
3029
3036
3061
3095
3116
3157
3208
3218
3234
3246
3252
3373
3401
3417
3449
3454
3462
3597
3626
3665
3694
3697
3747
3753
3762
3778
3780
3783
3798
3846
3896
3902
3960
3988
4011
4015
4031
4034
4072
4102
4114
4224
4244
4332
4357
4419
4433
4481
4503
4564
4571
4572
4674
4697
4707
4786
4794
4799
4806
4822
4824
4835
4897
4905
4970
5051
5061
5081
5104
5124
5162
5180
5189
5190
5194
5233
5243
5244
5256
5277
5321
5325
5336
5353
5367
5421
5463
5522
5546
5575
5586
5606
5616
5631
5709
5737
5744
5801
5808
5839
5861
5874
5928
5935
5950
5980
5981
6026
6033
6046
6063
6083
6118
6119
6149
6152
6161
6173
6175
6188
6192
6213
6252
6254
6259
6300
6315
6319
6357
6382
6387
6397
6462
6497
6503
6536
6541
6543
6594
6604
6606
6629
6670
6715
6722
6737
6793
6875
6887
6919
6936
6954
6974
6991
6992
7009
7015
7016
7019
7080
7180
7186
7187
7245
7257
7272
7276
7277
7299
7413
7432
7473
7486
7501
7517
7524
7536
7572
7579
7600
7610
7626
7660
7664
7678
7705
7724
7726
7742
7773
7785
7788
7799
7926
7928
7943
7992
7993
7995
7997
8052
8093
8124
8128
8168
8177
8204
8256
8277
8281
8284
8369
8436
8442
8449
8521
8526
8535
8539
8570
8593
8620
8629
8638
8673
8688
8708
8718
8735
8750
8768
8769
8847
8856
8874
8886
8913
8990
9021
9042
9058
9083
9120
9141
9162
9186
9260
9278
9300
9308
9312
9339
9427
9448
9457
9478
9511
9516
9525
9557
9596
9620
9630
9642
9658
9717
9728
9740
9746
9771
9775
9802
9831
9859
9920
9962
9974
9999
10048
10082
10120
10152
10203
10229
10247
10262
10294
10301
10344
10378
10401
10419
10576
10622
10637
10663
10664
10676
10750
10766
10787
10851
10859
11013
11017
11051
11071
11081
11101
11104
11257
11265
11295
11369
11385
11386
11387
11397
11410
11433
11438
11471
11516
11518
11539
11654
11697
11704
11760
11766
11796
11797
11854
11884
11910
11916
12036
12049
12075
12108
12136
12176
12213
12248
12299
12314
12317
12339
12352
12379
12387
12449
12456
12469
12476
12494
12530
12537
12545
12564
12572
12583
12593
12596
12622
12648
12671
12729
12737
12769
12774
12779
12810
12823
12864
12932
12955
12961
12993
13047
13087
13116
13119
13133
13271
13285
13288
13298
13315
13368
13389
13451
13475
13477
13495
13503
13518
13519
13530
13534
13555
13570
13573
13588
13627
13650
13656
13665
13667
13723
13744
13835
13837
13887
13899
13957
13964
13997
14012
14031
14037
14093
14121
14134
14156
14313
14317
14327
14337
14346
14372
14377
14381
14408
14429
14474
14516
14522
14555
14573
14597
14619
14631
14688
14689
14695
14713
14724
14773
14867
14879
14987
15004
15013
15062
15066
15188
15203
15215
15219
15291
15310
15314
15322
15334
15362
15366
15390
15434
15442
15501
15536
15537
15538
15541
15564
15568
15580
15581
15592
15615
15643
15697
15710
15720
15745
15751
15755
15768
15792
15795
15811
15846
15910
15937
15965
16061
16106
16113
16118
16152
16201
16215
16252
16274
16294
16309
16327
16359
16388
16417
16447
16448
16452
16498
16516
16547
16551
16555
16561
16591
16617
16653
16663
16664
16678
16700
16726
16729
16888
16903
16910
16914
16938
16949
16954
16982
17011
17016
17085
17122
17127
17133
17153
17156
17221
17270
17387
17419
17445
17474
17489
17525
17530
17555
17589
17629
17631
17669
17677
17712
17725
17738
17772
17795
17799
17819
17828
17873
17896
17897
17957
17980
17993
18090
18131
18153
18232
18262
18310
18320
18328
18333
18336
18419
18438
18442
18450
18498
18516
18519
18532
18562
18564
18578
18638
18641
18643
18679
18681
18688
18725
18777
18779
18837
18846
18848
18856
18908
18913
18966
19004
19028
19055
19077
19123
19125
19216
19239
19241
19258
19282
19299
19317
19339
19354
19355
19360
19486
19494
19498
19508
19525
19531
19550
19616
19617
19619
19638
19660
19675
19681
19697
19719
19733
19780
19787
19822
19882
19891
19893
19900
19901
19919
19920
19936
19943
19957
19985
20065
20079
20099
20101
20144
20159
20235
20242
20279
20311
20326
20329
20339
20341
20403
20428
20431
20449
20513
20519
20530
20532
20540
20556
20600
20623
20644
20705
20733
20755
20791
20792
20795
20834
20858
20875
20925
20936
20938
20982
21001
21020
21042
21071
21145
21157
21231
21248
21257
21274
21328
21330
21354
21410
21433
21479
21483
21570
21587
21605
21606
21620
21625
21665
21684
21712
21731
21736
21749
21751
21778
21803
21872
21874
21923
21925
21957
22052
22069
22074
22084
22102
22105
22132
22143
22168
22188
22209
22222
22232
22258
22262
22269
22307
22314
22376
22377
22380
22388
22390
22417
22451
22493
22495
22513
22522
22564
22611
22620
22734
22774
22785
22792
22816
22817
22840
22846
22858
22861
22895
22903
22934
22947
22965
22999
23003
23016
23026
23044
23064
23089
23143
23151
23181
23182
23197
23217
23243
23244
23325
23332
23337
23378
23404
23414
23419
23472
23477
23517
23562
23578
23594
23597
23605
23633
23674
23773
23801
23864
23919
23938
24035
24038
24039
24065
24066
24076
24078
24104
24118
24143
24153
24167
24183
24189
24198
24202
24225
24230
24248
24261
24263
24271
24279
24280
24286
24300
24365
24370
24372
24473
24510
24539
24547
24584
24590
24597
24663
24709
24717
24725
24751
24786
24844
24911
24912
24932
24944
24953
24955
25042
25066
25076
25176
25203
25204
25237
25248
25297
25313
25316
25393
25416
25511
25514
25529
25548
25564
25585
25608
25610
25630
25644
25667
25751
25767
25780
25783
25826
25896
25913
25956
25962
25972
26013
26106
26117
26121
26127
26132
26182
26257
26360
26374
26491
26511
26521
26555
26561
26567
26568
26621
26625
26652
26679
26680
26701
26786
26811
26820
26827
26836
26869
26896
26898
26928
26967
26992
27001
27014
27015
27075
27123
27196
27202
27207
27246
27259
27287
27326
27348
27364
27397
27401
27459
27478
27521
27532
27558
27561
27592
27598
27632
27637
27661
27711
27741
27747
27749
27750
27828
27837
27851
27902
27911
27962
27985
28009
28015
28047
28049
28074
28077
28107
28244
28255
28259
28264
28288
28330
28340
28399
28508
28559
28582
28603
28620
28626
28631
28634
28646
28649
28654
28691
28797
28846
28857
28889
28903
28941
28978
29015
29029
29041
29128
29138
29140
29156
29221
29230
29248
29258
29281
29296
29307
29338
29387
29412
29488
29490
29528
29568
29596
29606
29617
29667
29683
29751
29768
29774
29795
29814
29876
29901
29931
29934
29962
29999
30020
30096
30101
30140
30178
30183
30189
30209
30233
30239
30264
30274
30308
30337
30342
30352
30357
30360
30373
30378
30391
30398
30424
30428
30460
30473
30504
30527
30554
30570
30575
30613
30641
30675
30699
30711
30741
30781
30782
30819
30834
30837
30877
30916
30929
30938
30981
30988
31023
31055
31092
31104
31116
31144
31147
31152
31157
31159
31175
31178
31184
31194
31196
31213
31244
31269
31299
31314
31340
31371
31376
31408
31414
31447
31502
31530
31560
31566
31619
31620
31734
31792
31793
31807
31816
31863
31925
31934
31935
31937
31943
31944
31951
31957
31988
32006
32021
32115
32184
32208
32227
32231
32243
32323
32346
32381
32390
32419
32422
32453
32467
32486
32497
32503
32528
32543
32585
32586
32591
32596
32608
32641
32643
32759
32770
32774
32776
32814
32845
32869
32921
32946
32963
33011
33025
33030
33074
33111
33134
33198
33213
33219
33251
33290
33326
33370
33428
33433
33446
33494
33506
33519
33529
33586
33593
33725
33734
33745
33763
33775
33785
33853
33854
33923
33929
33944
33953
33956
33979
33995
34007
34077
34151
34193
34258
34260
34268
34275
34351
34431
34437
34466
34480
34506
34533
34543
34598
34607
34675
34676
34703
34764
34781
34808
34820
34837
34904
34916
34930
34931
34967
34969
34975
35112
35117
35158
35175
35194
35204
35206
35211
35212
35243
35265
35282
35304
35394
35441
35445
35462
35468
35482
35488
35526
35532
35559
35568
35570
35618
35645
35646
35648
35802
35809
35869
35884
35896
35949
35951
35980
36000
36012
36057
36077
36083
36089
36092
36106
36143
36188
36265
36272
36291
36304
36308
36322
36368
36381
36423
36441
36454
36482
36508
36520
36564
36624
36630
36636
36647
36651
36708
36751
36779
36780
36791
36813
36851
36859
36933
37044
37070
37076
37108
37129
37167
37213
37298
37347
37359
37387
37405
37427
37439
37458
37478
37513
37531
37540
37550
37561
37570
37583
37598
37611
37635
37650
37679
37707
37712
37744
37746
37765
37769
37814
37827
37833
37841
37862
37921
37968
37972
37985
38006
38010
38022
38029
38047
38048
38069
38099
38132
38137
38158
38181
38214
38220
38229
38244
38248
38296
38352
38431
38435
38453
38456
38465
38490
38506
38523
38542
38550
38554
38563
38637
38639
38662
38677
38709
38758
38761
38772
38800
38809
38912
38918
38921
38946
38951
38984
38993
39016
39031
39058
39098
39105
39109
39110
39112
39138
39144
39164
39177
39180
39245
39248
39363
39407
39421
39435
39505
39576
39615
39616
39650
39657
39684
39697
39711
39720
39734
39757
39827
39846
39867
39868
39888
39928
39970
40006
40099
40139
40140
40155
40161
40175
40203
40293
40294
40314
40322
40333
40339
40354
40365
40393
40402
40418
40432
40440
40459
40485
40497
40514
40553
40615
40630
40683
40699
40736
40743
40772
40777
40782
40793
40797
40813
40872
40897
40922
41019
41066
41090
41101
41105
41108
41139
41154
41162
41183
41213
41253
41267
41268
41287
41297
41338
41392
41409
41481
41515
41561
41577
41593
41667
41685
41703
41724
41727
41742
41759
41777
41813
41816
41818
41821
41839
41898
41915
41924
41930
41933
41939
41974
41976
41988
41989
42050
42065
42129
42143
42196
42212
42247
42275
42287
42304
42310
42324
42377
42394
42399
42401
42416
42421
42428
42469
42546
42555
42590
42600
42664
42710
42748
42760
42770
42778
42791
42804
42807
42811
42859
42877
42905
42915
42941
42958
42971
43001
43039
43041
43044
43092
43107
43108
43139
43183
43205
43256
43295
43308
43310
43318
43320
43352
43378
43382
43403
43405
43423
43435
43443
43448
43467
43469
43493
43507
43552
43600
43630
43732
43802
43846
43866
43958
43960
43985
43995
44021
44030
44046
44064
44071
44090
44133
44154
44172
44176
44177
44189
44258
44262
44302
44323
44333
44357
44362
44364
44374
44433
44502
44508
44521
44587
44593
44626
44629
44676
44680
44743
44748
44758
44771
44784
44811
44821
44911
44917
44921
44928
44958
44990
45039
45043
45111
45117
45121
45125
45136
45158
45255
45283
45286
45314
45356
45373
45397
45400
45426
45453
45469
45500
45514
45548
45564
45594
45615
45691
45708
45714
45724
45789
45806
45817
45826
45840
45858
45862
45864
45890
45893
45959
45960
45964
45968
46026
46063
46069
46117
46140
46163
46190
46199
46219
46220
46281
46288
46302
46319
46326
46357
46389
46400
46419
46424
46433
46444
46448
46451
46491
46505
46516
46576
46592
46607
46632
46640
46677
46728
46771
46826
46853
46867
46904
46961
46978
46979
46982
46995
47008
47022
47027
47045
47062
47097
47124
47151
47157
47193
47240
47307
47317
47318
47327
47328
47365
47374
47387
47408
47416
47462
47506
47539
47544
47608
47631
47654
47668
47673
47678
47775
47782
47786
47834
47839
47901
47908
47923
48022
48040
48066
48137
48149
48170
48185
48266
48273
48288
48342
48351
48353
48402
48420
48440
48481
48482
48507
48554
48579
48598
48610
48625
48655
48758
48777
48825
48875
48879
48891
48898
48921
49009
49056
49086
49112
49119
49120
49128
49146
49147
49166
49179
49184
49191
49200
49225
49273
49291
49295
49306
49323
49326
49352
49367
49389
49471
49477
49495
49497
49545
49548
49551
49565
49577
49609
49612
49659
49733
49759
49772
49791
49800
49872
49881
49884
49893
49904
49923
49938
49964
49971
49994
49995
