50
81
154
181
211
223
230
241
251
252
274
281
307
336
385
406
407
450
538
558
570
716
730
735
785
789
832
847
850
852
870
887
901
949
1011
1045
1056
1091
1105
1150
1162
1168
1192
1228
1249
1274
1287
1294
1306
1316
1382
1421
1449
1482
1485
1611
1665
1666
1688
1695
1725
1727
1737
1748
1762
1763
1777
1794
1838
1892
1950
1958
1980
2002
2046
2063
2095
2100
2118
2124
2147
2259
2269
2296
2304
2322
2327
2336
2350
2380
2392
2414
2464
2479
2495
2505
2530
2547
2551
2553
2590
2666
2684
2718
2726
2747
2781
2807
2815
2938
2956
2970
2982
3017
3044
3049
3059
3071
3079
3107
3128
3148
3185
3239
3250
3317
3346
3403
3469
3531
3540
3545
3546
3585
3598
3606
3631
3633
3636
3646
3660
3699
3703
3710
3762
3775
3918
4006
4024
4029
4076
4096
4105
4109
4155
4169
4254
4264
4271
4293
4312
4324
4344
4359
4377
4427
4453
4466
4473
4490
4498
4503
4515
4530
4542
4569
4597
4610
4697
4721
4783
4807
4819
4851
4877
4894
4913
4921
4967
4998
5005
5009
5010
5025
5041
5049
5109
5120
5134
5142
5150
5264
5278
5309
5320
5340
5369
5380
5410
5440
5445
5446
5453
5556
5596
5619
5653
5671
5748
5765
5802
5809
5810
5916
5968
6034
6054
6112
6115
6117
6145
6182
6219
6223
6245
6273
6297
6319
6341
6357
6366
6371
6375
6422
6431
6434
6441
6497
6507
6516
6553
6564
6565
6629
6636
6661
6669
6689
6740
6741
6760
6866
6952
6969
6992
7017
7018
7062
7081
7085
7105
7137
7180
7201
7229
7247
7251
7257
7300
7331
7421
7427
7431
7442
7449
7463
7516
7520
7538
7573
7598
7606
7635
7658
7685
7721
7770
7858
7870
7887
7926
7935
8115
8135
8211
8234
8268
8313
8320
8347
8382
8396
8397
8432
8450
8494
8560
8572
8636
8648
8650
8659
8695
8785
8788
8823
8828
8848
8877
8932
8966
8970
8971
8990
9063
9071
9079
9096
9097
9128
9135
9185
9274
9332
9333
9351
9398
9418
9425
9452
9459
9479
9513
9541
9557
9682
9691
9728
9744
9750
9761
9792
9800
9822
9840
9881
9919
9964
10005
10008
10047
10062
10065
10120
10149
10163
10173
10241
10278
10285
10296
10313
10360
10370
10379
10382
10397
10422
10449
10535
10566
10634
10644
10661
10684
10737
10740
10743
10744
10745
10748
10797
10953
10975
10976
11016
11036
11054
11079
11094
11117
11123
11132
11135
11143
11146
11171
11185
11217
11269
11298
11318
11340
11363
11393
11420
11475
11484
11571
11573
11590
11599
11675
11710
11723
11724
11730
11784
11890
11913
11940
11964
11970
12008
12030
12084
12134
12160
12162
12174
12180
12225
12318
12330
12418
12433
12438
12449
12452
12467
12500
12516
12539
12577
12633
12639
12724
12742
12745
12764
12777
12860
12879
12906
12962
12983
12991
13002
13009
13042
13058
13059
13088
13098
13100
13131
13141
13172
13178
13185
13205
13218
13238
13280
13307
13340
13373
13425
13455
13457
13486
13572
13587
13620
13646
13665
13748
13751
13762
13770
13828
13880
13914
13928
13933
13941
14012
14040
14045
14058
14067
14105
14198
14208
14225
14287
14292
14301
14328
14329
14338
14359
14415
14437
14480
14594
14599
14603
14684
14689
14740
14761
14801
14806
14818
14830
14899
14905
14909
14915
14934
14948
14968
14981
14982
14998
15009
15025
15044
15052
15108
15136
15157
15162
15164
15210
15211
15229
15246
15254
15270
15295
15312
15314
15343
15351
15360
15361
15369
15380
15421
15462
15481
15499
15502
15505
15526
15559
15561
15565
15633
15649
15655
15667
15683
15700
15768
15775
15830
15846
15863
15887
15915
15931
15966
15976
15999
16039
16100
16115
16189
16202
16205
16298
16364
16372
16436
16437
16445
16527
16541
16544
16611
16639
16718
16733
16768
16774
16775
16792
16798
16808
16813
16832
16836
16839
16849
16872
16876
16885
16901
16934
16962
16982
17016
17027
17046
17127
17151
17164
17208
17285
17287
17299
17301
17309
17377
17398
17402
17419
17422
17433
17463
17471
17535
17545
17573
17598
17600
17638
17646
17682
17742
17774
17783
17806
17835
17863
17914
17926
17944
17950
17957
17968
17969
18016
18048
18064
18074
18091
18131
18158
18170
18189
18199
18222
18238
18245
18283
18293
18317
18321
18329
18337
18370
18380
18440
18444
18498
18557
18560
18569
18613
18627
18633
18638
18640
18686
18687
18717
18719
18841
18844
18897
18898
18929
18941
18942
19013
19040
19066
19096
19111
19114
19130
19194
19195
19203
19241
19258
19266
19318
19345
19383
19435
19438
19458
19476
19501
19518
19533
19540
19551
19559
19586
19593
19594
19600
19619
19645
19678
19699
19711
19735
19746
19783
19849
19854
19885
19891
19903
19905
19941
19980
20006
20020
20046
20048
20053
20125
20139
20170
20178
20179
20194
20255
20305
20306
20308
20325
20372
20381
20437
20490
20529
20545
20575
20597
20624
20684
20695
20716
20752
20758
20787
20797
20800
20836
20844
20858
20869
20899
20908
20909
20917
20967
21017
21029
21088
21103
21197
21225
21237
21269
21350
21353
21422
21424
21425
21532
21534
21566
21573
21606
21617
21633
21657
21660
21678
21683
21711
21719
21734
21736
21742
21770
21771
21811
21834
21842
21856
21933
21948
21982
22015
22024
22078
22091
22097
22108
22152
22200
22231
22255
22328
22348
22350
22414
22474
22484
22486
22520
22566
22572
22577
22647
22659
22703
22751
22797
22806
22836
22864
22923
22945
23141
23157
23211
23291
23299
23308
23315
23338
23380
23386
23392
23421
23436
23470
23485
23517
23527
23552
23563
23569
23578
23625
23627
23658
23674
23679
23706
23738
23744
23749
23757
23790
23842
23847
23873
23877
23898
23916
23962
23969
24063
24073
24089
24154
24181
24192
24194
24221
24230
24232
24256
24322
24340
24366
24425
24454
24474
24487
24511
24521
24523
24540
24554
24563
24613
24620
24646
24670
24703
24717
24721
24749
24764
24769
24803
24820
24839
24859
24893
24906
24955
24979
24980
25040
25045
25062
25173
25177
25188
25199
25219
25224
25225
25290
25314
25322
25328
25330
25350
25358
25396
25455
25458
25482
25502
25566
25582
25587
25592
25611
25613
25614
25620
25623
25657
25690
25757
25809
25814
25827
25828
25866
25918
25923
25924
25952
26011
26024
26027
26030
26031
26101
26115
26143
26150
26201
26215
26248
26255
26262
26311
26329
26330
26333
26354
26399
26431
26434
26445
26479
26521
26540
26547
26554
26559
26577
26585
26591
26618
26620
26654
26701
26716
26735
26823
26844
26863
26894
26902
26912
26994
27002
27030
27039
27043
27065
27089
27094
27103
27116
27122
27178
27190
27210
27216
27248
27256
27257
27339
27349
27363
27365
27373
27374
27389
27414
27423
27430
27476
27484
27485
27507
27519
27520
27523
27584
27591
27599
27621
27640
27645
27651
27670
27687
27722
27733
27752
27764
27766
27794
27806
27830
27864
27899
27925
27941
27956
28015
28030
28060
28080
28132
28136
28187
28189
28190
28191
28196
28223
28234
28301
28317
28337
28364
28371
28395
28408
28412
28415
28493
28512
28545
28630
28634
28669
28700
28720
28730
28734
28789
28825
28842
28855
28858
28872
28902
28915
28918
28974
28997
29020
29088
29102
29165
29214
29222
29237
29239
29253
29281
29293
29304
29317
29335
29373
29386
29390
29394
29397
29414
29434
29482
29565
29567
29579
29608
29625
29638
29650
29662
29671
29673
29675
29738
29763
29796
29854
29885
29912
29920
29921
29925
29936
29945
29964
29966
30009
30030
30042
30046
30055
30064
30107
30141
30167
30168
30202
30211
30233
30256
30261
30264
30272
30304
30365
30369
30397
30403
30460
30496
30511
30562
30631
30642
30690
30745
30748
30757
30854
30855
30909
30916
30938
30955
30963
30974
30980
31019
31022
31050
31061
31074
31077
31124
31125
31131
31140
31155
31163
31167
31281
31285
31310
31313
31318
31324
31339
31344
31345
31384
31398
31399
31400
31405
31438
31441
31550
31603
31608
31615
31656
31658
31679
31686
31777
31854
31871
31878
31880
31889
31897
31951
31989
32025
32030
32058
32125
32139
32153
32165
32173
32212
32254
32259
32298
32329
32330
32344
32365
32371
32383
32388
32404
32411
32439
32476
32528
32551
32576
32587
32622
32760
32765
32786
32799
32882
32890
32895
32922
32997
33000
33015
33026
33038
33058
33071
33090
33166
33184
33196
33296
33317
33339
33360
33366
33379
33465
33472
33560
33572
33613
33639
33682
33707
33720
33765
33772
33784
33797
33803
33806
33855
33878
33913
33954
34008
34022
34043
34046
34075
34136
34140
34170
34191
34264
34270
34306
34310
34363
34382
34404
34419
34431
34433
34438
34503
34548
34586
34599
34673
34675
34678
34689
34742
34755
34762
34765
34772
34790
34796
34813
34885
34893
34901
34958
34970
35045
35062
35070
35078
35123
35136
35163
35173
35209
35212
35258
35269
35293
35313
35366
35382
35404
35437
35446
35495
35532
35573
35600
35611
35628
35635
35649
35683
35685
35724
35777
35832
35838
35852
35874
35893
35902
35904
35965
36044
36049
36065
36094
36102
36149
36165
36201
36219
36230
36250
36276
36289
36300
36343
36359
36376
36377
36378
36430
36457
36460
36517
36546
36579
36582
36597
36624
36632
36635
36672
36693
36729
36774
36783
36870
36906
36919
37020
37022
37032
37140
37158
37168
37205
37235
37270
37272
37296
37335
37336
37347
37351
37354
37363
37397
37416
37474
37545
37566
37596
37654
37668
37705
37773
37826
37912
37946
37985
38004
38036
38038
38044
38128
38200
38243
38257
38278
38291
38370
38372
38378
38400
38427
38430
38470
38476
38497
38511
38527
38544
38601
38616
38649
38716
38723
38725
38790
38851
38866
38886
38947
38967
38973
38986
39001
39055
39129
39141
39162
39193
39220
39243
39253
39281
39290
39294
39296
39315
39332
39345
39399
39414
39439
39495
39509
39608
39612
39676
39681
39692
39703
39708
39726
39740
39747
39750
39763
39783
39789
39795
39818
39826
39838
39844
39875
39897
39918
39922
39944
40001
40007
40033
40042
40043
40068
40120
40137
40142
40151
40165
40179
40202
40227
40234
40259
40260
40264
40267
40269
40272
40296
40353
40362
40374
40474
40551
40559
40606
40609
40614
40623
40626
40638
40663
40671
40709
40716
40726
40756
40794
40872
40883
40944
40952
40963
40964
40987
40992
40998
41002
41031
41053
41065
41094
41177
41210
41221
41233
41270
41272
41275
41290
41293
41299
41341
41387
41394
41416
41418
41420
41442
41462
41514
41583
41591
41661
41666
41669
41676
41677
41692
41706
41717
41730
41746
41750
41820
41832
41930
41970
41990
42084
42109
42111
42190
42216
42224
42260
42319
42340
42350
42383
42416
42442
42496
42501
42524
42569
42595
42609
42627
42639
42653
42733
42742
42747
42752
42758
42785
42816
42827
42868
42887
42907
42930
42986
42992
42998
43019
43034
43068
43076
43132
43139
43180
43206
43212
43256
43289
43294
43324
43421
43452
43506
43510
43549
43565
43589
43604
43647
43667
43680
43697
43719
43783
43803
43821
43851
43853
43871
43883
43907
43920
43930
43949
43957
44028
44032
44060
44079
44088
44109
44131
44166
44224
44229
44236
44243
44244
44281
44292
44313
44391
44402
44412
44416
44428
44444
44448
44466
44473
44483
44535
44548
44554
44589
44601
44615
44619
44634
44645
44656
44691
44712
44731
44752
44785
44846
44847
44875
44893
44900
44918
44995
45005
45010
45021
45031
45050
45052
45088
45108
45127
45130
45143
45147
45148
45176
45240
45333
45372
45377
45417
45419
45423
45546
45556
45559
45606
45674
45703
45714
45826
45827
45829
45832
45848
45854
45884
45924
45983
45997
46025
46037
46092
46097
46146
46154
46157
46175
46188
46226
46234
46241
46258
46279
46287
46291
46359
46365
46380
46458
46499
46524
46566
46617
46631
46687
46703
46747
46780
46783
46792
46794
46826
46829
46854
46857
46868
46888
46893
46929
46932
46935
46938
47104
47105
47109
47128
47133
47135
47142
47144
47152
47193
47199
47202
47267
47286
47291
47370
47424
47487
47525
47535
47554
47555
47556
47575
47579
47588
47618
47702
47709
47716
47755
47808
47816
47819
47861
47870
47908
47915
47984
48002
48021
48034
48146
48152
48182
48192
48239
48242
48304
48325
48353
48364
48374
48423
48441
48442
48470
48472
48515
48519
48533
48546
48594
48607
48610
48623
48721
48771
48811
48813
48828
48843
48875
48883
48905
48963
49000
49002
49101
49104
49109
49131
49150
49168
49182
49188
49196
49215
49240
49245
49248
49279
49289
49301
49319
49346
49365
49384
49417
49420
49454
49481
49491
49497
49579
49666
49670
49724
49742
49783
49793
49813
49864
49937
