6
11
41
142
276
291
328
377
414
428
456
469
479
482
484
500
515
536
543
574
589
613
623
627
660
678
688
691
701
713
717
723
742
747
760
800
808
819
825
826
832
854
870
881
920
1023
1048
1064
1066
1125
1154
1167
1171
1173
1202
1230
1240
1244
1247
1248
1249
1264
1268
1296
1322
1342
1346
1350
1353
1356
1362
1413
1490
1524
1542
1554
1567
1590
1601
1604
1616
1621
1682
1739
1740
1741
1803
1855
1866
1874
1888
1931
1966
2031
2035
2056
2096
2115
2116
2169
2200
2209
2217
2225
2243
2265
2289
2294
2296
2408
2436
2454
2468
2495
2546
2561
2601
2634
2658
2682
2737
2756
2789
2793
2795
2819
2845
2882
2892
2965
2998
3006
3017
3113
3117
3132
3133
3164
3190
3235
3255
3257
3318
3328
3433
3460
3492
3525
3535
3557
3568
3598
3624
3692
3754
3763
3799
3811
3820
3848
3877
3932
3943
3954
3961
3978
3998
4001
4021
4046
4071
4156
4201
4251
4278
4304
4319
4349
4356
4387
4436
4437
4479
4486
4535
4540
4547
4562
4574
4584
4635
4642
4659
4660
4661
4676
4681
4689
4704
4757
4761
4762
4767
4779
4790
4810
4832
4841
4890
4941
4947
4958
4965
5013
5016
5049
5052
5067
5101
5171
5279
5323
5337
5350
5391
5408
5418
5446
5527
5549
5600
5601
5623
5626
5637
5644
5678
5724
5735
5752
5765
5833
5849
5866
5926
5970
5972
5991
6005
6061
6070
6089
6100
6152
6158
6177
6197
6225
6275
6278
6279
6283
6296
6304
6316
6350
6379
6416
6419
6431
6480
6497
6498
6518
6544
6573
6623
6633
6704
6712
6768
6800
6807
6809
6813
6838
6844
6878
6946
6954
6963
6973
6984
6999
7008
7015
7032
7033
7081
7087
7099
7120
7134
7151
7172
7179
7211
7262
7323
7341
7351
7355
7370
7377
7450
7472
7478
7531
7559
7584
7590
7653
7654
7726
7745
7789
7808
7814
7817
7838
7877
7905
7934
7937
8075
8168
8195
8200
8211
8229
8243
8252
8268
8273
8295
8314
8333
8346
8368
8414
8475
8496
8503
8531
8579
8582
8614
8681
8684
8713
8759
8798
8889
8895
8900
8904
8916
8931
8969
8973
9053
9058
9073
9075
9090
9092
9117
9120
9140
9165
9184
9228
9240
9256
9258
9284
9341
9356
9369
9408
9424
9428
9473
9553
9559
9613
9625
9646
9691
9700
9720
9764
9812
9826
9903
9908
9920
9955
9980
9989
10016
10017
10021
10028
10067
10072
10092
10172
10173
10209
10220
10231
10240
10254
10259
10334
10338
10348
10366
10414
10465
10549
10552
10562
10574
10649
10655
10759
10840
10852
10853
10856
10934
10938
11171
11188
11222
11225
11247
11253
11303
11309
11310
11312
11333
11382
11422
11472
11478
11480
11529
11556
11633
11647
11738
11753
11756
11805
11827
11834
11847
11858
11929
12032
12036
12041
12043
12058
12062
12068
12094
12098
12141
12142
12156
12230
12265
12304
12333
12374
12430
12450
12458
12497
12504
12510
12547
12568
12569
12576
12618
12648
12680
12691
12719
12720
12743
12796
12820
12822
12827
12831
12875
12885
12951
12967
13068
13072
13129
13151
13159
13176
13200
13217
13236
13272
13296
13333
13363
13365
13385
13402
13419
13436
13481
13489
13520
13535
13539
13560
13575
13649
13746
13808
13844
13846
13858
13875
13913
13925
13952
13963
13999
14022
14032
14040
14044
14071
14076
14094
14145
14160
14195
14243
14247
14280
14290
14335
14362
14367
14403
14435
14438
14450
14476
14485
14498
14518
14523
14550
14586
14643
14745
14749
14757
14832
14923
14963
15000
15040
15098
15131
15144
15169
15211
15212
15246
15252
15256
15257
15259
15265
15270
15310
15320
15337
15359
15377
15388
15399
15407
15408
15428
15450
15454
15496
15503
15512
15517
15560
15569
15585
15648
15673
15706
15722
15726
15736
15740
15752
15777
15854
15863
15881
15896
15900
15901
15910
15927
16003
16045
16066
16087
16098
16205
16253
16258
16326
16367
16454
16485
16505
16531
16539
16574
16593
16615
16669
16674
16689
16708
16717
16718
16724
16735
16754
16756
16777
16853
16855
16861
16867
16871
16896
16905
16974
16996
17011
17016
17035
17037
17095
17098
17124
17133
17137
17149
17158
17166
17202
17217
17237
17267
17269
17297
17372
17389
17402
17415
17429
17436
17448
17475
17482
17541
17623
17645
17698
17709
17790
17809
17866
17868
17886
17894
17916
17992
18042
18101
18108
18117
18176
18184
18211
18269
18279
18354
18363
18386
18404
18502
18516
18540
18548
18569
18594
18611
18663
18703
18732
18786
18879
18914
18924
18930
18941
18942
18945
19004
19040
19054
19078
19109
19172
19177
19256
19278
19300
19326
19337
19347
19350
19368
19403
19414
19452
19466
19470
19473
19498
19511
19640
19679
19685
19702
19731
19757
19810
19815
19862
19875
19918
19926
19999
20003
20005
20033
20035
20040
20044
20108
20109
20152
20155
20165
20172
20199
20232
20252
20287
20290
20295
20328
20350
20368
20369
20371
20440
20466
20473
20487
20518
20593
20620
20656
20733
20740
20761
20764
20768
20782
20787
20821
20827
20846
20870
20877
20887
20931
20949
20955
20972
21003
21011
21030
21039
21047
21067
21075
21107
21113
21134
21142
21186
21206
21219
21305
21326
21350
21351
21373
21433
21442
21499
21557
21563
21569
21589
21593
21597
21637
21667
21725
21734
21735
21759
21780
21803
21841
21848
21864
21881
21909
21913
21916
21999
22003
22014
22024
22041
22083
22089
22096
22174
22178
22216
22226
22246
22251
22270
22298
22326
22365
22373
22398
22431
22538
22545
22563
22596
22605
22606
22623
22785
22795
22802
22910
22935
22943
22946
22949
22965
22992
23010
23148
23169
23174
23180
23216
23222
23238
23323
23341
23364
23374
23417
23440
23441
23465
23475
23546
23573
23576
23615
23619
23628
23667
23683
23684
23685
23696
23704
23740
23748
23755
23768
23792
23815
23854
23864
23946
23948
23958
23978
23980
23981
24015
24057
24097
24102
24122
24135
24146
24211
24234
24264
24265
24269
24396
24437
24454
24463
24466
24486
24495
24529
24587
24639
24672
24696
24735
24750
24765
24791
24868
24884
24939
24943
24948
24949
24966
24987
24994
25046
25074
25109
25216
25224
25237
25256
25260
25278
25303
25307
25322
25326
25330
25338
25417
25432
25477
25489
25506
25517
25540
25546
25597
25605
25607
25631
25656
25735
25753
25758
25894
25901
26023
26026
26028
26044
26055
26084
26115
26133
26158
26171
26173
26302
26349
26361
26374
26380
26395
26466
26483
26497
26556
26587
26595
26597
26605
26620
26656
26658
26722
26735
26779
26800
26802
26828
26831
26868
26882
26891
26943
26958
26995
27038
27059
27072
27090
27113
27162
27247
27248
27249
27302
27343
27384
27389
27402
27408
27411
27429
27471
27496
27502
27522
27530
27560
27601
27604
27644
27653
27693
27703
27768
27809
27892
27894
27935
27949
27953
27974
28006
28025
28032
28054
28062
28088
28091
28117
28123
28155
28169
28198
28206
28242
28278
28293
28317
28361
28398
28407
28408
28477
28522
28527
28543
28655
28669
28672
28680
28705
28713
28719
28758
28759
28774
28781
28793
28810
28812
28841
28845
28881
28912
28914
28942
28944
28945
28952
28981
29003
29013
29032
29042
29078
29126
29138
29152
29173
29185
29208
29220
29231
29272
29292
29305
29309
29313
29328
29346
29347
29363
29382
29405
29464
29471
29496
29497
29532
29570
29588
29594
29642
29698
29745
29749
29805
29812
29844
29845
29892
29910
29938
29947
29949
29999
30019
30079
30082
30088
30094
30110
30192
30229
30230
30241
30242
30304
30332
30348
30361
30376
30403
30414
30440
30445
30456
30473
30502
30516
30520
30532
30567
30607
30656
30658
30703
30737
30747
30750
30807
30849
30854
30925
31027
31044
31057
31064
31069
31084
31099
31129
31140
31218
31222
31251
31271
31330
31342
31345
31370
31372
31379
31404
31447
31448
31457
31475
31507
31533
31573
31599
31611
31616
31621
31623
31624
31639
31651
31655
31696
31725
31729
31785
31809
31827
31830
31835
31943
31971
31972
31992
32011
32074
32083
32115
32123
32158
32219
32249
32277
32278
32289
32298
32309
32316
32334
32406
32424
32426
32435
32488
32505
32526
32533
32544
32545
32552
32596
32602
32605
32645
32684
32692
32743
32760
32842
32853
32862
32876
32882
32900
32955
32989
33073
33093
33117
33127
33135
33144
33167
33170
33175
33203
33204
33274
33313
33320
33321
33344
33364
33504
33541
33614
33619
33625
33668
33692
33710
33743
33755
33764
33771
33772
33780
33783
33790
33853
33866
33911
33964
33988
33991
34013
34035
34051
34104
34116
34122
34128
34236
34256
34273
34276
34331
34353
34374
34387
34416
34422
34431
34443
34534
34543
34552
34565
34566
34571
34628
34653
34669
34713
34750
34777
34812
34822
34873
34883
34884
34885
34936
34953
34973
34977
35011
35060
35091
35107
35162
35201
35239
35248
35336
35356
35367
35370
35375
35416
35419
35431
35433
35500
35642
35701
35737
35790
35808
35824
35906
35907
35934
35939
35990
35997
36008
36114
36126
36128
36134
36195
36215
36235
36237
36246
36326
36356
36369
36390
36391
36438
36441
36496
36507
36514
36539
36569
36594
36596
36616
36636
36642
36707
36745
36756
36757
36777
36795
36813
36814
36841
36845
36872
36975
36978
36991
37014
37098
37102
37184
37206
37263
37276
37280
37284
37363
37379
37423
37439
37459
37494
37495
37554
37568
37586
37591
37628
37638
37694
37707
37715
37732
37738
37770
37781
37828
37830
37841
37856
37902
37979
38014
38046
38075
38081
38172
38198
38245
38307
38315
38343
38353
38356
38357
38373
38378
38386
38398
38431
38446
38452
38570
38654
38667
38674
38675
38700
38723
38775
38776
38779
38795
38801
38816
38849
38865
38923
38949
38951
38953
38971
38978
38989
39018
39036
39069
39086
39095
39123
39141
39157
39207
39216
39274
39282
39313
39351
39353
39379
39384
39387
39410
39411
39420
39448
39528
39535
39550
39584
39615
39645
39694
39729
39741
39800
39810
39811
39845
39862
39866
39898
39904
39921
39968
40004
40026
40055
40090
40094
40104
40112
40139
40157
40195
40207
40213
40219
40232
40248
40294
40322
40413
40471
40551
40559
40563
40581
40589
40595
40665
40710
40753
40762
40769
40781
40823
40824
40831
40841
40911
40913
40936
40948
41001
41025
41039
41047
41064
41132
41146
41156
41167
41200
41201
41243
41263
41270
41285
41296
41332
41352
41384
41393
41460
41519
41521
41568
41605
41620
41623
41631
41655
41711
41724
41807
41834
41884
41887
41923
41970
41985
42059
42078
42081
42137
42197
42205
42290
42300
42346
42361
42383
42408
42422
42431
42459
42479
42486
42498
42562
42595
42607
42633
42646
42651
42703
42743
42744
42751
42811
42828
42850
42854
42865
42890
42961
42996
43019
43060
43072
43122
43144
43145
43169
43215
43218
43229
43305
43311
43313
43319
43333
43350
43370
43388
43418
43431
43474
43485
43488
43500
43502
43518
43526
43534
43542
43565
43577
43617
43683
43687
43717
43775
43815
43827
43844
43869
43870
43906
43921
43952
43974
43991
43994
43997
44024
44051
44070
44085
44107
44196
44219
44230
44238
44246
44261
44306
44321
44348
44374
44389
44396
44405
44407
44430
44444
44463
44481
44519
44556
44617
44635
44656
44678
44703
44751
44785
44787
44873
44910
44976
45011
45037
45068
45074
45083
45097
45103
45117
45134
45139
45147
45152
45153
45159
45227
45305
45307
45311
45317
45346
45363
45367
45381
45393
45403
45407
45422
45433
45446
45464
45502
45532
45537
45561
45645
45648
45724
45731
45761
45793
45795
45856
45864
45880
45886
45899
45996
46014
46016
46024
46099
46101
46103
46106
46127
46155
46157
46209
46216
46282
46293
46335
46366
46395
46420
46453
46461
46503
46605
46621
46622
46639
46734
46743
46837
46865
46867
46875
46886
46890
46954
46994
47054
47061
47064
47068
47108
47127
47164
47250
47254
47291
47303
47313
47345
47362
47399
47407
47418
47436
47438
47442
47462
47483
47505
47511
47528
47575
47606
47608
47622
47650
47671
47694
47708
47714
47806
47816
47822
47823
47826
47875
47888
47897
47899
47903
47948
47958
47960
47964
48005
48023
48033
48038
48049
48061
48070
48075
48282
48303
48308
48335
48339
48372
48374
48386
48454
48472
48521
48556
48623
48665
48781
48873
48895
48905
48970
48998
48999
49067
49076
49091
49171
49183
49197
49262
49269
49276
49314
49347
49377
49400
49404
49440
49468
49477
49481
49489
49492
49548
49563
49578
49589
49614
49625
49633
49635
49649
49667
49692
49704
49721
49724
49730
49771
49779
49787
49794
49796
49800
49811
49832
49844
49890
49918
49921
49980
