20
34
52
74
82
140
185
209
233
241
322
324
356
379
403
409
410
443
446
460
487
497
584
605
623
651
652
676
704
728
772
822
873
874
884
899
904
910
916
975
999
1018
1021
1079
1119
1176
1212
1227
1235
1254
1258
1260
1294
1325
1339
1353
1442
1446
1457
1506
1507
1527
1547
1559
1561
1581
1622
1648
1650
1674
1690
1695
1714
1725
1753
1778
1791
1800
1804
1805
1822
1910
1920
1937
1948
1985
2030
2038
2052
2069
2140
2158
2182
2224
2238
2263
2313
2332
2346
2360
2402
2421
2524
2552
2566
2591
2604
2625
2649
2679
2713
2717
2728
2745
2754
2761
2792
2803
2851
2858
2890
2914
2932
2943
2957
2964
2967
2997
3000
3011
3016
3017
3066
3074
3091
3092
3104
3111
3126
3128
3200
3238
3242
3283
3285
3299
3302
3314
3325
3328
3376
3377
3437
3516
3523
3554
3573
3580
3619
3640
3698
3717
3775
3788
3820
3827
3862
3870
3871
3886
3918
3920
3924
3959
3969
3983
3998
4017
4028
4042
4051
4065
4077
4086
4094
4146
4217
4237
4252
4365
4392
4394
4401
4452
4488
4521
4531
4535
4580
4585
4586
4628
4640
4677
4683
4734
4792
4828
4837
4937
5019
5021
5038
5040
5049
5081
5095
5192
5215
5227
5244
5256
5271
5306
5335
5457
5459
5463
5466
5517
5551
5588
5608
5632
5665
5683
5687
5724
5781
5782
5783
5832
5838
5861
5897
5908
5933
5949
5999
6076
6114
6143
6159
6164
6181
6196
6388
6397
6400
6423
6465
6469
6486
6509
6520
6530
6551
6563
6580
6583
6660
6693
6698
6744
6791
6794
6812
6815
6823
6883
6902
6913
7049
7054
7084
7087
7094
7125
7142
7143
7146
7252
7253
7389
7418
7429
7434
7447
7463
7583
7630
7649
7659
7662
7679
7681
7757
7787
7791
7797
7802
7820
7830
7862
7872
7892
7897
7906
7907
7935
7951
7958
8024
8029
8032
8061
8099
8109
8115
8118
8142
8145
8148
8149
8172
8191
8198
8228
8261
8311
8325
8334
8349
8404
8408
8416
8427
8483
8490
8500
8519
8553
8574
8596
8614
8616
8622
8656
8661
8662
8664
8696
8701
8712
8764
8832
8834
8870
8871
8885
8886
8889
8905
8909
8926
8945
8974
8979
9059
9060
9099
9115
9132
9158
9193
9210
9225
9234
9236
9264
9276
9278
9292
9316
9334
9361
9366
9445
9464
9465
9488
9502
9518
9523
9542
9648
9651
9685
9718
9732
9753
9830
9836
9876
9908
9966
9979
10029
10086
10112
10119
10224
10242
10250
10260
10280
10286
10336
10368
10381
10385
10403
10422
10456
10494
10506
10554
10564
10566
10577
10595
10632
10653
10669
10725
10751
10836
10863
10872
10875
10879
10942
10961
10985
11002
11008
11010
11012
11022
11069
11079
11098
11119
11128
11148
11171
11184
11188
11196
11221
11273
11295
11326
11333
11341
11359
11380
11384
11467
11471
11498
11508
11534
11551
11562
11591
11602
11674
11687
11705
11726
11797
11806
11845
11908
11929
11941
11968
11995
12004
12020
12034
12092
12129
12157
12179
12212
12221
12254
12291
12323
12361
12366
12419
12426
12474
12486
12512
12519
12558
12563
12564
12628
12642
12644
12646
12669
12685
12734
12737
12769
12773
12784
12785
12806
12812
12813
12850
12860
12863
12885
12931
12937
12979
12981
13048
13086
13089
13097
13110
13113
13154
13193
13204
13234
13239
13252
13274
13307
13310
13386
13409
13418
13422
13441
13474
13540
13554
13558
13564
13580
13586
13631
13651
13666
13678
13703
13716
13740
13757
13770
13786
13794
13832
13835
13891
13928
13952
13985
14008
14019
14038
14067
14089
14107
14126
14128
14156
14190
14212
14234
14243
14285
14329
14338
14342
14359
14422
14448
14463
14466
14468
14501
14503
14516
14536
14546
14580
14605
14613
14653
14659
14728
14737
14745
14821
14840
14843
14862
14894
14903
14910
14941
14942
15001
15014
15018
15019
15070
15079
15087
15091
15102
15113
15144
15182
15184
15191
15220
15227
15286
15299
15323
15332
15338
15389
15421
15439
15443
15480
15640
15656
15667
15690
15703
15743
15752
15772
15891
15892
15912
15940
15955
15968
16017
16028
16034
16067
16077
16081
16087
16127
16147
16159
16169
16329
16330
16334
16347
16402
16422
16428
16459
16472
16495
16509
16514
16537
16567
16588
16602
16612
16622
16649
16709
16715
16725
16759
16781
16811
16812
16827
16851
16857
16860
16861
16887
16930
16933
16946
16959
16992
17003
17025
17054
17092
17097
17101
17114
17116
17127
17131
17135
17179
17210
17242
17265
17271
17291
17355
17412
17459
17473
17474
17535
17566
17570
17652
17657
17669
17706
17727
17766
17782
17796
17815
17856
17930
17933
17961
17984
18166
18201
18207
18210
18214
18216
18248
18268
18327
18363
18399
18403
18417
18433
18448
18461
18532
18540
18552
18577
18584
18641
18647
18677
18718
18731
18742
18763
18863
18884
18896
18927
18938
18948
18974
18980
18996
19022
19078
19083
19153
19190
19211
19218
19226
19271
19310
19313
19337
19368
19371
19396
19406
19408
19418
19419
19446
19449
19450
19467
19476
19491
19493
19531
19560
19584
19610
19681
19682
19700
19712
19719
19722
19732
19758
19788
19833
19854
19868
19934
19948
19953
19986
19989
19996
19998
20004
20008
20019
20035
20074
20115
20129
20134
20190
20198
20230
20247
20273
20285
20352
20377
20396
20414
20491
20511
20517
20520
20529
20544
20546
20571
20576
20627
20642
20692
20724
20729
20761
20853
20856
20860
20887
20912
20930
20962
20989
21028
21048
21067
21089
21092
21118
21135
21149
21161
21180
21184
21189
21213
21238
21262
21295
21303
21324
21340
21379
21382
21428
21441
21442
21444
21446
21457
21489
21499
21519
21521
21553
21616
21647
21670
21688
21700
21722
21748
21756
21775
21862
21868
21869
21874
21907
22002
22053
22066
22079
22101
22127
22140
22171
22173
22180
22231
22262
22263
22387
22428
22440
22487
22554
22590
22746
22778
22819
22821
22833
22862
22883
22912
22943
22974
22990
23071
23074
23079
23084
23094
23190
23204
23216
23289
23294
23310
23313
23364
23403
23463
23531
23576
23615
23618
23674
23752
23798
23830
23869
23883
23913
23927
23973
23988
24025
24035
24062
24075
24089
24132
24137
24185
24200
24275
24316
24327
24335
24341
24380
24406
24417
24430
24431
24440
24442
24451
24499
24553
24628
24679
24714
24764
24803
24827
24861
24900
24906
24912
24932
25009
25012
25028
25032
25040
25046
25057
25065
25088
25098
25103
25117
25145
25167
25216
25243
25305
25321
25350
25403
25411
25419
25493
25505
25530
25534
25579
25587
25603
25604
25640
25663
25681
25698
25728
25734
25767
25790
25798
25827
25836
25873
25899
25931
25936
25943
25963
25972
26004
26006
26007
26020
26026
26105
26108
26136
26247
26249
26289
26303
26310
26350
26397
26414
26433
26461
26481
26488
26499
26530
26542
26574
26583
26584
26594
26649
26724
26756
26761
26762
26777
26779
26786
26791
26862
26870
26877
26897
26944
26957
26970
26981
26997
26999
27023
27070
27073
27085
27098
27112
27120
27201
27205
27243
27310
27325
27336
27348
27390
27405
27482
27518
27538
27545
27625
27648
27684
27719
27785
27786
27797
27875
27877
27895
27905
27908
27919
27936
27940
27941
27956
27985
28001
28021
28037
28070
28111
28134
28168
28180
28219
28225
28248
28314
28325
28398
28420
28427
28431
28443
28457
28468
28538
28570
28612
28627
28679
28710
28849
28850
28860
28866
28868
28908
28916
29004
29005
29051
29062
29065
29112
29129
29137
29159
29173
29174
29260
29316
29331
29382
29444
29475
29493
29527
29534
29538
29559
29593
29607
29649
29672
29673
29700
29783
29790
29813
29821
29858
29866
29910
29950
30047
30054
30092
30144
30164
30166
30183
30260
30310
30328
30347
30349
30362
30398
30432
30441
30447
30455
30546
30550
30557
30564
30605
30633
30649
30650
30712
30753
30768
30771
30777
30819
30864
30877
30911
30946
30998
31094
31100
31130
31163
31190
31204
31266
31336
31386
31403
31405
31419
31420
31440
31445
31452
31477
31494
31508
31523
31558
31639
31659
31695
31697
31720
31736
31741
31751
31801
31886
31931
31951
31970
31988
31991
31994
32004
32028
32032
32041
32054
32066
32075
32098
32100
32138
32181
32222
32256
32276
32296
32325
32409
32444
32496
32506
32514
32548
32562
32568
32624
32673
32687
32694
32709
32730
32768
32775
32817
32833
32840
32848
32854
32871
32884
32893
32941
32944
32974
32986
33000
33014
33016
33046
33081
33086
33096
33120
33164
33226
33234
33299
33326
33353
33430
33452
33453
33454
33515
33578
33626
33646
33702
33712
33719
33741
33742
33743
33814
33847
33848
33861
33869
33873
33899
33926
33937
33939
33974
33991
34063
34103
34164
34180
34195
34244
34251
34279
34301
34313
34402
34429
34534
34544
34567
34584
34616
34658
34677
34701
34725
34726
34733
34810
34814
34818
34825
34861
34893
34935
34971
34986
34993
35017
35138
35232
35284
35297
35326
35332
35333
35347
35416
35434
35457
35463
35502
35507
35521
35546
35559
35584
35593
35606
35611
35626
35717
35765
35766
35776
35789
35829
35830
35850
35871
35874
35891
35917
35927
35928
35935
35940
35970
35984
36031
36065
36099
36104
36158
36165
36177
36184
36190
36212
36248
36258
36276
36279
36289
36305
36306
36354
36476
36487
36498
36553
36555
36622
36658
36714
36732
36774
36801
36814
36843
36858
36862
36902
36949
36961
36969
36976
36990
37008
37072
37119
37130
37143
37164
37202
37205
37235
37259
37295
37324
37355
37373
37380
37383
37388
37390
37427
37530
37548
37556
37561
37626
37631
37683
37694
37717
37781
37813
37832
37834
37842
37867
37916
37953
37956
37963
38013
38044
38061
38075
38100
38106
38125
38176
38192
38206
38275
38353
38355
38414
38436
38481
38483
38497
38557
38576
38603
38607
38648
38657
38673
38678
38687
38723
38752
38769
38776
38817
38839
38846
38858
38865
38944
38966
38989
38996
39006
39011
39023
39037
39070
39078
39086
39099
39147
39208
39264
39285
39313
39322
39348
39350
39378
39383
39433
39486
39490
39503
39571
39600
39672
39686
39691
39707
39714
39728
39735
39753
39795
39829
39862
39897
39904
40005
40011
40069
40074
40215
40228
40234
40284
40293
40330
40406
40429
40464
40527
40544
40571
40605
40688
40711
40743
40749
40775
40778
40787
40805
40882
40885
40926
40935
40940
40943
40976
40978
41000
41016
41026
41103
41189
41201
41208
41217
41258
41278
41293
41369
41468
41554
41556
41578
41613
41637
41680
41683
41702
41704
41719
41741
41745
41765
41880
41888
41890
42002
42008
42024
42059
42064
42118
42131
42133
42141
42204
42249
42264
42293
42420
42432
42475
42546
42553
42554
42568
42572
42668
42702
42757
42759
42805
42835
42866
42885
42888
42900
43003
43013
43018
43030
43110
43127
43147
43157
43166
43174
43192
43203
43206
43215
43241
43281
43293
43305
43344
43348
43398
43411
43426
43435
43502
43517
43522
43538
43695
43729
43757
43780
43785
43858
43859
43919
43942
43950
43953
44004
44012
44049
44119
44127
44147
44166
44183
44189
44242
44266
44286
44295
44334
44337
44354
44365
44454
44465
44530
44591
44597
44634
44644
44651
44665
44673
44691
44705
44723
44761
44781
44801
44818
44849
44911
45010
45047
45073
45075
45128
45153
45163
45169
45206
45236
45266
45269
45301
45344
45364
45389
45433
45460
45475
45482
45516
45574
45598
45600
45631
45667
45706
45712
45718
45738
45739
45754
45856
45893
45932
45938
45961
46006
46008
46011
46055
46078
46080
46093
46094
46126
46133
46154
46190
46204
46269
46287
46289
46345
46391
46455
46506
46507
46617
46625
46644
46664
46672
46742
46756
46757
46782
46791
46813
46824
46831
46834
46873
46904
46907
46930
46938
46940
46982
46992
47010
47033
47077
47080
47133
47155
47212
47218
47225
47281
47308
47316
47354
47369
47435
47440
47451
47462
47472
47475
47513
47514
47525
47561
47576
47620
47628
47647
47648
47676
47682
47695
47696
47711
47712
47721
47751
47763
47781
47808
47864
47890
47895
47898
47911
47959
47976
47981
47990
47996
48040
48053
48081
48104
48128
48207
48259
48297
48299
48306
48308
48321
48323
48332
48334
48352
48368
48396
48406
48408
48439
48440
48456
48487
48491
48578
48596
48616
48629
48634
48661
48681
48690
48720
48735
48757
48802
48825
48905
48952
48956
48957
49034
49038
49042
49137
49145
49161
49166
49188
49217
49220
49234
49303
49311
49315
49424
49436
49499
49523
49540
49544
49579
49590
49636
49653
49683
49710
49726
49739
49753
49793
49794
49828
49832
49835
49850
49858
49863
49894
49924
49940
49952
49953
49968
49984
49995
