59
94
106
172
173
197
219
277
284
305
324
337
369
378
381
417
492
495
519
550
604
640
650
657
679
705
710
718
770
804
805
813
839
840
862
876
892
904
919
932
949
952
984
1031
1076
1078
1080
1084
1086
1167
1266
1271
1285
1297
1319
1335
1348
1352
1356
1361
1392
1404
1432
1455
1491
1501
1504
1505
1537
1538
1547
1585
1587
1649
1666
1684
1724
1751
1758
1803
1805
1811
1842
1907
1911
1960
1961
1978
2003
2006
2007
2078
2101
2176
2187
2202
2232
2236
2256
2276
2287
2320
2343
2350
2387
2392
2422
2441
2445
2481
2521
2531
2568
2610
2632
2648
2704
2730
2739
2802
2829
2848
2856
2882
2901
2915
2920
2958
2966
2971
3011
3042
3045
3055
3074
3083
3088
3151
3155
3176
3186
3189
3236
3254
3304
3321
3333
3345
3362
3363
3375
3389
3409
3425
3469
3478
3480
3512
3519
3558
3566
3574
3625
3645
3659
3672
3690
3713
3723
3767
3781
3795
3824
3865
3914
3933
3935
4012
4031
4078
4084
4098
4117
4157
4184
4210
4255
4256
4319
4331
4423
4442
4459
4461
4480
4494
4506
4515
4530
4589
4597
4606
4609
4614
4639
4657
4662
4666
4681
4690
4697
4709
4710
4735
4762
4767
4783
4792
4839
4936
4966
4988
4989
4997
5013
5042
5045
5055
5128
5161
5171
5206
5217
5227
5311
5380
5386
5390
5404
5504
5553
5568
5617
5622
5649
5681
5709
5714
5735
5768
5786
5793
5796
5849
5866
5867
5907
5918
5935
5957
5996
6010
6026
6064
6089
6107
6156
6172
6178
6273
6319
6401
6409
6422
6433
6445
6484
6509
6522
6547
6573
6610
6619
6671
6672
6682
6730
6764
6788
6884
6922
6928
6946
6981
7005
7034
7049
7054
7073
7090
7120
7127
7149
7174
7178
7180
7247
7254
7264
7302
7373
7461
7522
7545
7666
7684
7752
7757
7777
7779
7798
7839
7907
7918
7919
7928
7947
7960
7961
8023
8063
8067
8099
8103
8111
8117
8135
8136
8144
8149
8173
8175
8194
8195
8212
8232
8286
8292
8302
8350
8468
8480
8502
8549
8552
8567
8574
8578
8585
8595
8626
8640
8716
8719
8742
8758
8768
8785
8789
8802
8811
8821
8839
8869
8881
8903
8935
8945
8946
8952
8973
9034
9048
9062
9068
9152
9157
9160
9230
9264
9269
9290
9295
9321
9347
9387
9396
9403
9416
9428
9441
9446
9457
9544
9546
9572
9589
9611
9622
9716
9769
9785
9814
9838
9881
9924
9955
9959
10026
10036
10039
10043
10051
10061
10106
10112
10134
10247
10296
10301
10302
10309
10333
10381
10496
10511
10563
10568
10582
10592
10606
10611
10630
10665
10668
10682
10695
10760
10767
10770
10789
10798
10800
10818
10830
10854
10894
10927
10933
10980
10983
10997
11054
11067
11068
11090
11123
11136
11139
11148
11151
11197
11198
11210
11216
11228
11230
11316
11326
11342
11366
11433
11498
11503
11520
11531
11561
11628
11631
11655
11670
11702
11711
11724
11778
11807
11829
11854
11860
11926
11994
12008
12042
12056
12084
12090
12109
12122
12178
12181
12222
12258
12267
12283
12321
12364
12421
12459
12460
12493
12504
12607
12647
12673
12686
12746
12784
12801
12845
12857
12864
12875
12938
12962
13008
13012
13032
13037
13071
13143
13148
13183
13197
13215
13231
13243
13260
13295
13322
13327
13384
13411
13423
13440
13475
13522
13557
13560
13561
13581
13589
13642
13682
13724
13839
13911
13940
13943
13983
13995
14008
14042
14059
14062
14063
14070
14072
14132
14139
14225
14227
14249
14270
14277
14351
14370
14383
14416
14421
14452
14464
14467
14482
14506
14538
14582
14629
14638
14685
14705
14726
14732
14746
14748
14768
14772
14778
14801
14802
14810
14823
14898
14899
14906
14907
14942
15023
15028
15033
15053
15082
15098
15111
15119
15146
15163
15170
15241
15266
15350
15377
15379
15388
15416
15419
15496
15526
15587
15592
15620
15635
15637
15657
15688
15692
15717
15764
15809
15816
15818
15828
15843
15895
15905
15911
15915
15991
15994
16014
16016
16027
16058
16076
16096
16165
16182
16315
16363
16377
16460
16465
16468
16472
16504
16506
16595
16604
16607
16626
16627
16654
16655
16665
16679
16685
16708
16806
16808
16811
16844
16909
16990
16995
17019
17033
17093
17109
17117
17201
17207
17226
17238
17321
17337
17338
17355
17379
17450
17475
17516
17520
17522
17526
17575
17606
17627
17630
17632
17656
17707
17714
17725
17736
17760
17815
17862
17909
17921
17923
17962
17979
18028
18070
18184
18187
18230
18250
18276
18330
18377
18408
18427
18473
18482
18537
18557
18559
18565
18572
18585
18597
18662
18673
18677
18707
18727
18746
18800
18812
18874
18921
18927
18951
18952
18956
18977
18980
19014
19028
19049
19060
19093
19094
19099
19151
19152
19171
19199
19217
19268
19313
19336
19348
19350
19381
19398
19436
19460
19473
19591
19617
19637
19644
19683
19696
19706
19729
19750
19808
19840
19875
19941
20009
20017
20020
20029
20038
20092
20108
20113
20165
20167
20181
20321
20326
20331
20334
20374
20387
20388
20391
20409
20421
20523
20543
20583
20596
20616
20637
20679
20682
20688
20723
20724
20746
20777
20800
20827
20840
20869
20919
20940
20945
20971
21014
21034
21060
21062
21105
21108
21121
21198
21221
21222
21224
21225
21270
21292
21330
21371
21395
21403
21408
21437
21449
21462
21471
21478
21576
21598
21618
21632
21636
21648
21682
21697
21720
21745
21875
21881
21920
21990
21992
22003
22012
22029
22049
22087
22088
22089
22110
22147
22162
22204
22222
22292
22310
22323
22328
22340
22349
22507
22514
22525
22543
22569
22592
22599
22605
22618
22632
22673
22680
22689
22734
22760
22785
22842
22862
22871
22920
22930
22931
22957
22979
22994
23007
23058
23062
23071
23088
23096
23099
23164
23185
23189
23202
23205
23248
23269
23345
23372
23377
23409
23447
23450
23452
23514
23537
23574
23578
23581
23587
23624
23707
23748
23800
23801
23809
23873
23938
23939
23977
23986
23995
24002
24013
24017
24063
24066
24123
24126
24133
24135
24185
24203
24248
24255
24295
24302
24318
24409
24422
24467
24499
24510
24566
24575
24596
24623
24660
24671
24672
24677
24708
24751
24766
24882
24909
24937
25029
25055
25060
25088
25144
25150
25178
25199
25208
25261
25273
25301
25318
25344
25363
25370
25381
25388
25389
25430
25439
25455
25463
25479
25537
25543
25545
25562
25571
25575
25611
25614
25669
25692
25734
25735
25782
25807
25820
25849
25859
25911
25944
25953
25977
25983
25989
26011
26078
26119
26128
26150
26168
26171
26193
26220
26273
26301
26322
26334
26375
26386
26388
26413
26468
26480
26568
26576
26631
26640
26667
26691
26716
26740
26746
26762
26792
26801
26816
26852
26896
26912
26967
27019
27025
27050
27088
27148
27168
27170
27198
27202
27224
27238
27321
27411
27430
27443
27455
27460
27511
27537
27569
27578
27637
27663
27716
27720
27744
27760
27805
27811
27873
27878
27893
27916
27947
27958
27968
27973
28010
28032
28039
28053
28070
28080
28146
28196
28208
28242
28326
28346
28349
28419
28439
28478
28484
28497
28526
28535
28594
28652
28663
28670
28671
28703
28705
28729
28801
28829
28840
28846
28875
28945
28947
28973
28993
28994
29005
29023
29028
29050
29068
29126
29144
29210
29211
29225
29254
29266
29282
29292
29318
29338
29354
29357
29368
29371
29383
29395
29409
29440
29504
29570
29582
29600
29620
29640
29649
29690
29693
29707
29708
29722
29726
29842
29869
29870
29887
29903
29943
29962
29988
29993
30015
30030
30058
30064
30065
30080
30090
30102
30106
30120
30147
30160
30186
30337
30343
30361
30372
30374
30377
30397
30427
30473
30475
30478
30483
30484
30488
30521
30655
30661
30674
30683
30762
30771
30783
30787
30792
30818
30832
30846
30899
30912
30959
30969
30982
30992
30993
31042
31045
31059
31066
31111
31135
31220
31223
31242
31287
31305
31310
31321
31331
31343
31354
31376
31388
31391
31393
31400
31403
31404
31425
31437
31502
31524
31603
31606
31626
31648
31657
31685
31688
31693
31710
31733
31778
31827
31846
31967
31972
31974
31984
31995
32052
32063
32064
32077
32094
32150
32182
32238
32255
32272
32296
32303
32413
32435
32450
32477
32539
32618
32661
32719
32725
32806
32812
32816
32834
32922
32926
32932
32956
32979
33002
33022
33026
33045
33097
33117
33119
33188
33194
33196
33242
33249
33251
33279
33315
33342
33383
33385
33426
33464
33477
33502
33517
33545
33548
33555
33577
33607
33610
33647
33674
33687
33720
33722
33738
33745
33746
33766
33844
33845
33856
33864
33898
33900
33901
33906
33933
33965
33976
33981
34058
34073
34162
34169
34171
34226
34255
34268
34275
34298
34300
34305
34355
34375
34394
34404
34411
34421
34425
34454
34459
34463
34519
34540
34548
34576
34581
34624
34625
34669
34718
34754
34790
34792
34794
34804
34837
34862
34903
34957
35061
35085
35101
35134
35150
35161
35198
35223
35228
35259
35261
35276
35278
35311
35316
35323
35335
35347
35349
35355
35379
35410
35415
35470
35494
35501
35528
35561
35592
35597
35599
35604
35626
35631
35646
35658
35670
35675
35680
35715
35732
35789
35882
35930
35944
35951
35966
35985
35992
36034
36073
36113
36116
36123
36130
36133
36148
36162
36176
36196
36209
36256
36304
36310
36335
36380
36381
36384
36396
36424
36471
36541
36586
36663
36664
36673
36707
36717
36723
36732
36757
36767
36814
36839
36859
36874
36875
36888
36900
36942
36947
36993
37004
37093
37108
37115
37143
37161
37164
37181
37244
37246
37254
37281
37367
37369
37411
37417
37425
37431
37491
37511
37514
37519
37527
37547
37576
37589
37600
37603
37608
37652
37672
37816
37819
37855
37871
37880
37885
37892
37910
37943
37945
38022
38058
38187
38193
38212
38213
38227
38254
38266
38293
38349
38350
38354
38357
38479
38536
38581
38599
38609
38612
38637
38641
38659
38709
38712
38716
38724
38748
38815
38825
38830
38839
38856
38919
38961
38996
39007
39023
39028
39035
39041
39063
39067
39092
39117
39126
39166
39170
39171
39172
39192
39222
39226
39235
39276
39320
39324
39333
39347
39385
39395
39396
39418
39419
39428
39445
39463
39525
39537
39540
39545
39558
39561
39622
39635
39641
39672
39706
39720
39729
39735
39753
39765
39809
39830
39835
39860
39890
39937
39985
39997
40002
40009
40011
40090
40104
40112
40152
40202
40219
40359
40367
40386
40392
40422
40479
40507
40575
40618
40646
40681
40699
40710
40735
40742
40757
40762
40852
40901
40909
40935
40942
40976
41014
41027
41039
41052
41071
41113
41165
41212
41218
41284
41290
41292
41306
41358
41361
41374
41377
41384
41420
41511
41544
41548
41559
41592
41593
41654
41678
41695
41698
41793
41798
41800
41830
41832
41854
41860
41877
41896
41914
41947
42066
42072
42091
42104
42128
42144
42279
42340
42352
42353
42363
42378
42410
42424
42428
42533
42550
42581
42597
42616
42630
42688
42692
42765
42799
42837
42860
42918
43029
43038
43045
43069
43081
43126
43136
43207
43238
43243
43251
43252
43300
43335
43339
43367
43416
43432
43460
43557
43564
43651
43653
43681
43692
43695
43758
43783
43814
43836
43960
43976
43995
44062
44122
44193
44227
44280
44356
44379
44392
44423
44439
44451
44504
44512
44549
44559
44569
44570
44576
44577
44578
44668
44678
44710
44761
44769
44827
44859
44886
44977
45031
45032
45062
45115
45195
45196
45261
45354
45380
45385
45404
45416
45450
45456
45464
45506
45580
45593
45596
45624
45625
45645
45656
45683
45712
45748
45790
45804
45817
45854
45859
45860
45932
45951
45979
46049
46057
46058
46086
46102
46133
46137
46209
46214
46217
46235
46241
46303
46308
46345
46365
46395
46408
46443
46446
46447
46456
46461
46557
46576
46589
46632
46639
46672
46680
46692
46702
46715
46718
46733
46767
46791
46796
46801
46839
46840
46948
46968
46996
47124
47134
47167
47198
47212
47235
47258
47283
47294
47336
47384
47392
47420
47428
47452
47471
47521
47564
47570
47595
47616
47628
47640
47658
47683
47732
47772
47813
47888
47895
47897
47904
47917
47931
47976
48001
48018
48019
48035
48065
48102
48154
48174
48230
48252
48325
48372
48418
48423
48427
48443
48507
48525
48527
48548
48561
48577
48594
48595
48607
48615
48644
48670
48674
48720
48759
48790
48792
48834
48867
48883
48897
48909
48942
48975
49004
49023
49038
49118
49147
49153
49164
49198
49200
49201
49247
49249
49282
49295
49311
49347
49355
49373
49396
49416
49455
49482
49510
49513
49559
49569
49587
49612
49616
49647
49653
49679
49704
49709
49795
49824
49856
49857
49871
49882
49898
49919
49923
49965
