0.10000000149011612
0.10000000149011612
0.10000000149011612
0.10000000149011612
0.10000000149011612
0.12300000339746475
0.21279999613761902
0.23399999737739563
0.24390000104904175
0.2517000138759613
0.26339998841285706
0.2874999940395355
0.29919999837875366
0.31380000710487366
0.32269999384880066
0.33480000495910645
0.34529998898506165
0.3549000024795532
0.3702999949455261
0.3837999999523163
0.38909998536109924
0.3982999920845032
0.40459999442100525
0.40860000252723694
0.4122999906539917
0.41659998893737793
0.4221999943256378
0.42660000920295715
0.42800000309944153
0.4323999881744385
0.4361000061035156
0.43849998712539673
0.4429999887943268
0.44339999556541443
0.446399986743927
0.4489000141620636
0.4521999955177307
0.4544999897480011
0.45730000734329224
0.4609000086784363
0.46480000019073486
0.4697999954223633
0.47350001335144043
0.4790000021457672
0.48170000314712524
0.48579999804496765
0.4909999966621399
0.4959999918937683
0.5016000270843506
0.5055999755859375
0.5069000124931335
0.5097000002861023
0.5109000205993652
0.5153999924659729
0.5187000036239624
0.517799973487854
0.5228000283241272
0.5250999927520752
0.527400016784668
0.5285999774932861
0.5306000113487244
0.5343999862670898
0.536300003528595
0.5360999703407288
0.5406000018119812
0.5415999889373779
0.5421000123023987
0.5446000099182129
0.5454999804496765
0.548799991607666
0.5503000020980835
0.5514000058174133
0.5544999837875366
0.5566999912261963
0.5570999979972839
0.557200014591217
0.5601000189781189
0.5598000288009644
0.557699978351593
0.5627999901771545
0.5649999976158142
0.5667999982833862
0.5685999989509583
0.5680000185966492
0.5698000192642212
0.5712000131607056
0.5737000107765198
0.5730999708175659
0.5745999813079834
0.5789999961853027
0.5782999992370605
0.5796999931335449
0.5812000036239624
0.5809999704360962
0.5848000049591064
0.5860000252723694
0.5892999768257141
0.5891000032424927
0.5888000130653381
0.5902000069618225
