0.10000000149011612
0.10000000149011612
0.16509999334812164
0.1728000044822693
0.24400000274181366
0.2711000144481659
0.29030001163482666
0.31200000643730164
0.33180001378059387
0.34470000863075256
0.353300005197525
0.3596999943256378
0.3693999946117401
0.37369999289512634
0.3804999887943268
0.38999998569488525
0.39989998936653137
0.40619999170303345
0.41280001401901245
0.4255000054836273
0.4302000105381012
0.43619999289512634
0.4397999942302704
0.44510000944137573
0.44999998807907104
0.4487999975681305
0.45170000195503235
0.4553999900817871
0.4578000009059906
0.46000000834465027
0.460099995136261
0.4625000059604645
0.4625000059604645
0.4643999934196472
0.4650000035762787
0.4677000045776367
0.4684000015258789
0.47189998626708984
0.4724000096321106
0.47530001401901245
0.47749999165534973
0.48010000586509705
0.48260000348091125
0.48410001397132874
0.48739999532699585
0.4878000020980835
0.4927000105381012
0.4952000081539154
0.49880000948905945
0.5029000043869019
0.5037000179290771
0.5084999799728394
0.5101000070571899
0.510200023651123
0.5115000009536743
0.5174999833106995
0.5180000066757202
0.519599974155426
0.5234000086784363
0.5228999853134155
0.5264000296592712
0.5246000289916992
0.526199996471405
0.5310999751091003
0.5317000150680542
0.5317999720573425
0.5356000065803528
0.5357999801635742
0.536899983882904
0.536899983882904
0.5403000116348267
0.5392000079154968
0.5424000024795532
0.5428000092506409
0.5425000190734863
0.5450999736785889
0.5473999977111816
0.5485000014305115
0.5482000112533569
0.5489000082015991
0.5504999756813049
0.5507000088691711
0.5515999794006348
0.5527999997138977
0.5539000034332275
0.5551000237464905
0.5541999936103821
0.5552999973297119
0.5565999746322632
0.5583999752998352
0.5562000274658203
0.5583999752998352
0.560699999332428
0.5630000233650208
0.5631999969482422
0.5634999871253967
0.5644999742507935
0.5665000081062317
0.5666000247001648
0.5685999989509583
