11.923128470125507
11.652210712406392
12.087062711118906
11.815767973921389
12.087062711118906
11.923128470125507
12.087062711118906
11.923128470125507
11.408365456886544
11.923128470125507
11.779590379721428
12.087062711118906
11.903345291750592
12.087062711118906
11.903345291750592
11.815767973921389
11.652210712406392
11.923128470125507
12.087062711118906
11.914940517007063
11.537229764513965
12.087062711118906
11.815767973921389
11.815767973921389
11.779590379721428
11.779590379721428
12.087062711118906
12.087062711118906
11.779590379721428
11.923128470125507
12.087062711118906
11.923128470125507
11.408365456886544
12.087062711118906
11.903345291750592
11.408365456886544
12.087062711118906
11.815767973921389
11.923128470125507
12.087062711118906
11.537229764513965
11.652210712406392
11.408365456886544
12.087062711118906
11.815767973921389
11.903345291750592
12.087062711118906
11.923128470125507
11.923128470125507
12.087062711118906
11.923128470125507
11.923128470125507
12.087062711118906
11.903345291750592
12.087062711118906
11.914940517007063
11.815767973921389
11.815767973921389
12.087062711118906
11.914940517007063
11.903345291750592
11.923128470125507
12.087062711118906
11.903345291750592
11.652210712406392
11.779590379721428
11.274728504323308
11.903345291750592
11.914940517007063
11.923128470125507
11.593323907954025
11.914940517007063
12.087062711118906
11.903345291750592
11.903345291750592
11.923128470125507
12.087062711118906
12.087062711118906
11.914940517007063
11.779590379721428
12.087062711118906
11.779590379721428
11.914940517007063
11.903345291750592
12.087062711118906
12.087062711118906
11.903345291750592
11.923128470125507
11.274728504323308
11.903345291750592
11.923128470125507
11.923128470125507
11.652210712406392
12.087062711118906
12.087062711118906
11.652210712406392
12.087062711118906
11.903345291750592
11.923128470125507
12.087062711118906
