0.10000000149011612
0.15330000221729279
0.2054000049829483
0.22869999706745148
0.23839999735355377
0.2635999917984009
0.2973000109195709
0.33149999380111694
0.35899999737739563
0.3741999864578247
0.38199999928474426
0.3961000144481659
0.40779998898506165
0.4162999987602234
0.4271000027656555
0.438400000333786
0.44909998774528503
0.4542999863624573
0.45809999108314514
0.4657999873161316
0.47130000591278076
0.4765999913215637
0.4799000024795532
0.4862000048160553
0.49309998750686646
0.4959999918937683
0.5
0.5006999969482422
0.5108000040054321
0.512499988079071
0.5188999772071838
0.5228000283241272
0.5297999978065491
0.5349000096321106
0.5390999913215637
0.539900004863739
0.5478000044822693
0.5508999824523926
0.5544999837875366
0.5572999715805054
0.5630999803543091
0.5666999816894531
0.5691999793052673
0.5738999843597412
0.573199987411499
0.5769000053405762
0.5763999819755554
0.5803999900817871
0.5860000252723694
0.5896999835968018
0.592199981212616
0.5945000052452087
0.5961999893188477
0.6010000109672546
0.6000000238418579
0.6029000282287598
0.6046000123023987
0.6055999994277954
0.6086999773979187
0.6079999804496765
0.6114000082015991
0.6134999990463257
0.6162999868392944
0.6193000078201294
0.6205000281333923
0.6233000159263611
0.6211000084877014
0.6251999735832214
0.6273999810218811
0.6280999779701233
0.6281999945640564
0.6291999816894531
0.6323999762535095
0.6347000002861023
0.6353999972343445
0.6348999738693237
0.6358000040054321
0.6389999985694885
0.6402999758720398
0.6401000022888184
0.6424000263214111
0.6437000036239624
0.6467999815940857
0.6491000056266785
0.6480000019073486
0.6492000222206116
0.6517000198364258
0.6539000272750854
0.6517000198364258
0.6553000211715698
0.6552000045776367
0.6579999923706055
0.659600019454956
0.6597999930381775
0.6593000292778015
0.6590999960899353
0.6621000170707703
0.6625999808311462
0.6625000238418579
0.6638000011444092
