72.11966378636451
72.11966378636451
73.27181571296799
72.11966378636451
70.66597641555094
73.27181571296799
67.73820487728754
68.85277547731249
73.27181571296799
71.90746320497801
72.11966378636451
70.66597641555094
73.27181571296799
66.24579088919207
73.27181571296799
73.27181571296799
72.11966378636451
73.27181571296799
71.26190260417137
71.68281067262427
71.90746320497801
71.68281067262427
73.27181571296799
73.27181571296799
71.68281067262427
71.90746320497801
73.27181571296799
67.73820487728754
71.68281067262427
70.66597641555094
71.90746320497801
71.90746320497801
73.27181571296799
72.11966378636451
73.27181571296799
72.11966378636451
72.11966378636451
73.27181571296799
71.68281067262427
73.27181571296799
72.11966378636451
71.90746320497801
71.68281067262427
69.33794382425799
73.27181571296799
71.68281067262427
73.27181571296799
70.66597641555094
73.27181571296799
66.27033271234845
71.26190260417137
73.27181571296799
71.68281067262427
66.27033271234845
71.26190260417137
73.27181571296799
72.11966378636451
73.27181571296799
71.26190260417137
73.27181571296799
70.66597641555094
68.85277547731249
69.70422673201756
69.33794382425799
72.11966378636451
70.66597641555094
73.27181571296799
71.90746320497801
71.68281067262427
71.68281067262427
73.27181571296799
73.27181571296799
71.90746320497801
71.68281067262427
72.11966378636451
70.66597641555094
72.11966378636451
73.27181571296799
72.11966378636451
68.85277547731249
73.27181571296799
70.66597641555094
70.66597641555094
71.68281067262427
71.26190260417137
71.26190260417137
69.33794382425799
71.26190260417137
68.85277547731249
73.27181571296799
70.66597641555094
73.27181571296799
69.70422673201756
71.68281067262427
71.26190260417137
71.90746320497801
68.85277547731249
73.27181571296799
73.27181571296799
72.11966378636451
