0.10000000149011612
0.1720999926328659
0.2354000061750412
0.30090001225471497
0.3301999866962433
0.3517000079154968
0.3725999891757965
0.3953999876976013
0.4187999963760376
0.43529999256134033
0.4498000144958496
0.4577000141143799
0.46959999203681946
0.4733000099658966
0.4794999957084656
0.4860000014305115
0.49399998784065247
0.49149999022483826
0.4966000020503998
0.5049999952316284
0.5077000260353088
0.515500009059906
0.5184999704360962
0.5216000080108643
0.5274999737739563
0.5317000150680542
0.5383999943733215
0.5406000018119812
0.5468999743461609
0.548799991607666
0.5486999750137329
0.5519000291824341
0.5576000213623047
0.5633000135421753
0.5659000277519226
0.567799985408783
0.5730000138282776
0.5751000046730042
0.5788999795913696
0.5834000110626221
0.5860000252723694
0.5860000252723694
0.5921000242233276
0.5885000228881836
0.5985999703407288
0.602400004863739
0.6025000214576721
0.605400025844574
0.6072999835014343
0.6110000014305115
0.6121000051498413
0.614300012588501
0.6158000230789185
0.6161999702453613
0.6129999756813049
0.6180999875068665
0.6198999881744385
0.6223999857902527
0.6230999827384949
0.623199999332428
0.6247000098228455
0.6244999766349792
0.6259999871253967
0.6258999705314636
0.6294999718666077
0.631600022315979
0.6317999958992004
0.629800021648407
0.6327999830245972
0.6351000070571899
0.6358000040054321
0.6370999813079834
0.6358000040054321
0.6363999843597412
0.6363000273704529
0.637499988079071
0.6388999819755554
0.6394000053405762
0.641700029373169
0.6395999789237976
0.6389999985694885
0.6413000226020813
0.6398000121116638
0.6402999758720398
0.6392999887466431
0.6437000036239624
0.642300009727478
0.6403999924659729
0.6412000060081482
0.6444000005722046
0.6424000263214111
0.6445000171661377
0.6419000029563904
0.6449999809265137
0.6446999907493591
0.6444000005722046
0.6471999883651733
0.6450999975204468
0.645799994468689
0.6480000019073486
