10.925071525069379
11.026161814786404
10.186167612685674
9.250535434271645
9.426327218548469
9.38205681816025
9.254945122178155
8.808582049337616
9.250535434271645
9.304436918536883
9.254945122178155
9.426327218548469
8.848235763983336
9.250535434271645
9.254945122178155
8.848235763983336
9.254945122178155
8.848235763983336
8.882063151815899
8.808582049337616
8.882063151815899
8.882063151815899
8.754634746020553
8.754634746020553
8.808582049337616
8.808582049337616
8.882063151815899
8.882063151815899
8.882063151815899
8.882063151815899
8.754634746020553
8.808582049337616
9.254945122178155
8.754634746020553
8.848235763983336
8.808582049337616
8.882063151815899
8.74019754797105
8.470645690410171
8.848235763983336
8.754634746020553
9.38205681816025
8.74019754797105
8.808582049337616
8.882063151815899
8.848235763983336
8.848235763983336
8.848235763983336
8.74019754797105
9.250535434271645
8.808582049337616
8.808582049337616
8.470645690410171
8.808582049337616
8.470645690410171
8.882063151815899
8.754634746020553
8.808582049337616
8.754634746020553
8.754634746020553
8.808582049337616
8.470645690410171
8.848235763983336
8.754634746020553
8.808582049337616
8.754634746020553
8.808582049337616
8.74019754797105
8.470645690410171
8.882063151815899
8.882063151815899
8.74019754797105
8.808582049337616
8.808582049337616
8.882063151815899
8.470645690410171
8.754634746020553
8.754634746020553
8.74019754797105
8.882063151815899
8.754634746020553
8.470645690410171
8.754634746020553
8.74019754797105
8.848235763983336
8.74019754797105
8.754634746020553
8.808582049337616
8.754634746020553
8.470645690410171
8.74019754797105
8.808582049337616
8.74019754797105
8.882063151815899
8.848235763983336
8.74019754797105
8.848235763983336
8.808582049337616
8.74019754797105
8.754634746020553
