48.37811372657999
50.99187159322677
50.43476939207426
44.66322320277627
44.01820907669536
45.43875448425055
44.66322320277627
44.01820907669536
45.28921498304361
44.33660325772025
41.88033078057059
44.01820907669536
44.66322320277627
44.01820907669536
41.88033078057059
41.88033078057059
44.01820907669536
44.01820907669536
44.66322320277627
41.88033078057059
44.01820907669536
44.01820907669536
41.88033078057059
41.88033078057059
41.88033078057059
41.88033078057059
46.56287721981099
45.43875448425055
41.88033078057059
41.88033078057059
45.28921498304361
41.88033078057059
41.88033078057059
41.88033078057059
44.66322320277627
44.01820907669536
41.88033078057059
41.88033078057059
41.88033078057059
41.88033078057059
44.66322320277627
41.88033078057059
41.88033078057059
41.88033078057059
44.01820907669536
44.01820907669536
41.88033078057059
41.88033078057059
41.88033078057059
44.01820907669536
41.88033078057059
41.88033078057059
44.33660325772025
41.88033078057059
41.88033078057059
44.33660325772025
41.88033078057059
41.88033078057059
44.01820907669536
41.88033078057059
41.88033078057059
41.88033078057059
41.88033078057059
41.88033078057059
41.88033078057059
41.88033078057059
41.88033078057059
41.88033078057059
41.88033078057059
41.88033078057059
41.88033078057059
41.88033078057059
41.88033078057059
41.88033078057059
44.01820907669536
41.88033078057059
41.88033078057059
41.88033078057059
41.88033078057059
41.88033078057059
41.88033078057059
41.88033078057059
44.33660325772025
41.88033078057059
41.88033078057059
41.88033078057059
41.88033078057059
44.01820907669536
41.88033078057059
41.88033078057059
41.88033078057059
44.01820907669536
41.88033078057059
41.88033078057059
41.88033078057059
41.88033078057059
41.88033078057059
44.33660325772025
41.88033078057059
41.88033078057059
