8.848235763983336
10.247270655920666
8.848235763983336
8.848235763983336
8.848235763983336
8.848235763983336
8.882063151815899
8.882063151815899
8.754634746020553
8.808582049337616
8.754634746020553
8.808582049337616
8.470645690410171
8.74019754797105
8.754634746020553
8.74019754797105
8.848235763983336
8.754634746020553
8.808582049337616
8.74019754797105
8.754634746020553
8.808582049337616
8.808582049337616
8.74019754797105
8.74019754797105
8.470645690410171
8.848235763983336
8.754634746020553
8.470645690410171
8.754634746020553
8.74019754797105
8.882063151815899
8.470645690410171
8.848235763983336
8.470645690410171
8.74019754797105
8.808582049337616
8.470645690410171
8.74019754797105
8.470645690410171
8.470645690410171
8.470645690410171
8.808582049337616
8.470645690410171
8.754634746020553
8.470645690410171
8.754634746020553
8.470645690410171
8.470645690410171
8.470645690410171
8.74019754797105
8.470645690410171
8.470645690410171
8.74019754797105
8.74019754797105
8.754634746020553
8.470645690410171
8.74019754797105
8.470645690410171
8.470645690410171
8.848235763983336
8.470645690410171
8.470645690410171
8.74019754797105
8.470645690410171
8.470645690410171
8.754634746020553
8.808582049337616
8.470645690410171
8.470645690410171
8.470645690410171
8.470645690410171
8.470645690410171
8.470645690410171
8.470645690410171
8.754634746020553
8.754634746020553
8.470645690410171
8.74019754797105
8.470645690410171
8.470645690410171
8.470645690410171
8.470645690410171
8.74019754797105
8.470645690410171
8.470645690410171
8.808582049337616
8.470645690410171
8.470645690410171
8.470645690410171
8.470645690410171
8.470645690410171
8.470645690410171
8.470645690410171
8.754634746020553
8.470645690410171
8.470645690410171
8.470645690410171
8.470645690410171
8.470645690410171
