50.99187159322677
72.15966378636452
59.4025908919011
56.861228450978736
49.76328973350924
52.67022563142332
46.56287721981099
48.523897792075786
44.01820907669536
44.66322320277627
45.28921498304361
44.01820907669536
44.01820907669536
45.43875448425055
44.33660325772025
45.28921498304361
44.01820907669536
44.66322320277627
45.43875448425055
45.43875448425055
44.33660325772025
44.33660325772025
45.28921498304361
45.43875448425055
45.28921498304361
41.88033078057059
44.33660325772025
44.01820907669536
44.66322320277627
44.66322320277627
46.56287721981099
41.88033078057059
41.88033078057059
41.88033078057059
44.66322320277627
45.28921498304361
44.01820907669536
44.01820907669536
44.66322320277627
49.76328973350924
44.66322320277627
41.88033078057059
44.33660325772025
45.28921498304361
44.66322320277627
44.01820907669536
45.43875448425055
44.33660325772025
44.33660325772025
45.28921498304361
45.28921498304361
41.88033078057059
44.66322320277627
41.88033078057059
41.88033078057059
44.66322320277627
45.28921498304361
44.33660325772025
44.33660325772025
41.88033078057059
45.28921498304361
44.33660325772025
45.28921498304361
44.01820907669536
44.33660325772025
41.88033078057059
44.33660325772025
44.33660325772025
45.43875448425055
44.33660325772025
44.01820907669536
44.33660325772025
45.43875448425055
44.66322320277627
45.43875448425055
44.01820907669536
41.88033078057059
44.01820907669536
45.43875448425055
45.43875448425055
44.01820907669536
41.88033078057059
44.01820907669536
41.88033078057059
41.88033078057059
44.33660325772025
45.28921498304361
44.33660325772025
44.01820907669536
44.33660325772025
44.33660325772025
45.28921498304361
44.66322320277627
45.43875448425055
41.88033078057059
44.66322320277627
41.88033078057059
45.43875448425055
44.33660325772025
41.88033078057059
