48.43221334693971
50.43476939207426
45.43875448425055
44.33660325772025
44.33660325772025
41.88033078057059
41.88033078057059
44.66322320277627
44.01820907669536
44.01820907669536
41.88033078057059
41.88033078057059
41.88033078057059
41.88033078057059
41.88033078057059
44.01820907669536
41.88033078057059
41.88033078057059
44.01820907669536
41.88033078057059
41.88033078057059
41.88033078057059
41.88033078057059
41.88033078057059
41.88033078057059
41.88033078057059
41.88033078057059
41.88033078057059
41.88033078057059
41.88033078057059
41.88033078057059
41.88033078057059
41.88033078057059
41.88033078057059
41.88033078057059
41.88033078057059
44.01820907669536
41.88033078057059
41.88033078057059
41.88033078057059
41.88033078057059
41.88033078057059
41.88033078057059
41.88033078057059
41.88033078057059
41.88033078057059
41.88033078057059
41.88033078057059
41.88033078057059
41.88033078057059
41.88033078057059
41.88033078057059
41.88033078057059
41.88033078057059
41.88033078057059
41.88033078057059
41.88033078057059
41.88033078057059
41.88033078057059
41.88033078057059
41.88033078057059
41.88033078057059
41.88033078057059
41.88033078057059
41.88033078057059
41.88033078057059
41.88033078057059
41.88033078057059
41.88033078057059
41.88033078057059
41.88033078057059
44.01820907669536
41.88033078057059
41.88033078057059
41.88033078057059
41.88033078057059
41.88033078057059
41.88033078057059
41.88033078057059
41.88033078057059
41.88033078057059
41.88033078057059
41.88033078057059
41.88033078057059
41.88033078057059
41.88033078057059
41.88033078057059
41.88033078057059
41.88033078057059
41.88033078057059
41.88033078057059
41.88033078057059
41.88033078057059
41.88033078057059
41.88033078057059
41.88033078057059
41.88033078057059
41.88033078057059
41.88033078057059
41.88033078057059
