0.09679999947547913
0.1273999959230423
0.2612000107765198
0.28769999742507935
0.3328999876976013
0.357699990272522
0.37790000438690186
0.40209999680519104
0.424699991941452
0.4374000132083893
0.44920000433921814
0.4643000066280365
0.47369998693466187
0.48410001397132874
0.49050000309944153
0.49790000915527344
0.5063999891281128
0.5112000107765198
0.516700029373169
0.521399974822998
0.5246000289916992
0.5315999984741211
0.5351999998092651
0.5390999913215637
0.5449000000953674
0.552299976348877
0.5552999973297119
0.5586000084877014
0.5625
0.5649999976158142
0.5674999952316284
0.5708000063896179
0.5708000063896179
0.5755000114440918
0.5770999789237976
0.5813999772071838
0.5830000042915344
0.5827000141143799
0.5849999785423279
0.5848000049591064
0.5875999927520752
0.5925999879837036
0.5913000106811523
0.5932000279426575
0.5953999757766724
0.59579998254776
0.5945000052452087
0.5976999998092651
0.5976999998092651
0.5982999801635742
0.600600004196167
0.599399983882904
0.6022999882698059
0.602400004863739
0.6029999852180481
0.6047000288963318
0.6018000245094299
0.6055999994277954
0.6051999926567078
0.6031000018119812
0.6049000024795532
0.6039999723434448
0.604200005531311
0.6014999747276306
0.6022999882698059
0.6060000061988831
0.6051999926567078
0.6068999767303467
0.6044999957084656
0.6068000197410583
0.6026999950408936
0.6014999747276306
0.6047999858856201
0.6031000018119812
0.6043999791145325
0.6010000109672546
0.6004999876022339
0.6053000092506409
0.6043999791145325
0.6000000238418579
0.6007000207901001
0.603600025177002
0.6010000109672546
0.6003999710083008
0.5996000170707703
0.6007999777793884
0.6004999876022339
0.6007999777793884
0.6019999980926514
0.5997999906539917
0.6007000207901001
0.5979999899864197
0.6015999913215637
0.5979999899864197
0.5983999967575073
0.5985999703407288
0.5983999967575073
0.6000000238418579
0.5996000170707703
0.5968999862670898
