0.10000000149011612
0.10000000149011612
0.18060000240802765
0.2150000035762787
0.23829999566078186
0.25209999084472656
0.2930000126361847
0.3246999979019165
0.34880000352859497
0.37059998512268066
0.38530001044273376
0.3968000113964081
0.39899998903274536
0.4106999933719635
0.41760000586509705
0.4246000051498413
0.430400013923645
0.4357999861240387
0.4426000118255615
0.44830000400543213
0.45649999380111694
0.4603999853134155
0.46810001134872437
0.47600001096725464
0.48069998621940613
0.4936999976634979
0.49390000104904175
0.49810001254081726
0.5055000185966492
0.5116999745368958
0.5115000009536743
0.517799973487854
0.5192000269889832
0.5228999853134155
0.5267000198364258
0.5285999774932861
0.532800018787384
0.5360000133514404
0.5394999980926514
0.5436000227928162
0.548799991607666
0.5508000254631042
0.5536999702453613
0.555400013923645
0.5602999925613403
0.5623999834060669
0.5666000247001648
0.5677000284194946
0.5709999799728394
0.5742999911308289
0.5764999985694885
0.5794000029563904
0.582099974155426
0.5846999883651733
0.5849999785423279
0.588100016117096
0.5928000211715698
0.5932999849319458
0.59579998254776
0.5935999751091003
0.5989999771118164
0.6021999716758728
0.6029999852180481
0.6037999987602234
0.6055999994277954
0.6029000282287598
0.6104000210762024
0.6103000044822693
0.6137999892234802
0.6155999898910522
0.6140000224113464
0.6186000108718872
0.617900013923645
0.6191999912261963
0.619700014591217
0.6230000257492065
0.6227999925613403
0.6205999851226807
0.6251000165939331
0.6252999901771545
0.6269999742507935
0.628600001335144
0.6262999773025513
0.6276999711990356
0.6306999921798706
0.631600022315979
0.6330999732017517
0.631600022315979
0.6330999732017517
0.6327999830245972
0.6363999843597412
0.6348000168800354
0.6334999799728394
0.6371999979019165
0.6398000121116638
0.6378999948501587
0.6419000029563904
0.6417999863624573
0.6425999999046326
0.6401000022888184
