0.10000000149011612
0.19140000641345978
0.2687999904155731
0.29280000925064087
0.33980000019073486
0.36010000109672546
0.3864000141620636
0.40880000591278076
0.4223000109195709
0.4374000132083893
0.45019999146461487
0.4546999931335449
0.4616999924182892
0.47110000252723694
0.478300005197525
0.48069998621940613
0.48919999599456787
0.49729999899864197
0.49570000171661377
0.5012999773025513
0.5095000267028809
0.5101000070571899
0.517799973487854
0.5195000171661377
0.5249999761581421
0.5281000137329102
0.5310999751091003
0.5321999788284302
0.5361999869346619
0.5414999723434448
0.5446000099182129
0.5497000217437744
0.5559999942779541
0.5577999949455261
0.5616999864578247
0.5649999976158142
0.5695000290870667
0.5699999928474426
0.5717999935150146
0.5748999714851379
0.5763999819755554
0.5789999961853027
0.5795000195503235
0.5787000060081482
0.5796999931335449
0.5820000171661377
0.5845000147819519
0.5874999761581421
0.5879999995231628
0.5896000266075134
0.5909000039100647
0.5889999866485596
0.5924000144004822
0.593500018119812
0.5931000113487244
0.5920000076293945
0.5917999744415283
0.5936999917030334
0.59170001745224
0.5946000218391418
0.5942000150680542
0.5953999757766724
0.5968999862670898
0.5963000059127808
0.6003000140190125
0.6015999913215637
0.5954999923706055
0.602400004863739
0.6015999913215637
0.6021999716758728
0.6010000109672546
0.6035000085830688
0.6010000109672546
0.605400025844574
0.6050999760627747
0.6075000166893005
0.6065999865531921
0.6057000160217285
0.6050999760627747
0.6083999872207642
0.6072999835014343
0.6065999865531921
0.6065000295639038
0.6087999939918518
0.604200005531311
0.6071000099182129
0.6062999963760376
0.6068999767303467
0.604200005531311
0.6072999835014343
0.6053000092506409
0.6068000197410583
0.6068999767303467
0.6074000000953674
0.6080999970436096
0.6086000204086304
0.6083999872207642
0.6065000295639038
0.6079000234603882
0.6098999977111816
