0.10000000149011612
0.17000000178813934
0.20499999821186066
0.22920000553131104
0.25459998846054077
0.27869999408721924
0.3100000023841858
0.3221000134944916
0.34549999237060547
0.36250001192092896
0.3880000114440918
0.399399995803833
0.4154999852180481
0.428600013256073
0.4429999887943268
0.44830000400543213
0.4586000144481659
0.4625000059604645
0.46970000863075256
0.46810001134872437
0.48089998960494995
0.48240000009536743
0.48660001158714294
0.49459999799728394
0.4982999861240387
0.4984999895095825
0.505299985408783
0.5112000107765198
0.5134999752044678
0.520799994468689
0.526199996471405
0.5288000106811523
0.5350000262260437
0.536300003528595
0.5436999797821045
0.5411999821662903
0.5479999780654907
0.5546000003814697
0.5562999844551086
0.5618000030517578
0.5616000294685364
0.5683000087738037
0.5708000063896179
0.5748999714851379
0.574999988079071
0.5789999961853027
0.583299994468689
0.5852000117301941
0.589900016784668
0.5914000272750854
0.595300018787384
0.5978999733924866
0.5978999733924866
0.6025000214576721
0.599399983882904
0.6032000184059143
0.6075999736785889
0.61080002784729
0.6103000044822693
0.6132000088691711
0.6172000169754028
0.6173999905586243
0.6190999746322632
0.6169999837875366
0.6159999966621399
0.6190000176429749
0.6216999888420105
0.6222000122070312
0.6263999938964844
0.6283000111579895
0.6273000240325928
0.629800021648407
0.6323000192642212
0.6330000162124634
0.6304000020027161
0.6351000070571899
0.6312000155448914
0.6330999732017517
0.6385999917984009
0.63919997215271
0.6401000022888184
0.6395000219345093
0.6398000121116638
0.6402000188827515
0.6359999775886536
0.6413999795913696
0.6412000060081482
0.6402000188827515
0.6452999711036682
0.6437000036239624
0.6434999704360962
0.6432999968528748
0.6444000005722046
0.6450999975204468
0.6452000141143799
0.6488999724388123
0.6478999853134155
0.6480000019073486
0.6488000154495239
0.646399974822998
