0.10000000149011612
0.19779999554157257
0.28049999475479126
0.3061000108718872
0.3407000005245209
0.3625999987125397
0.38940000534057617
0.40290001034736633
0.42160001397132874
0.4327000081539154
0.450300008058548
0.4571000039577484
0.46970000863075256
0.47690001130104065
0.48080000281333923
0.489300012588501
0.49320000410079956
0.5006999969482422
0.5067999958992004
0.5131000280380249
0.5199999809265137
0.5198000073432922
0.5223000049591064
0.5300999879837036
0.534600019454956
0.5401999950408936
0.5411999821662903
0.5446000099182129
0.5494999885559082
0.5570999979972839
0.5566999912261963
0.5595999956130981
0.5623000264167786
0.5676000118255615
0.5695000290870667
0.5727999806404114
0.57669997215271
0.5784000158309937
0.5792999863624573
0.5860999822616577
0.5866000056266785
0.5891000032424927
0.5906000137329102
0.5888000130653381
0.5909000039100647
0.5934000015258789
0.5950000286102295
0.5943999886512756
0.59579998254776
0.5981000065803528
0.5996000170707703
0.597000002861023
0.5989999771118164
0.5986999869346619
0.6033999919891357
0.597599983215332
0.5997999906539917
0.6014000177383423
0.6011000275611877
0.5995000004768372
0.6007000207901001
0.603600025177002
0.6043000221252441
0.6021000146865845
0.6057000160217285
0.6035000085830688
0.6049000024795532
0.6057999730110168
0.6031000018119812
0.6055999994277954
0.6050999760627747
0.6025000214576721
0.6069999933242798
0.6036999821662903
0.6039000153541565
0.6051999926567078
0.6025999784469604
0.5982999801635742
0.6011999845504761
0.6010000109672546
0.6013000011444092
0.6014999747276306
0.6008999943733215
0.6015999913215637
0.5996999740600586
0.6032999753952026
0.6022999882698059
0.6018999814987183
0.6035000085830688
0.6008999943733215
0.6014999747276306
0.6035000085830688
0.6022999882698059
0.6017000079154968
0.6007000207901001
0.600600004196167
0.6039999723434448
0.6044999957084656
0.6015999913215637
0.6022999882698059
