0.10000000149011612
0.10679999738931656
0.19290000200271606
0.23720000684261322
0.2522999942302704
0.2624000012874603
0.2754000127315521
0.3122999966144562
0.33469998836517334
0.3596999943256378
0.3686000108718872
0.3882000148296356
0.39719998836517334
0.40540000796318054
0.4165000021457672
0.4235999882221222
0.43529999256134033
0.44699999690055847
0.4544000029563904
0.4627000093460083
0.4731000065803528
0.4790000021457672
0.48820000886917114
0.49149999022483826
0.5012999773025513
0.5059000253677368
0.5130000114440918
0.5157999992370605
0.5227000117301941
0.5223000049591064
0.5289999842643738
0.5342000126838684
0.5385000109672546
0.5436000227928162
0.5486999750137329
0.5521000027656555
0.557699978351593
0.5602999925613403
0.5666999816894531
0.5720999836921692
0.5730000138282776
0.5778999924659729
0.5777999758720398
0.585099995136261
0.5878000259399414
0.5867999792098999
0.5922999978065491
0.597100019454956
0.599399983882904
0.5997999906539917
0.6017000079154968
0.6082000136375427
0.6062999963760376
0.613099992275238
0.6164000034332275
0.6187999844551086
0.6168000102043152
0.6223999857902527
0.6238999962806702
0.6237000226974487
0.6269999742507935
0.626800000667572
0.6302000284194946
0.6344000101089478
0.6352999806404114
0.6310999989509583
0.6403999924659729
0.6407999992370605
0.640999972820282
0.6395000219345093
0.6453999876976013
0.646399974822998
0.644599974155426
0.6478999853134155
0.6496999859809875
0.6492999792098999
0.6521000266075134
0.6553000211715698
0.6567000150680542
0.6549999713897705
0.6575999855995178
0.6567999720573425
0.6593000292778015
0.6624000072479248
0.6636000275611877
0.6604999899864197
0.657800018787384
0.6608999967575073
0.6662999987602234
0.6650000214576721
0.6672000288963318
0.6664999723434448
0.6664000153541565
0.666100025177002
0.6675999760627747
0.6693000197410583
0.6682999730110168
0.6680999994277954
0.669700026512146
0.6671000123023987
