11.812302182272282
11.090150885838087
10.913984318764344
11.86079840207224
9.386351262326057
12.365458256293556
10.597402411371709
10.913984318764344
10.327740873802194
9.056719709837399
12.365458256293556
9.386351262326057
9.916214792884741
10.490943502202905
8.878898405748597
9.916214792884741
9.34152404622463
9.610521170839332
10.043735283187791
10.043735283187791
9.125719088865731
9.104901956728638
9.798301752807056
9.798301752807056
9.386351262326057
9.104901956728638
10.327740873802194
9.125719088865731
8.659679241185577
9.125719088865731
9.006024211969558
8.878898405748597
8.878898405748597
9.386351262326057
8.775993044697847
8.659679241185577
9.560699979144756
8.659679241185577
10.327740873802194
8.543716901171306
8.775993044697847
9.03425252587116
9.056719709837399
8.659679241185577
9.125719088865731
8.543716901171306
9.104901956728638
9.03425252587116
9.03425252587116
9.386351262326057
9.610521170839332
9.006024211969558
8.543716901171306
9.03425252587116
9.006024211969558
9.056719709837399
9.386351262326057
9.03425252587116
8.775993044697847
9.798301752807056
9.056719709837399
8.659679241185577
9.056719709837399
9.056719709837399
9.104901956728638
9.386351262326057
9.056719709837399
8.659679241185577
9.104901956728638
8.775993044697847
8.775993044697847
9.34152404622463
9.560699979144756
9.386351262326057
8.659679241185577
9.104901956728638
9.125719088865731
8.775993044697847
8.543716901171306
10.521903055469997
9.03425252587116
9.117163233367018
9.560699979144756
9.03425252587116
8.878898405748597
8.351531889386708
9.34152404622463
9.104901956728638
9.386351262326057
9.560699979144756
9.117163233367018
9.104901956728638
9.34152404622463
9.056719709837399
9.006024211969558
9.125719088865731
9.798301752807056
10.395070377373605
10.597402411371709
8.775993044697847
